1	28	28	26.5084	27.553	1.55711
1	30	28	28.6021	27.5253	1.47633
1	32	28	31.7495	26.4592	1.56101
1	34	28	32.7227	27.5402	1.35754
1	36	28	36.3424	26.7298	1.31558
1	38	28	37.8084	26.4644	1.54755
1	40	28	39.8842	26.5308	1.47379
1	42	28	42.0428	26.7242	1.27656
1	44	28	43.5421	27.5742	0.625279
1	46	28	45.9417	24.8535	3.14704
1	48	28	48.9561	25.9589	2.25397
1	50	28	49.6342	27.6159	0.530372
1	52	28	51.8165	27.7859	0.281957
1	54	28	53.9363	27.9164	0.105128
1	56	28	56.8446	26.3654	1.83994
1	58	28	58.1446	28.251	0.289704
1	60	28	60.1268	25.2178	2.78504
1	62	28	62.5936	26.7015	1.42781
1	64	28	64.0672	25.1693	2.83154
1	66	28	66.3487	26.9946	1.06417
1	68	28	67.936	27.3559	0.647262
1	70	28	69.237	48.4546	20.4689
1	72	28	71.9249	28.7256	0.729464
1	74	28	73.5815	27.9052	0.429066
1	76	28	75.8198	25.806	2.20137
1	78	28	77.5465	26.4772	1.58885
1	80	28	79.6858	25.7215	2.30004
1	82	28	76.7335	50.2714	22.8856
1	84	28	83.6859	25.4604	2.55893
1	86	28	85.4593	30.1325	2.19994
1	88	28	88.6455	27.2079	1.0218
1	90	28	90.7621	27.1957	1.10799
1	92	28	93.0869	26.7409	1.66335
1	94	28	95.3074	26.856	1.73721
1	96	28	94.0596	26.9964	2.18459
1	98	28	97.7715	28.6652	0.703343
1	100	28	101.109	28.0105	1.10888
1	102	28	103.35	28.5147	1.44479
1	104	28	106.388	26.8014	2.67223
1	106	28	107.293	27.9988	1.29326
1	108	28	107.816	26.456	1.55493
1	110	28	109.73	26.3107	1.71073
1	112	28	112.338	27.1209	0.941855
1	114	28	114.441	27.0102	1.08374
1	116	28	117.742	27.931	1.74294
1	118	28	116	27.9253	2.00132
1	120	28	120.136	26.7171	1.29011
1	122	28	122.735	27.0877	1.17138
1	124	28	124.382	27.0745	1.00127
1	126	28	128.195	27.874	2.19901
1	128	28	131.304	29.8271	3.77579
1	130	28	131.128	27.3058	1.3248
1	132	28	134.314	28.3834	2.34517
1	134	28	137.092	29.0695	3.27135
1	28	30	29.4656	29.9892	1.46566
1	30	30	31.3966	29.9902	1.39659
1	32	30	33.3229	30	1.32294
1	34	30	31.6328	26.4704	4.24991
1	36	30	37.1917	30.0144	1.19179
1	38	30	38.2168	29.0372	0.986877
1	40	30	39.9116	28.6703	1.33262
1	42	30	42.3398	37.2592	7.2672
1	44	30	44.1442	28.9519	1.05794
1	46	30	47.24	30.9263	1.54777
1	48	30	47.6636	29.622	0.506029
1	50	30	49.7046	29.7176	0.408628
1	52	30	51.8527	29.8446	0.21412
1	54	30	54.21	30.2493	0.325979
1	56	30	56.2872	30.3897	0.484122
1	58	30	58.3461	30.5477	0.647914
1	60	30	59.7825	29.5808	0.472305
1	62	30	62.4269	31.0118	1.09818
1	64	30	63.2479	19.6518	10.3755
1	66	30	66.2674	24.6848	5.32192
1	68	30	67.9103	29.1596	0.845138
1	70	30	69.9746	27.816	2.18411
1	72	30	71.9219	32.2639	2.26522
1	74	30	74.5437	27.4318	2.62515
1	76	30	76.0022	30.0139	0.0140486
1	78	30	79.2582	27.0123	3.24185
1	80	30	80.1707	31.5609	1.57025
1	82	30	68.0992	42.4638	18.6702
1	84	30	68.1705	43.6078	20.8745
1	86	30	87.7298	27.9458	2.68551
1	88	30	66.776	46.82	27.0808
1	90	30	86.0928	58.5294	28.7957
1	92	30	89.5653	33.5039	4.26676
1	94	30	88.5111	38.326	9.97243
1	96	30	96.0317	30.9693	0.969849
1	98	30	95.3091	28.3247	3.16976
1	100	30	101.09	29.9263	1.09291
1	102	30	103.167	29.9819	1.16672
1	104	30	105.231	29.9897	1.23091
1	106	30	106.879	29.5334	0.995524
1	108	30	109.365	30.0079	1.36528
1	110	30	111.446	30.0101	1.44575
1	112	30	113.526	30.0136	1.52588
1	114	30	115.612	30.0134	1.61167
1	116	30	117.715	30.0442	1.71581
1	118	30	119.76	29.9891	1.76037
1	120	30	121.902	30.0699	1.90339
1	122	30	124.179	30.2012	2.18834
1	124	30	126.169	30.156	2.17497
1	126	30	128.551	30.367	2.57694
1	128	30	131.724	29.219	3.80474
1	130	30	132.314	29.7709	2.32553
1	132	30	135.211	30.8674	3.32561
1	134	30	138.11	31.0489	4.24198
1	28	32	28.0863	31.0377	0.96621
1	30	32	31.4202	31.968	1.42054
1	32	32	33.3681	31.9556	1.36884
1	34	32	35.2622	31.9769	1.2624
1	36	32	36.0908	30.9339	1.06996
1	38	32	37.2765	31.6292	0.812967
1	40	32	39.3316	31.6276	0.765105
1	42	32	42.0001	31.0267	0.973302
1	44	32	44.1492	31.0133	0.99791
1	46	32	46.0598	30.9501	1.05157
1	48	32	47.738	31.7304	0.375951
1	50	32	49.6613	31.6983	0.453577
1	52	32	51.9426	31.9441	0.080104
1	54	32	54.2053	32.2181	0.299533
1	56	32	56.5192	32.6304	0.816652
1	58	32	57.6531	31.4767	0.627825
1	60	32	49.2703	59.0422	29.0931
1	62	32	61.6307	31.1389	0.936911
1	64	32	59.6408	48.5492	17.1137
1	66	32	63.6015	4.06944	28.0334
1	68	32	57.5627	35.397	10.9762
1	70	32	69.1311	35.4242	3.53272
1	72	32	71.8469	33.39	1.39842
1	74	32	74.0325	31.881	0.123341
1	76	32	77.3338	28.2209	4.00758
1	78	32	78.9244	30.0356	2.17101
1	80	32	80.6786	30.8464	1.3384
1	82	32	82.3291	31.5343	0.570259
1	84	32	85.3172	34.0226	2.41368
1	86	32	73.8807	42.7967	16.231
1	88	32	87.6146	32.3685	0.533254
1	90	32	89.6176	32.4679	0.604306
1	92	32	91.7137	32.6605	0.719906
1	94	32	95.4638	31.0389	1.75115
1	96	32	95.8523	32.8473	0.860078
1	98	32	100.959	36.083	5.04243
1	100	32	100.054	33.06	1.06132
1	102	32	103.176	31.9734	1.17612
1	104	32	104.058	33.0643	1.06591
1	106	32	105.188	32.3785	0.896137
1	108	32	111.008	30.676	3.28642
1	110	32	-38.9657	304.295	310.379
1	112	32	112.046	33.1085	1.10946
1	114	32	114.052	33.123	1.12415
1	116	32	121.411	38.6271	8.55556
1	118	32	116.737	32.3935	1.3228
1	120	32	119.984	33.1383	1.13836
1	122	32	121.943	33.1496	1.15106
1	124	32	126.213	32.1725	2.21929
1	126	32	127.409	31.4956	1.49672
1	128	32	130.536	32.3018	2.55367
1	130	32	132.412	32.2167	2.42123
1	132	32	134.655	32.2038	2.66275
1	134	32	136.695	33.0486	2.89223
1	28	34	29.9402	33.4651	2.01264
1	30	34	31.907	32.1432	2.66171
1	32	34	31.9521	32.9639	1.03721
1	34	34	32.8787	33.8418	1.1324
1	36	34	35.1269	33.6933	0.925453
1	38	34	38.0199	32.9364	1.06383
1	40	34	40.0203	32.9379	1.06228
1	42	34	41.4448	33.5346	0.72446
1	44	34	44.0324	32.9407	1.05976
1	46	34	46.0205	32.9106	1.08958
1	48	34	49.7337	35.3231	2.18089
1	50	34	51.3322	34.9863	1.6576
1	52	34	52.2409	34.1522	0.284948
1	54	34	54.1705	34.1585	0.232811
1	56	34	56.3582	34.3838	0.524964
1	58	34	58.703	34.8788	1.12536
1	60	34	60.66	34.99	1.18986
1	62	34	55.0429	56.4203	23.4749
1	64	34	67.1381	48.3268	14.6665
1	66	34	65.6545	32.7043	1.341
1	68	34	68.3279	36.4595	2.48128
1	70	34	69.9994	36.7141	2.71406
1	72	34	71.5968	37.0242	3.05093
1	74	34	75.1713	29.6078	4.54566
1	76	34	77.2084	30.9789	3.2538
1	78	34	79.2209	31.7109	2.59432
1	80	34	83.5518	34.9302	3.67159
1	82	34	81.9434	36.4055	2.40616
1	84	34	84.3392	33.6366	0.497139
1	86	34	85.8196	34.1718	0.24908
1	88	34	87.8608	34.1976	0.241703
1	90	34	89.7268	34.5218	0.58897
1	92	34	91.7397	34.7511	0.794922
1	94	34	94.1578	34.3282	0.364179
1	96	34	95.9743	34.8961	0.896431
1	98	34	97.9791	35.0609	1.06114
1	100	34	99.9825	35.0618	1.06191
1	102	34	101.983	35.0641	1.06419
1	104	34	103.983	35.0699	1.07002
1	106	34	105.982	35.0788	1.07894
1	108	34	108.037	35.1359	1.13653
1	110	34	107.452	32.6136	2.90039
1	112	34	113.44	34.1339	1.44645
1	114	34	113.98	35.1252	1.12535
1	116	34	115.929	35.1146	1.11691
1	118	34	120.027	34.2724	2.04513
1	120	34	121.905	34.3495	1.93689
1	122	34	125.572	35.4132	3.84131
1	124	34	126.318	34.3324	2.34191
1	126	34	128.097	34.0202	2.09687
1	128	34	120.863	31.1574	7.68259
1	130	34	132.271	33.9883	2.2714
1	132	34	134.512	34.0678	2.51315
1	134	34	136.756	34.5408	2.80814
1	28	36	29.7474	35.6737	1.77757
1	30	36	31.426	36.0004	1.42601
1	32	36	31.8907	34.9585	1.04724
1	34	36	33.9264	34.942	1.06053
1	36	36	35.0566	35.7447	0.977367
1	38	36	37.9472	34.9394	1.06192
1	40	36	39.9506	34.9404	1.06072
1	42	36	41.3503	35.6292	0.74808
1	44	36	43.9911	34.974	1.02607
1	46	36	46.0395	35.0206	0.980215
1	48	36	48.2355	35.2829	0.754746
1	50	36	51.2867	36.8221	1.52686
1	52	36	61.0974	51.8307	18.2585
1	54	36	54.416	36.3133	0.520744
1	56	36	56.2339	36.2162	0.318481
1	58	36	57.9992	35.9991	0.00118439
1	60	36	65.6581	51.2224	16.2399
1	62	36	62.374	36.6077	0.713572
1	64	36	64.7676	37.6632	1.83184
1	66	36	66.6792	38.2002	2.30269
1	68	36	68.367	38.3855	2.41358
1	70	36	69.9998	38.6625	2.66255
1	72	36	71.5373	39.0078	3.04314
1	74	36	75.0551	32.571	3.58769
1	76	36	77.044	33.7379	2.49141
1	78	36	79.062	34.2742	2.02638
1	80	36	81.0973	34.5735	1.79969
1	82	36	82.1008	38.0944	2.09679
1	84	36	84.8485	35.2123	1.15775
1	86	36	86.3523	35.7402	0.437757
1	88	36	88.8077	35.4628	0.970062
1	90	36	90.5285	35.9164	0.535072
1	92	36	91.8389	36.889	0.903478
1	94	36	93.8686	36.9739	0.982672
1	96	36	95.9253	37.0492	1.05185
1	98	36	97.9122	37.0612	1.0648
1	100	36	99.9124	37.0587	1.06227
1	102	36	101.415	36.5377	0.794599
1	104	36	103.913	37.0671	1.07063
1	106	36	105.913	37.0728	1.07625
1	108	36	107.907	37.0832	1.08719
1	110	36	110.957	36.4893	1.07476
1	112	36	84.549	17.0089	33.38
1	114	36	115.907	36.4562	1.96052
1	116	36	117.694	36.0432	1.69492
1	118	36	119.77	36.0435	1.77053
1	120	36	119.775	37.103	1.12567
1	122	36	124.505	36.5507	2.56489
1	124	36	126.678	36.6068	2.74609
1	126	36	125.623	37.1265	1.18797
1	128	36	129.529	35.5256	1.60121
1	130	36	132.321	36.483	2.37095
1	132	36	135.4	36.9229	3.52267
1	134	36	136.959	35.9253	2.96015
1	28	38	27.5564	37.0344	1.0626
1	30	38	31.4472	38.0002	1.44721
1	32	38	31.8623	36.929	1.0798
1	34	38	33.8327	36.9689	1.04454
1	36	38	34.9763	37.8097	1.0412
1	38	38	37.4396	37.3961	0.82382
1	40	38	39.2781	37.634	0.809403
1	42	38	41.9554	37.0174	0.983586
1	44	38	43.9774	37.0368	0.963448
1	46	38	45.4137	37.7381	0.642099
1	48	38	49.2571	38.5938	1.39027
1	50	38	51.1962	38.6467	1.35981
1	52	38	51.5404	37.7171	0.539709
1	54	38	43.9077	57.1283	21.6274
1	56	38	56.0362	38.024	0.0434391
1	58	38	58.0786	38.0717	0.106366
1	60	38	60.6744	38.7418	1.00258
1	62	38	62.8891	39.2226	1.51171
1	64	38	64.813	39.4906	1.69788
1	66	38	66.7456	40.0502	2.18157
1	68	38	68.4191	40.3053	2.34305
1	70	38	70	40.613	2.61296
1	72	38	71.4533	41.007	3.05627
1	74	38	71.8779	50.2964	12.4782
1	76	38	76.8934	36.3622	1.86563
1	78	38	74.7198	52.136	14.5116
1	80	38	75.752	52.7498	15.3493
1	82	38	76.0051	52.8345	16.0001
1	84	38	83.7485	39.1444	1.17169
1	86	38	86.9212	37.3782	1.11141
1	88	38	88.4954	37.8967	0.506062
1	90	38	91.0193	37.5926	1.09771
1	92	38	91.9133	38.9594	0.963275
1	94	38	94.1163	38.7796	0.788185
1	96	38	95.8488	39.0536	1.06437
1	98	38	97.8422	39.0524	1.06416
1	100	38	99.8421	39.0504	1.06219
1	102	38	70.8086	49.3708	33.1994
1	104	38	103.843	39.0605	1.07205
1	106	38	105.842	39.0678	1.07943
1	108	38	108.377	39.2549	1.31036
1	110	38	110.26	38.9474	0.982504
1	112	38	111.799	39.0768	1.09539
1	114	38	113.765	39.0692	1.09472
1	116	38	118.192	38.6107	2.27594
1	118	38	118.994	37.2782	1.2285
1	120	38	119.781	39.1378	1.15878
1	122	38	121.619	39.0672	1.13314
1	124	38	127.671	39.5152	3.97098
1	126	38	118.302	42.6272	8.98124
1	128	38	132.138	39.6615	4.4594
1	130	38	134.264	39.6456	4.57006
1	132	38	132.826	39.3709	1.60063
1	134	38	134.022	39.4808	1.48098
1	28	40	29.0839	40.4883	1.18885
1	30	40	31.4735	39.9974	1.47349
1	32	40	33.4296	40.0249	1.42981
1	34	40	33.704	39.0361	1.0083
1	36	40	35.7585	38.9978	1.03089
1	38	40	37.7953	38.994	1.02664
1	40	40	39.8343	39.0213	0.99261
1	42	40	41.9274	39.079	0.923836
1	44	40	43.9382	39.0725	0.929573
1	46	40	45.8123	38.9362	1.0802
1	48	40	47.8207	38.9227	1.09216
1	50	40	50.2362	39.4837	0.567796
1	52	40	52.4911	39.8868	0.504003
1	54	40	54.1846	39.9502	0.191223
1	56	40	55.8388	39.8919	0.194099
1	58	40	58.0885	40.0647	0.109612
1	60	40	60.504	41.628	1.70424
1	62	40	61.3061	42.3987	2.49701
1	64	40	62.7398	43.6055	3.81943
1	66	40	66.7307	41.6441	1.79919
1	68	40	68.4921	42.2142	2.26824
1	70	40	70	42.5653	2.56525
1	72	40	71.3261	43.0328	3.10675
1	74	40	72.4809	50.6648	10.7724
1	76	40	76.7573	38.864	1.36527
1	78	40	74.6938	52.031	12.477
1	80	40	80.8007	39.2794	1.0772
1	82	40	82.8478	39.3642	1.05973
1	84	40	84.9282	39.4036	1.10333
1	86	40	87.555	39.0672	1.81333
1	88	40	89.0005	39.5507	1.09672
1	90	40	90.592	40.1349	0.607168
1	92	40	93.2497	39.5143	1.3408
1	94	40	95.3126	39.5612	1.38403
1	96	40	95.7837	41.0351	1.05744
1	98	40	71.0327	49.4752	28.5834
1	100	40	99.455	40.6409	0.841302
1	102	40	101.772	41.0408	1.06552
1	104	40	103.768	41.0425	1.06796
1	106	40	105.821	41.1097	1.124
1	108	40	107.933	41.2284	1.23022
1	110	40	118.622	4.11111	36.9101
1	112	40	113.571	40.0455	1.57184
1	114	40	113.686	41.049	1.0951
1	116	40	118.402	41.5673	2.86805
1	118	40	117.592	41.0238	1.10199
1	120	40	121.934	40.138	1.93872
1	122	40	71.7063	48.8243	51.062
1	124	40	114.361	34.703	10.9987
1	126	40	125.693	41.238	1.27557
1	128	40	134.301	43.5815	7.24817
1	130	40	134.722	42.0972	5.16711
1	132	40	132.263	41.5241	1.54652
1	134	40	133.995	38.2003	1.7997
1	28	42	28.0231	43.9366	1.93671
1	30	42	29.3988	41.2302	0.976734
1	32	42	70.7464	47.3808	39.1182
1	34	42	33.3281	41.3658	0.923962
1	36	42	35.6355	41.0975	0.973357
1	38	42	37.707	41.0903	0.955668
1	40	42	39.6964	41.0216	1.02446
1	42	42	41.722	40.9991	1.03878
1	44	42	43.7497	40.9899	1.0407
1	46	42	45.7954	41.008	1.01289
1	48	42	48.019	41.2237	0.77649
1	50	42	50.3433	41.5928	0.532624
1	52	42	52.4638	41.7823	0.512403
1	54	42	54.2295	41.5085	0.542409
1	56	42	56.8807	42.5408	1.03353
1	58	42	56.8864	38.8868	3.3064
1	60	42	60.3557	41.729	0.447124
1	62	42	71.564	48.0868	11.3366
1	64	42	64.0464	44.7041	2.70453
1	66	42	66.5845	43.0229	1.17807
1	68	42	68.601	44.1035	2.1877
1	70	42	70	44.517	2.51703
1	72	42	71.2181	44.7366	2.84613
1	74	42	74.6187	40.9172	1.24712
1	76	42	76.6342	41.2601	0.974497
1	78	42	78.6514	41.43	0.865541
1	80	42	80.6994	41.5104	0.853774
1	82	42	82.7543	41.5601	0.873164
1	84	42	84.8186	41.5912	0.914967
1	86	42	86.8916	41.6116	0.972526
1	88	42	88.9198	41.6863	0.971869
1	90	42	91.0294	41.6693	1.08118
1	92	42	92.7133	42.0742	0.717157
1	94	42	71.24	49.5723	23.9866
1	96	42	95.7996	42.945	0.965989
1	98	42	97.7264	43.0011	1.03786
1	100	42	99.7768	42.9645	0.989978
1	102	42	101.711	43.0085	1.04901
1	104	42	103.707	43.0311	1.07188
1	106	42	105.678	43.0168	1.06657
1	108	42	107.968	43.3334	1.33382
1	110	42	108.729	42.1134	1.27647
1	112	42	113.331	39.9281	2.46256
1	114	42	116.16	43.7022	2.74984
1	116	42	116.978	41.3374	1.18157
1	118	42	120.949	43.3117	3.22801
1	120	42	123.297	43.5434	3.64038
1	122	42	121.355	42.9371	1.13745
1	124	42	129.969	45.8378	7.09659
1	126	42	124.958	42.7358	1.27518
1	128	42	127.164	42.9434	1.26078
1	130	42	136.947	46.09	8.06185
1	132	42	127.44	43.0968	4.68988
1	134	42	134.016	43.389	1.38905
1	28	44	26.2438	44.2265	1.77075
1	30	44	28.2853	44.2684	1.73562
1	32	44	31.7192	42.8972	1.13798
1	34	44	35.3252	43.9848	1.32528
1	36	44	35.476	43.1925	0.962632
1	38	44	37.5497	43.1254	0.983752
1	40	44	39.5986	43.079	1.00465
1	42	44	41.6355	43.0493	1.01813
1	44	44	43.676	43.0374	1.01563
1	46	44	45.7742	43.087	0.940542
1	48	44	47.8795	43.1612	0.847415
1	50	44	50.3895	43.6828	0.502368
1	52	44	52.4373	43.7776	0.490596
1	54	44	54.7093	44.1809	0.732015
1	56	44	56.6734	44.2314	0.712057
1	58	44	58.6177	44.2545	0.668045
1	60	44	60.5633	44.2804	0.629279
1	62	44	62.1886	43.4113	0.618197
1	64	44	64.7636	45.334	1.53708
1	66	44	66.4753	44.5942	0.760912
1	68	44	68.7811	45.9527	2.10309
1	70	44	70	45.8419	1.84189
1	72	44	78.6691	27.3272	17.9572
1	74	44	74.5087	43.3641	0.814384
1	76	44	76.5287	43.5594	0.688237
1	78	44	78.556	43.6525	0.655691
1	80	44	80.5996	43.7003	0.670313
1	82	44	82.6532	43.7281	0.707497
1	84	44	84.7163	43.745	0.760318
1	86	44	86.7878	43.7561	0.824693
1	88	44	88.7961	43.8407	0.811848
1	90	44	91.5403	43.199	1.73607
1	92	44	92.9598	43.8532	0.970939
1	94	44	94.4904	44.3138	0.582258
1	96	44	96.306	44.4953	0.582195
1	98	44	97.8571	44.8368	0.848887
1	100	44	99.738	44.9202	0.956756
1	102	44	101.645	44.9696	1.03256
1	104	44	103.657	44.9927	1.05037
1	106	44	106.598	46.1395	2.22134
1	108	44	114.72	52.7872	11.0625
1	110	44	120.711	56.5585	16.5056
1	112	44	112.383	45.8171	1.85701
1	114	44	115.846	44.2802	1.86733
1	116	44	118.771	45.6922	3.24721
1	118	44	119.026	45.842	2.10865
1	120	44	121.419	45.6833	2.20176
1	122	44	125.008	45.3058	3.27943
1	124	44	123.405	45.0382	1.19639
1	126	44	125.333	45.0198	1.21831
1	128	44	131.012	44.8521	3.13028
1	130	44	132.572	44.3626	2.5976
1	132	44	134.57	44.2803	2.58572
1	134	44	139.31	46.6744	5.94524
1	28	46	26.2468	46.2378	1.76928
1	30	46	28.2582	46.3104	1.76928
1	32	46	30.2893	46.3657	1.74935
1	34	46	33.6286	45.041	1.02838
1	36	46	35.4601	45.1585	0.999792
1	38	46	37.4156	45.2343	0.963207
1	40	46	39.4935	45.1521	0.987666
1	42	46	41.5503	45.1267	0.982312
1	44	46	43.6222	45.1229	0.954957
1	46	46	45.719	45.1519	0.893442
1	48	46	47.8413	45.219	0.796924
1	50	46	50.3764	45.7002	0.481171
1	52	46	52.8023	46.1866	0.8237
1	54	46	54.6246	46.076	0.629173
1	56	46	56.5986	46.1279	0.612159
1	58	46	58.5362	46.1291	0.551542
1	60	46	60.4921	46.1504	0.514521
1	62	46	61.0293	42.7794	3.36375
1	64	46	64.0257	44.9455	1.05478
1	66	46	66.3943	46.2957	0.492864
1	68	46	67.8194	47.581	1.59131
1	70	46	68.2731	47.8989	2.56672
1	72	46	72.4021	45.3969	0.72489
1	74	46	74.4108	45.6919	0.513477
1	76	46	76.4332	45.7834	0.484325
1	78	46	78.4644	45.8259	0.495944
1	80	46	80.5077	45.8478	0.530049
1	82	46	82.5609	45.8601	0.578073
1	84	46	84.6233	45.8673	0.637264
1	86	46	86.6939	45.8725	0.705542
1	88	46	88.7713	45.8778	0.780945
1	90	46	90.8539	45.8846	0.861687
1	92	46	92.9422	45.8923	0.948379
1	94	46	95.0699	45.8759	1.07705
1	96	46	96.3966	46.4052	0.566985
1	98	46	98.3636	46.4482	0.577131
1	100	46	100.042	46.659	0.66029
1	102	46	101.521	46.8251	0.953806
1	104	46	103.42	46.807	0.9936
1	106	46	85.3626	56.7565	23.2723
1	108	46	106.6	46.0359	1.40091
1	110	46	110.731	48.3103	2.42304
1	112	46	114.279	49.8761	4.49622
1	114	46	115.901	46.3407	1.93136
1	116	46	118.01	46.3894	2.04691
1	118	46	120.62	47.3722	2.95772
1	120	46	121.607	47.6756	2.32137
1	122	46	124.304	46.4595	2.34958
1	124	46	127.46	47.7596	3.88169
1	126	46	128.41	46.395	2.44196
1	128	46	130.492	46.3903	2.52248
1	130	46	148.294	60.8656	23.5721
1	132	46	138.956	50.2195	8.13537
1	134	46	136.524	46.1793	2.53036
1	28	48	26.2468	48.2487	1.77076
1	30	48	29.9611	46.5406	1.45995
1	32	48	31.652	46.9383	1.11732
1	34	48	33.602	47.0993	0.984768
1	36	48	35.6596	47.147	0.918439
1	38	48	37.6252	47.2124	0.87225
1	40	48	39.409	47.2131	0.984106
1	42	48	41.4546	47.2227	0.949589
1	44	48	43.5475	47.209	0.91125
1	46	48	45.6471	47.2183	0.857693
1	48	48	47.7498	47.248	0.792498
1	50	48	51.4225	48.8018	1.63291
1	52	48	53.3304	48.6567	1.48365
1	54	48	54.587	48.034	0.588005
1	56	48	56.5189	48.033	0.519906
1	58	48	58.5466	48.1541	0.567933
1	60	48	60.556	48.2763	0.620913
1	62	48	62.3518	48.0149	0.352101
1	64	48	64.3423	48.0571	0.347053
1	66	48	66.3196	48.0799	0.329404
1	68	48	68.305	48.1525	0.341046
1	70	48	69.3362	49.2917	1.45228
1	72	48	72.3123	47.8439	0.349134
1	74	48	74.3256	47.9186	0.335619
1	76	48	76.3493	47.9418	0.354134
1	78	48	78.3822	47.9522	0.385143
1	80	48	80.4255	47.9575	0.427569
1	82	48	82.4783	47.9604	0.479943
1	84	48	84.5403	47.9623	0.541638
1	86	48	86.6107	47.9644	0.611755
1	88	48	88.6894	47.9668	0.69016
1	90	48	90.7759	47.9698	0.776509
1	92	48	92.9407	47.9247	0.943696
1	94	48	95.7127	47.5184	1.77915
1	96	48	97.0842	47.9721	1.08459
1	98	48	98.3594	48.4288	0.55952
1	100	48	101.342	47.9916	1.34171
1	102	48	103.408	48.0279	1.40802
1	104	48	69.4735	47.8163	34.527
1	106	48	72.3746	47.9593	33.6254
1	108	48	109.604	48.1472	1.61073
1	110	48	100.132	38.1249	13.9602
1	112	48	113.608	48.0355	1.60856
1	114	48	112.478	48.0023	1.52238
1	116	48	116.428	50.006	2.05105
1	118	48	119.341	50.0046	2.41174
1	120	48	122.331	50.2844	3.2637
1	122	48	121.924	45.8506	2.15073
1	124	48	126.406	48.4904	2.45587
1	126	48	126.013	45.9585	2.04154
1	128	48	129.383	47.311	1.54507
1	130	48	135.371	51.0735	6.18825
1	132	48	129.58	47.959	2.42016
1	134	48	133.407	46.3541	1.74957
1	28	50	27.984	48.444	1.55613
1	30	50	29.786	48.7224	1.29539
1	32	50	30.2695	50.4051	1.77729
1	34	50	32.1063	50.2978	1.91693
1	36	50	37.7078	49.8674	1.71291
1	38	50	39.5595	49.9556	1.56017
1	40	50	39.7282	49.3354	0.718005
1	42	50	41.8501	49.4136	0.605264
1	44	50	44.1033	49.526	0.485169
1	46	50	59.6514	36.3236	19.3237
1	48	50	48.4671	49.8143	0.502645
1	50	50	51.0546	50.7513	1.29482
1	52	50	52.2323	49.6744	0.399978
1	54	50	54.7497	50.1767	0.77029
1	56	50	56.2402	49.743	0.351783
1	58	50	58.2077	49.7367	0.335331
1	60	50	60.5552	50.273	0.618687
1	62	50	62.2904	49.9347	0.297657
1	64	50	64.2741	49.9543	0.277893
1	66	50	66.2519	49.937	0.259656
1	68	50	68.2395	49.8802	0.267783
1	70	50	70.2706	49.1183	0.922348
1	72	50	72.2367	50.1183	0.264636
1	74	50	74.2522	50.063	0.259931
1	76	50	76.2764	50.0461	0.280252
1	78	50	78.3099	50.0388	0.312331
1	80	50	80.3531	50.0353	0.354815
1	82	50	82.405	50.0346	0.406517
1	84	50	84.4679	50.0337	0.469129
1	86	50	86.5388	50.0351	0.539963
1	88	50	88.6177	50.0379	0.618818
1	90	50	90.674	50.0398	0.675206
1	92	50	82.4537	31.3287	20.9702
1	94	50	96.4267	0.0683676	49.9906
1	96	50	97.8132	49.7195	1.83472
1	98	50	96.4544	47.2298	3.1722
1	100	50	99.4621	50.6003	0.80604
1	102	50	101.44	50.1614	0.58307
1	104	50	103.024	50.4915	1.09319
1	106	50	107.594	50.1626	1.6018
1	108	50	109.585	50.1143	1.5896
1	110	50	111.645	50.1322	1.65022
1	112	50	113.29	53.131	3.38641
1	114	50	108.879	46.097	6.43875
1	116	50	117.993	50.3587	2.02527
1	118	50	120.147	50.4648	2.19681
1	120	50	122.222	50.4684	2.27126
1	122	50	118.79	44.1387	6.6828
1	124	50	124.375	51.978	2.01325
1	126	50	123.703	49.7224	2.31407
1	128	50	125.578	49.6999	2.44084
1	130	50	127.465	49.6869	2.55438
1	132	50	134.483	50.2448	2.49493
1	134	50	133.96	47.8704	2.13
1	28	52	26.2	52.2244	1.81392
1	30	52	28.0438	52.1134	1.9595
1	32	52	33.8503	51.7238	1.87081
1	34	52	30.8997	51.0569	3.24061
1	36	52	37.8341	51.7682	1.8487
1	38	52	35.4236	51.6627	2.59838
1	40	52	39.4867	51.2907	0.875556
1	42	52	44.5943	52.426	2.62907
1	44	52	44.9535	52.2197	0.978461
1	46	52	46.4041	51.8123	0.445523
1	48	52	48.7258	52.0263	0.726241
1	50	52	50.6287	51.9094	0.635148
1	52	52	53.319	52.5002	1.41067
1	54	52	54.4669	51.9179	0.47409
1	56	52	71.3015	53.4864	15.3735
1	58	52	74.6238	69.0359	23.8028
1	60	52	60.2964	51.9268	0.305255
1	62	52	62.2456	51.9079	0.262309
1	64	52	64.2141	51.893	0.239334
1	66	52	66.192	51.856	0.239945
1	68	52	68.1803	51.7296	0.325
1	70	52	70.2682	49.1205	2.89193
1	72	52	72.1736	52.2604	0.312947
1	74	52	74.1897	52.1423	0.237101
1	76	52	76.2139	52.1069	0.239152
1	78	52	78.2476	52.0928	0.264394
1	80	52	80.2905	52.0872	0.303307
1	82	52	82.3429	52.086	0.353495
1	84	52	84.4049	52.0872	0.414168
1	86	52	86.482	52.0897	0.490255
1	88	52	88.5899	52.0911	0.596926
1	90	52	88.9182	51.8672	1.08992
1	92	52	92.6278	52.1636	0.648729
1	94	52	96.8862	46.8028	5.94484
1	96	52	96.3667	52.2195	0.42739
1	98	52	97.3913	49.8524	2.23217
1	100	52	101.723	52.7435	1.87639
1	102	52	71.0599	51.3977	30.946
1	104	52	72.3258	63.2354	33.6078
1	106	52	107.56	52.1538	1.56733
1	108	52	73.4046	58.7278	35.2435
1	110	52	109.951	53.6541	1.65482
1	112	52	111.568	53.2335	1.30693
1	114	52	114.204	53.9015	1.91246
1	116	52	115.523	53.2121	1.30265
1	118	52	117.41	53.1139	1.26043
1	120	52	119.212	52.9408	1.22707
1	122	52	120.291	52.0914	1.7117
1	124	52	122.927	52.7443	1.3058
1	126	52	126.258	53.9714	1.98826
1	128	52	125.514	51.6153	2.51557
1	130	52	128.462	52.4857	1.61288
1	132	52	132.098	49.9045	2.09775
1	134	52	133.986	49.7939	2.20613
1	28	54	26.2334	54.2762	1.78804
1	30	54	31.8025	53.7096	1.82578
1	32	54	29.6138	53.7146	2.40319
1	34	54	31.2099	53.3612	2.86229
1	36	54	36.5784	53.3024	0.90619
1	38	54	35.3202	53.6463	2.70302
1	40	54	37.5653	53.9557	2.4351
1	42	54	43.6458	54.4081	1.69565
1	44	54	46.0054	54.1197	2.009
1	46	54	47.0252	53.9232	1.02806
1	48	54	48.6251	53.933	0.62873
1	50	54	50.5446	53.9327	0.548739
1	52	54	69.2016	60.0427	18.2321
1	54	54	71.5037	65.1097	20.7317
1	56	54	-23.6869	-7.03335	100.375
1	58	54	58.2822	53.8789	0.307093
1	60	54	60.0766	53.7153	0.29481
1	62	54	62.1943	53.8786	0.229093
1	64	54	64.1626	53.8645	0.211634
1	66	54	66.1403	53.8246	0.224591
1	68	54	68.1284	53.6789	0.345827
1	70	54	70.2654	49.1353	4.87197
1	72	54	72.1216	54.3041	0.327493
1	74	54	74.1375	54.1719	0.220087
1	76	54	76.1616	54.1347	0.210418
1	78	54	78.195	54.1219	0.229968
1	80	54	80.2378	54.1189	0.265888
1	82	54	82.2901	54.121	0.314317
1	84	54	84.352	54.1258	0.373793
1	86	54	86.4232	54.1326	0.443507
1	88	54	88.5012	54.1399	0.520362
1	90	54	90.5795	54.148	0.598129
1	92	54	92.6614	54.1659	0.681948
1	94	54	95.3854	54.1287	1.39139
1	96	54	96.4977	54.1705	0.52615
1	98	54	95.4906	55.4859	2.91635
1	100	54	97.402	55.5377	3.01898
1	102	54	102.625	53.7069	0.690082
1	104	54	103.213	54.5552	0.963317
1	106	54	107.747	54.3052	1.77351
1	108	54	109.732	54.2358	1.74778
1	110	54	108.001	53.2488	2.1352
1	112	54	110.205	53.6087	1.83762
1	114	54	112.142	53.6253	1.89541
1	116	54	114.126	53.7024	1.89718
1	118	54	115.808	53.359	2.28351
1	120	54	110.498	45.9372	12.4619
1	122	54	124.843	58.6345	5.43705
1	124	54	124.537	56.3167	2.37811
1	126	54	128.473	54.4997	2.52307
1	128	54	128.105	55.8246	1.8276
1	130	54	132.488	54.346	2.51145
1	132	54	131.977	51.7754	2.22469
1	134	54	134.585	52.3151	1.78363
1	28	56	26.2189	56.2938	1.80517
1	30	56	28.2327	56.3626	1.80408
1	32	56	30.2453	56.4318	1.80703
1	34	56	32.2589	56.5028	1.81224
1	36	56	35.1832	57.5441	1.74682
1	38	56	35.6383	55.9662	2.36194
1	40	56	40.2923	55.491	0.58697
1	42	56	39.752	56.127	2.25157
1	44	56	44.3612	55.6523	0.501375
1	46	56	47.102	56.0999	1.10651
1	48	56	48.6256	56.6361	0.892151
1	50	56	49.6792	55.983	0.321222
1	52	56	51.7334	56.0384	0.269369
1	54	56	53.8024	56.0807	0.213482
1	56	56	55.8469	56.1101	0.188564
1	58	56	57.9229	56.124	0.146034
1	60	56	60.0419	56.1694	0.174481
1	62	56	62.7063	56.4541	0.839721
1	64	56	64.2538	56.8675	0.903913
1	66	56	66.204	56.7993	0.824893
1	68	56	68.1379	56.6624	0.676563
1	70	56	70	43.1593	12.8407
1	72	56	80.8886	28.4617	28.9372
1	74	56	90.7457	29.3123	31.5064
1	76	56	102.737	27.2863	39.2342
1	78	56	78.1156	56.2029	0.233487
1	80	56	79.4484	56.725	0.91099
1	82	56	82.2464	56.1445	0.285615
1	84	56	84.3067	56.1557	0.343964
1	86	56	72.0733	48.122	16.0005
1	88	56	88.4454	56.1861	0.482679
1	90	56	88.9932	56.7481	1.25434
1	92	56	92.5388	56.1996	0.5746
1	94	56	95.1064	56.2078	1.12573
1	96	56	95.2882	55.8665	0.724224
1	98	56	98.1451	56.122	0.189535
1	100	56	99.1732	56.9196	1.23668
1	102	56	104.17	56.3782	2.20313
1	104	56	103.436	54.5269	1.57732
1	106	56	105.204	56.1282	0.806101
1	108	56	105.96	55.0387	2.2555
1	110	56	108.306	55.5834	1.74434
1	112	56	110.812	56.3273	1.23255
1	114	56	111.846	55.2581	2.27774
1	116	56	113.818	55.3314	2.2817
1	118	56	123.846	64.4502	10.2754
1	120	56	117.664	55.3518	2.4242
1	122	56	119.615	55.3947	2.46074
1	124	56	121.922	55.7932	2.08829
1	126	56	123.753	55.4347	2.31728
1	128	56	125.577	55.6225	2.45218
1	130	56	132.385	56.24	2.39728
1	132	56	134.416	56.1955	2.42418
1	134	56	136.551	56.257	2.56415
1	28	58	26.205	58.3111	1.82181
1	30	58	28.2218	58.3777	1.81786
1	32	58	27.6574	55.4194	5.05154
1	34	58	34.668	61.259	3.3267
1	36	58	34.8645	59.2549	1.69234
0	38	58	0	0	0
0	40	58	0	0	0
0	42	58	0	0	0
0	44	58	0	0	0
0	46	58	0	0	0
0	48	58	0	0	0
0	50	58	0	0	0
0	52	58	0	0	0
0	54	58	0	0	0
0	56	58	0	0	0
0	58	58	0	0	0
0	60	58	0	0	0
0	62	58	0	0	0
0	64	58	0	0	0
0	66	58	0	0	0
0	68	58	0	0	0
0	70	58	0	0	0
0	72	58	0	0	0
0	74	58	0	0	0
0	76	58	0	0	0
0	78	58	0	0	0
0	80	58	0	0	0
0	82	58	0	0	0
0	84	58	0	0	0
0	86	58	0	0	0
0	88	58	0	0	0
0	90	58	0	0	0
0	92	58	0	0	0
0	94	58	0	0	0
0	96	58	0	0	0
0	98	58	0	0	0
0	100	58	0	0	0
1	102	58	69.7091	50.0395	33.2576
1	104	58	101.272	56.2136	3.26068
1	106	58	108.134	59.4651	2.58861
1	108	58	106.211	57.2635	1.9349
1	110	58	108.465	57.669	1.57038
1	112	58	110.013	57.3072	2.10405
1	114	58	113.881	59.5554	1.55987
1	116	58	114.087	57.6286	1.94856
1	118	58	119.075	61.1405	3.31929
1	120	58	117.654	57.3207	2.4427
1	122	58	120.338	58.1535	1.66923
1	124	58	121.829	57.6899	2.19312
1	126	58	123.64	57.58	2.39718
1	128	58	125.545	57.5721	2.49192
1	130	58	128.593	56.8756	1.80112
1	132	58	134.424	58.2043	2.43288
1	134	58	133.589	55.9558	2.08515
1	28	60	27.9686	58.0259	1.97437
1	30	60	36.1768	63.6989	7.19965
1	32	60	30.2256	60.4602	1.83308
1	34	60	33.5547	62.1055	2.15212
1	36	60	34.5955	60.9767	1.71069
0	38	60	0	0	0
0	40	60	0	0	0
0	42	60	0	0	0
0	44	60	0	0	0
0	46	60	0	0	0
0	48	60	0	0	0
0	50	60	0	0	0
0	52	60	0	0	0
0	54	60	0	0	0
0	56	60	0	0	0
0	58	60	0	0	0
0	60	60	0	0	0
0	62	60	0	0	0
0	64	60	0	0	0
0	66	60	0	0	0
0	68	60	0	0	0
0	70	60	0	0	0
0	72	60	0	0	0
0	74	60	0	0	0
0	76	60	0	0	0
0	78	60	0	0	0
0	80	60	0	0	0
0	82	60	0	0	0
0	84	60	0	0	0
0	86	60	0	0	0
0	88	60	0	0	0
0	90	60	0	0	0
0	92	60	0	0	0
0	94	60	0	0	0
0	96	60	0	0	0
0	98	60	0	0	0
0	100	60	0	0	0
1	102	60	117.79	53.8531	16.9438
1	104	60	101.577	54.5716	5.94439
1	106	60	118.091	71.0708	16.3936
1	108	60	106.692	57.8996	2.47446
1	110	60	107.779	58.9115	2.47368
1	112	60	109.743	58.9867	2.4742
1	114	60	112.879	60.6249	1.28337
1	116	60	113.75	59.2243	2.38008
1	118	60	116.199	59.8095	1.8114
1	120	60	117.646	59.2956	2.45685
1	122	60	119.615	59.3563	2.47072
1	124	60	122.384	60.2777	1.63973
1	126	60	123.57	59.492	2.48249
1	128	60	125.558	59.5668	2.48017
1	130	60	127.687	59.5174	2.36257
1	132	60	134.432	60.2115	2.44153
1	134	60	133.443	58.0326	2.04473
1	28	62	26.0606	62.8487	2.11696
1	30	62	28.1965	62.3736	1.84181
1	32	62	30.3281	62.6305	1.78683
1	34	62	32.0399	62.2967	1.98244
1	36	62	34.5069	62.8596	1.72289
0	38	62	0	0	0
0	40	62	0	0	0
0	42	62	0	0	0
0	44	62	0	0	0
0	46	62	0	0	0
0	48	62	0	0	0
0	50	62	0	0	0
0	52	62	0	0	0
0	54	62	0	0	0
0	56	62	0	0	0
0	58	62	0	0	0
0	60	62	0	0	0
0	62	62	0	0	0
0	64	62	0	0	0
0	66	62	0	0	0
0	68	62	0	0	0
0	70	62	0	0	0
0	72	62	0	0	0
0	74	62	0	0	0
0	76	62	0	0	0
0	78	62	0	0	0
0	80	62	0	0	0
0	82	62	0	0	0
0	84	62	0	0	0
0	86	62	0	0	0
0	88	62	0	0	0
0	90	62	0	0	0
0	92	62	0	0	0
0	94	62	0	0	0
0	96	62	0	0	0
0	98	62	0	0	0
0	100	62	0	0	0
1	102	62	102.633	58.8325	3.23024
1	104	62	105.795	60.058	2.64472
1	106	62	105.923	59.1521	2.84898
1	108	62	108.181	60.4682	1.54243
1	110	62	111.816	63.3149	2.24182
1	112	62	110.454	62.1025	1.54964
1	114	62	111.708	61.0402	2.48459
1	116	62	113.681	61.1151	2.48241
1	118	62	116.046	61.7574	1.96929
1	120	62	117.608	61.4701	2.45014
1	122	62	122.081	64.2044	2.20588
1	124	62	121.594	61.4117	2.47704
1	126	62	123.577	61.4835	2.47785
1	128	62	125.565	61.5583	2.47513
1	130	62	127.623	61.7014	2.39521
1	132	62	129.67	61.5835	2.36682
1	134	62	136.458	62.1601	2.46298
1	28	64	30.0424	63.9878	2.0424
1	30	64	28.2574	64.6033	1.84413
1	32	64	32.2969	62.1984	1.82588
1	34	64	34.4676	67.3177	3.35046
1	36	64	36.4126	64.2143	0.464979
0	38	64	0	0	0
0	40	64	0	0	0
0	42	64	0	0	0
0	44	64	0	0	0
0	46	64	0	0	0
0	48	64	0	0	0
0	50	64	0	0	0
0	52	64	0	0	0
0	54	64	0	0	0
0	56	64	0	0	0
0	58	64	0	0	0
0	60	64	0	0	0
0	62	64	0	0	0
0	64	64	0	0	0
0	66	64	0	0	0
0	68	64	0	0	0
0	70	64	0	0	0
0	72	64	0	0	0
0	74	64	0	0	0
0	76	64	0	0	0
0	78	64	0	0	0
0	80	64	0	0	0
0	82	64	0	0	0
0	84	64	0	0	0
0	86	64	0	0	0
0	88	64	0	0	0
0	90	64	0	0	0
0	92	64	0	0	0
0	94	64	0	0	0
0	96	64	0	0	0
0	98	64	0	0	0
0	100	64	0	0	0
1	102	64	102.686	60.9444	3.13159
1	104	64	103.866	66.5611	2.56458
1	106	64	106.616	60.8976	3.16303
1	108	64	108.713	62.0891	2.03955
1	110	64	110.654	63.0545	1.14947
1	112	64	110.633	62.0002	2.4224
1	114	64	114.026	66.3413	2.3414
1	116	64	113.233	63.5641	2.80159
1	118	64	116.251	64.004	1.74892
1	120	64	117.638	63.2582	2.47621
1	122	64	119.617	63.3316	2.47502
1	124	64	121.599	63.4046	2.47418
1	126	64	123.582	63.4772	2.47364
1	128	64	125.568	63.5494	2.47335
1	130	64	127.556	63.6212	2.47325
1	132	64	132.032	66.189	2.18921
1	134	64	131.535	63.7669	2.47613
1	28	66	28.5338	64.4522	1.6373
1	30	66	30.1819	64.0334	1.97505
1	32	66	31.9833	63.8327	2.16739
1	34	66	33.3244	67.867	1.98554
1	36	66	36.7407	64.5221	1.65316
0	38	66	0	0	0
0	40	66	0	0	0
0	42	66	0	0	0
0	44	66	0	0	0
0	46	66	0	0	0
0	48	66	0	0	0
0	50	66	0	0	0
0	52	66	0	0	0
0	54	66	0	0	0
0	56	66	0	0	0
0	58	66	0	0	0
0	60	66	0	0	0
0	62	66	0	0	0
0	64	66	0	0	0
0	66	66	0	0	0
0	68	66	0	0	0
0	70	66	0	0	0
0	72	66	0	0	0
0	74	66	0	0	0
0	76	66	0	0	0
0	78	66	0	0	0
0	80	66	0	0	0
0	82	66	0	0	0
0	84	66	0	0	0
0	86	66	0	0	0
0	88	66	0	0	0
0	90	66	0	0	0
0	92	66	0	0	0
0	94	66	0	0	0
0	96	66	0	0	0
0	98	66	0	0	0
0	100	66	0	0	0
1	102	66	102.526	62.8442	3.1994
1	104	66	101.381	65.394	2.68845
1	106	66	106.304	62.6381	3.37561
1	108	66	109.393	63.7816	2.6195
1	110	66	110.091	63.4841	2.51756
1	112	66	111.376	63.7779	2.30813
1	114	66	112.705	64.1376	2.2684
1	116	66	113.022	65.6997	2.99335
1	118	66	118.022	68.3692	2.36929
1	120	66	120.03	68.3507	2.3509
1	122	66	119.619	65.3249	2.47465
1	124	66	121.601	65.3976	2.4736
1	126	66	122.051	66.842	4.03775
1	128	66	125.57	65.5419	2.47243
1	130	66	127.559	65.6139	2.47181
1	132	66	132.031	63.2931	2.70709
1	134	66	134.092	63.2324	2.76913
1	28	68	28.0805	65.8572	2.14427
1	30	68	29.9784	65.7531	2.24699
1	32	68	29.6371	67.7826	2.37291
1	34	68	31.6319	67.8525	2.37264
1	36	68	36.6523	66.3972	1.73043
1	38	68	37.1494	64.9923	3.12568
1	40	68	43.8593	66.3015	4.2165
1	42	68	45.8925	66.3727	4.21902
1	44	68	47.9244	66.4437	4.2217
1	46	68	49.9548	66.5148	4.2245
1	48	68	51.9838	66.5858	4.2274
1	50	68	54.0115	66.6568	4.23037
1	52	68	56.0377	66.7278	4.23337
1	54	68	58.0625	66.7988	4.23638
1	56	68	60.0859	66.8697	4.23938
1	58	68	62.1079	66.9406	4.24233
1	60	68	64.1285	67.0115	4.24522
1	62	68	66.1477	67.0823	4.24803
1	64	68	68.1655	67.1532	4.25072
1	66	68	70.1819	67.224	4.2533
1	68	68	72.1969	67.2948	4.25573
1	70	68	74.2105	67.3655	4.258
1	72	68	75.94	67.2221	4.01606
1	74	68	77.3538	66.8307	3.55179
1	76	68	78.7903	66.4444	3.19464
1	78	68	98.9824	26.866	46.1765
0	80	68	0	0	0
0	82	68	0	0	0
0	84	68	0	0	0
0	86	68	0	0	0
0	88	68	0	0	0
1	90	68	133.7	59.393	44.5393
1	92	68	101.827	64.4689	10.4423
1	94	68	102.368	64.6897	8.99885
1	96	68	102.893	64.9202	7.54993
1	98	68	103.403	65.1611	6.10326
1	100	68	103.631	67.8402	3.63484
1	102	68	102.449	64.8287	3.20303
1	104	68	104.444	64.8348	3.19628
1	106	68	103.594	66.8497	2.66664
1	108	68	105.085	66.8965	3.11649
1	110	68	110.323	64.7849	3.2313
1	112	68	112.352	65.8602	2.16865
1	114	68	112.494	68.4508	1.5721
1	116	68	114.711	66.2005	2.21342
1	118	68	115.661	67.1725	2.48078
1	120	68	117.639	67.2455	2.47852
1	122	68	119.619	67.3181	2.47676
1	124	68	120.821	68.0917	3.18074
1	126	68	122.117	68.7496	3.95464
1	128	68	125.57	67.5344	2.47379
1	130	68	127.558	67.606	2.47334
1	132	68	131.969	70.2727	2.27286
1	134	68	131.594	67.8048	2.4136
1	28	70	27.9864	67.6777	2.3223
1	30	70	43.3605	70.9557	13.3947
1	32	70	31.9569	67.6974	2.303
1	34	70	20.7181	54.3064	20.5596
1	36	70	20.5567	52.6038	23.2621
1	38	70	36.6365	66.4151	3.83544
1	40	70	37.1333	65.0639	5.70812
1	42	70	45.8999	68.3728	4.22573
1	44	70	47.9324	68.4439	4.22908
1	46	70	49.9635	68.5149	4.23254
1	48	70	51.9931	68.586	4.23607
1	50	70	54.0213	68.657	4.23965
1	52	70	56.0481	68.728	4.24324
1	54	70	58.0734	68.799	4.24681
1	56	70	60.0974	68.8699	4.25034
1	58	70	62.1198	68.9408	4.25381
1	60	70	64.1409	69.0117	4.25718
1	62	70	66.1605	69.0826	4.26044
1	64	70	68.1787	69.1534	4.26357
1	66	70	70.1954	69.2242	4.26654
1	68	70	72.2107	69.295	4.26934
1	70	70	73.9432	69.1597	4.03172
1	72	70	75.3607	68.7856	3.57342
1	74	70	76.7719	68.3947	3.20319
1	76	70	78.234	68.0301	2.97842
1	78	70	91.1987	76.5837	14.7496
1	80	70	81.4091	67.4622	2.90279
1	82	70	83.409	67.4933	2.87553
1	84	70	102.894	64.9115	19.5672
1	86	70	103.317	65.1345	17.9878
1	88	70	103.818	65.3527	16.4862
1	90	70	104.304	65.5802	14.9709
1	92	70	93.4055	67.6446	2.74289
1	94	70	116.215	86.0531	27.4086
1	96	70	106.513	66.3208	11.1378
1	98	70	101.915	70.0308	3.9154
1	100	70	100.358	66.7894	3.23049
1	102	70	102.372	66.8137	3.20792
1	104	70	104.914	67.3488	2.80433
1	106	70	106.366	66.8284	3.19264
1	108	70	107.728	66.1965	3.81325
1	110	70	110.873	67.3652	2.77585
1	112	70	112.446	66.9842	3.04861
1	114	70	111.646	69.0878	2.52439
1	116	70	113.613	69.1644	2.52938
1	118	70	116.679	68.2681	2.17819
1	120	70	117.636	69.2389	2.48313
1	122	70	119.616	69.3112	2.48102
1	124	70	124.856	71.84	2.02943
1	126	70	126.844	71.807	1.99426
1	128	70	173.279	137.804	81.5332
1	130	70	72.8038	43.0955	63.208
1	132	70	129.546	69.6697	2.47583
1	134	70	131.33	69.957	2.67
1	28	72	29.9751	72.5803	2.05858
1	30	72	33.6815	69.3019	4.56439
1	32	72	20.9475	57.7778	18.0119
1	34	72	20.7627	55.8768	20.861
1	36	72	38.4383	72.0978	2.44024
1	38	72	40.4952	72.0811	2.49655
1	40	72	69.2143	36.305	46.126
1	42	72	37.1012	65.1159	8.44923
1	44	72	47.9422	70.444	4.23812
1	46	72	49.9739	70.5151	4.24227
1	48	72	52.0042	70.5862	4.24647
1	50	72	54.033	70.6572	4.2507
1	52	72	56.0604	70.7282	4.2549
1	54	72	58.0863	70.7992	4.25907
1	56	72	60.1107	70.8701	4.26317
1	58	72	62.1337	70.9411	4.26717
1	60	72	64.1552	71.0119	4.27106
1	62	72	66.1752	71.0828	4.2748
1	64	72	68.1938	71.1537	4.27837
1	66	72	70.1157	71.3176	4.17184
1	68	72	56.4992	85.9098	18.0486
1	70	72	57.864	85.4545	18.1192
1	72	72	74.7547	70.3458	3.21321
1	74	72	87.2073	78.1116	14.5528
1	76	72	88.9869	78.1076	14.3514
1	78	72	104.141	65.5181	26.9325
1	80	72	81.3385	69.44	2.88878
1	82	72	83.338	69.4706	2.86153
1	84	72	85.3375	69.5009	2.83448
1	86	72	87.3369	69.5311	2.80763
1	88	72	89.3364	69.5612	2.781
1	90	72	91.3359	69.591	2.7546
1	92	72	96.0809	71.9553	4.08114
1	94	72	114.27	86.0331	24.6534
1	96	72	99.6842	71.7462	3.6929
1	98	72	98.3042	68.7865	3.2279
1	100	72	97.6192	70.7405	2.69338
1	102	72	103.266	69.705	2.62107
1	104	72	104.295	68.8124	3.20122
1	106	72	106.293	68.8198	3.19369
1	108	72	105.545	70.9873	2.65556
1	110	72	107.544	71.0408	2.63679
1	112	72	109.738	70.9344	2.50019
1	114	72	114.304	68.9064	3.1085
1	116	72	118.725	72.5151	2.77286
1	118	72	115.592	71.2157	2.53236
1	120	72	114.613	73.9472	5.72798
1	122	72	121.966	74.5394	2.53958
1	124	72	123.976	74.5181	2.51824
1	126	72	125.984	74.4997	2.4997
1	128	72	127.952	74.4641	2.46455
1	130	72	127.289	71.9392	2.71162
1	132	72	129.58	72.7617	2.53672
1	134	72	72.9251	43.1337	67.553
1	28	74	27.8389	71.7111	2.29458
1	30	74	21.1557	61.5122	15.3025
1	32	74	20.9815	59.4055	18.2868
1	34	74	35.884	73.7107	1.90608
1	36	74	37.8809	73.5592	1.93188
1	38	74	38.1023	77.2971	3.29867
1	40	74	42.5461	74.0607	2.54687
1	42	74	36.6207	66.4602	9.26203
1	44	74	37.0907	65.182	11.2025
1	46	74	49.9863	72.5153	4.25381
1	48	74	52.0173	72.5864	4.25872
1	50	74	54.0467	72.6574	4.26362
1	52	74	56.0747	72.7285	4.26849
1	54	74	58.012	72.897	4.16091
1	56	74	60.1262	72.8704	4.27798
1	58	74	62.1133	72.9793	4.23808
1	60	74	64.1345	73.0502	4.24218
1	62	74	66.0682	73.2069	4.14479
1	64	74	68.3426	73.0255	4.45059
1	66	74	69.5389	73.384	3.59214
1	68	74	57.8813	85.4885	15.3092
1	70	74	72.7589	72.2789	3.25174
1	72	74	73.2706	71.2971	2.98665
1	74	74	75.27	71.3279	2.95859
1	76	74	77.2695	71.3585	2.93071
1	78	74	79.2689	71.389	2.90301
1	80	74	81.2684	71.4194	2.8755
1	82	74	83.2679	71.4496	2.84818
1	84	74	85.2673	71.4796	2.82107
1	86	74	87.2668	71.5095	2.79418
1	88	74	92.3424	74.012	4.34242
1	90	74	94.1341	73.9159	4.13494
1	92	74	110.695	86.1189	22.2797
1	94	74	109.187	83.4256	17.8745
1	96	74	120.441	96.4649	33.1965
1	98	74	98.23	70.7787	3.22951
1	100	74	100.227	70.7882	3.21984
1	102	74	99.5404	72.8383	2.72017
1	104	74	104.223	70.8054	3.20238
1	106	74	116.413	81.0479	12.5735
1	108	74	106.535	77.7258	4.00361
1	110	74	94.2148	84.0712	18.7244
1	112	74	112.217	70.8305	3.17692
1	114	74	114.216	70.835	3.17236
1	116	74	113.671	73.0805	2.5043
1	118	74	115.628	73.1708	2.51285
1	120	74	119.12	71.8511	2.32224
1	122	74	123.402	75.3606	1.95382
1	124	74	125.163	75.5782	1.96059
1	126	74	125.967	76.5757	2.57587
1	128	74	127.835	76.6497	2.65485
1	130	74	127.62	74.934	2.55663
1	132	74	131.992	76.5308	2.53085
1	134	74	133.092	76.5185	2.67729
1	28	76	38.4278	86.1189	14.5303
1	30	76	21.179	63.2058	15.5403
1	32	76	41.4011	85.2194	13.1673
1	34	76	36.0821	75.9914	2.08216
1	36	76	37.9057	75.6889	1.93093
1	38	76	39.986	75.5999	2.02594
1	40	76	42.5365	76.052	2.53703
1	42	76	44.5988	76.0419	2.59911
1	44	76	36.63	66.4959	12.0268
1	46	76	48.7287	76.0226	2.72882
1	48	76	36.766	80.0323	11.9358
1	50	76	54.0626	74.6577	4.27856
1	52	76	56.1268	74.6896	4.32986
1	54	76	58.0523	74.8704	4.20683
1	56	76	60.2188	74.7922	4.38827
1	58	76	62.3822	74.7225	4.56456
1	60	76	64.2009	75.0019	4.31785
1	62	76	66.1277	75.1651	4.21131
1	64	76	56.5193	85.9217	12.4258
1	66	76	57.9442	85.4415	12.4112
1	68	76	70.751	74.2252	3.27379
1	70	76	71.2009	73.2479	3.00271
1	72	76	73.2004	73.2786	2.97441
1	74	76	75.1998	73.3091	2.94629
1	76	76	77.1993	73.3395	2.91835
1	78	76	79.1988	73.3697	2.89059
1	80	76	81.1982	73.3998	2.86302
1	82	76	83.1977	73.4297	2.83565
1	84	76	85.1972	73.4594	2.8085
1	86	76	90.0285	75.6489	4.04382
1	88	76	92.2222	75.8988	4.22344
1	90	76	94.1974	75.9496	4.19767
1	92	76	92.1641	72.7406	3.2635
1	94	76	95.7619	74.0951	2.59482
1	96	76	96.1586	72.7627	3.24118
1	98	76	83.5788	83.764	16.3784
1	100	76	209.42	168.366	143.193
1	102	76	88.0871	83.8017	15.951
1	104	76	209.42	168.366	140.16
1	106	76	103.924	74.6961	2.45168
1	108	76	106.535	74.1767	2.33885
1	110	76	109.093	73.7562	2.42024
1	112	76	99.3587	83.8819	14.8972
1	114	76	114.146	72.8313	3.17203
1	116	76	116.146	72.8346	3.16876
1	118	76	118.125	72.8608	3.1417
1	120	76	119.575	73.3749	2.65932
1	122	76	121.072	73.8709	2.3227
1	124	76	122.568	74.3889	2.15538
1	126	76	123.202	75.8771	2.80071
1	128	76	125.438	77.1472	2.80708
1	130	76	129.639	78.6782	2.70236
1	132	76	132.049	78.5433	2.54381
1	134	76	133.54	79.0147	3.04952
1	28	78	26.4247	74.0626	4.24086
1	30	78	38.9152	86.1387	12.0715
1	32	78	32.3968	80.3269	2.36052
1	34	78	36.3525	78.0688	2.35353
1	36	78	38.4094	78.0598	2.41016
1	38	78	40.4681	78.0511	2.46863
1	40	78	42.1834	77.6861	2.20586
1	42	78	47.8352	74.064	7.03858
1	44	78	49.9842	74.0626	7.16336
1	46	78	48.7185	78.0167	2.71858
1	48	78	50.7874	78.0103	2.78745
1	50	78	37.3314	77.1803	12.6951
1	52	78	58.6121	74.0419	7.7063
1	54	78	58.3239	76.6048	4.54342
1	56	78	60.0931	76.9434	4.22725
1	58	78	62.2695	76.8608	4.41888
1	60	78	54.8777	86.139	9.61674
1	62	78	56.5394	85.9192	9.61931
1	64	78	16.1758	84.7738	48.3016
1	66	78	15.2244	84.7781	51.226
1	68	78	69.1312	75.2001	3.01982
1	70	78	71.1307	75.2306	2.9913
1	72	78	73.1301	75.2611	2.96294
1	74	78	75.1296	75.2913	2.93477
1	76	78	77.1291	75.3215	2.90677
1	78	78	79.1286	75.3515	2.87896
1	80	78	81.128	75.3813	2.85134
1	82	78	86.4301	77.8156	4.43394
1	84	78	88.1714	77.6599	4.18527
1	86	78	137.499	117.254	64.7533
1	88	78	92.2325	77.8864	4.23406
1	90	78	94.4084	78.1041	4.40963
1	92	78	193.535	156.551	128.373
1	94	78	90.2956	78.127	3.70655
1	96	78	100.122	78.0888	4.1225
1	98	78	86.6612	83.5803	12.6375
1	100	78	209.42	168.366	141.911
1	102	78	209.42	168.366	140.375
1	104	78	94.6065	87.6073	13.4364
1	106	78	95.4573	83.6463	11.9595
1	108	78	60.407	116.108	60.97
1	110	78	99.7064	83.8061	11.8182
1	112	78	98.6515	86.6958	15.9311
1	114	78	113.63	75.2305	2.79404
1	116	78	116.103	74.8603	3.14142
1	118	78	118.075	74.8341	3.16681
1	120	78	123.067	78.0534	3.06757
1	122	78	113.937	82.8552	9.41171
1	124	78	125.905	78.9687	2.13676
1	126	78	128.234	78.6173	2.31731
1	128	78	125.544	77.5004	2.50671
1	130	78	127.527	77.581	2.50836
1	132	78	133.419	79.2506	1.89157
1	134	78	134.028	80.6197	2.61989
1	28	80	34.9159	86.1379	9.24684
1	30	80	35.1978	84.228	6.70028
1	32	80	36.6059	83.4676	5.76529
1	34	80	37.9099	81.8682	4.33327
1	36	80	42.1934	84.6892	7.76827
1	38	80	46.0454	86.139	10.1201
1	40	80	46.9131	85.1148	8.59953
1	42	80	49.81	85.4154	9.50382
1	44	80	52.7478	86.139	10.687
1	46	80	54.9829	86.1422	10.8821
1	48	80	56.8736	85.8032	10.6027
1	50	80	52.8354	80.0212	2.83544
1	52	80	31.4327	69.6084	23.0434
1	54	80	60.9955	75.8934	8.1118
1	56	80	63.1793	75.8755	8.27971
1	58	80	61.615	79.5257	3.64603
1	60	80	56.5549	85.9217	6.85096
1	62	80	55.4374	92.145	13.8047
1	64	80	66.7496	78.1104	3.33635
1	66	80	67.0615	77.1535	3.03795
1	68	80	69.061	77.184	3.00922
1	70	80	71.0605	77.2144	2.98064
1	72	80	85.4731	85.532	14.5646
1	74	80	75.0594	77.2746	2.92401
1	76	80	77.0589	77.3046	2.89597
1	78	80	79.0583	77.3343	2.86811
1	80	80	82.5847	83.6176	4.44606
1	82	80	77.1117	86.117	7.83029
1	84	80	88.7037	80.0894	4.70455
1	86	80	90.6017	80.0857	4.60251
1	88	80	90.11	81.5171	2.59878
1	90	80	87.0851	78.9381	3.10233
1	92	80	91.8829	80.7492	0.758338
1	94	80	91.1252	79.4985	2.9182
1	96	80	92.5257	79.581	3.49948
1	98	80	96.9075	80.5549	1.22537
1	100	80	95.6408	80.9048	4.45213
1	102	80	99.1013	79.1835	3.0115
1	104	80	102.867	80.0946	1.13728
1	106	80	59.5289	118.177	60.1422
1	108	80	209.42	168.366	134.516
1	110	80	108.154	78.4792	2.39196
1	112	80	100.594	87.1413	13.457
1	114	80	98.8757	90.7958	18.582
1	116	80	116.005	76.8312	3.16877
1	118	80	120.781	79.6135	2.80811
1	120	80	120.005	76.8337	3.16635
1	122	80	124.985	80.0383	2.98546
1	124	80	123.57	78.4539	1.6048
1	126	80	126.51	79.5872	0.656402
1	128	80	127.41	82.5199	2.58801
1	130	80	131.814	80.931	2.03908
1	132	80	129.352	79.8394	2.65247
1	134	80	131.354	79.9278	2.64675
