1	28	28	30.576	25.2525	3.76626
1	30	28	32.2424	26.4559	2.72262
1	32	28	31.071	26.456	1.80191
1	34	28	34.8406	27.7688	0.871821
1	36	28	36.191	26.7384	1.276
1	38	28	37.7074	27.0149	1.02766
1	40	28	39.8284	27.1409	0.876069
1	42	28	41.9522	27.3581	0.643643
1	44	28	43.9438	27.6187	0.385468
1	46	28	45.7808	27.7953	0.299954
1	48	28	47.7921	27.8013	0.287589
1	50	28	49.809	27.7994	0.276966
1	52	28	51.8252	27.7961	0.268583
1	54	28	53.8421	27.7921	0.261102
1	56	28	56.2711	25.3792	2.63475
1	58	28	58.3574	25.6327	2.39411
1	60	28	59.9498	24.7957	3.20473
1	62	28	62.1868	25.4838	2.52313
1	64	28	64.098	25.316	2.68575
1	66	28	66.2222	26.2621	1.75207
1	68	28	67.922	27.2006	0.803164
1	70	28	69.9722	27.7018	0.299498
1	72	28	72.0365	27.6372	0.364585
1	74	28	73.924	25.421	2.58014
1	76	28	75.8007	25.7666	2.24224
1	78	28	77.4933	26.5043	1.57915
1	80	28	79.7133	25.6564	2.36108
1	82	28	82.3294	27.4216	0.665647
1	84	28	83.6371	25.5494	2.47737
1	86	28	68.74	45.9079	24.8717
1	88	28	86.7051	30.4013	2.7282
1	90	28	88.5932	29.7592	2.25249
1	92	28	91.7917	28.198	0.28739
1	94	28	93.8219	28.2465	0.304079
1	96	28	95.6927	28.1396	0.33754
1	98	28	97.686	28.1421	0.344639
1	100	28	99.8908	27.9703	0.113178
1	102	28	102.063	27.8975	0.120351
1	104	28	105.292	26.8215	1.74903
1	106	28	106.113	28.5198	0.532067
1	108	28	108.466	27.7651	0.522251
1	110	28	107.88	28.281	2.13841
1	112	28	112.752	28.0031	0.752218
1	114	28	114.792	28.0045	0.791818
1	116	28	116.823	28.0109	0.822688
1	118	28	116.251	28.1949	1.7603
1	120	28	119.693	27.0766	0.973048
1	122	28	121.476	26.9943	1.13406
1	124	28	124.978	28.043	0.979132
1	126	28	127.023	28.0486	1.02432
1	128	28	129.057	28.061	1.05901
1	130	28	131.102	28.0694	1.10463
1	132	28	133.033	28.2928	1.07344
1	134	28	135.132	28.1065	1.13686
1	28	30	28.7414	29.9925	0.741434
1	30	30	30.7032	29.9961	0.703241
1	32	30	32.4481	29.7995	0.490924
1	34	30	34.0677	29.4586	0.545626
1	36	30	36.5936	29.9994	0.593573
1	38	30	38.0772	29.4848	0.520946
1	40	30	40.0176	29.5248	0.475484
1	42	30	42.0149	29.5291	0.471169
1	44	30	44.0648	29.4803	0.523708
1	46	30	45.7881	29.7735	0.310126
1	48	30	47.7874	29.8096	0.285432
1	50	30	49.8103	29.8197	0.261728
1	52	30	51.8403	29.8314	0.23218
1	54	30	53.8645	29.839	0.210434
1	56	30	55.8877	29.8467	0.19007
1	58	30	58.0226	29.9637	0.042718
1	60	30	59.8285	29.6708	0.371154
1	62	30	61.5311	28.8822	1.21212
1	64	30	60.8502	9.21658	21.0207
1	66	30	65.5671	20.1037	9.90573
1	68	30	67.9189	29.2326	0.771702
1	70	30	69.9833	29.7218	0.278698
1	72	30	72.4009	29.1181	0.968721
1	74	30	74.1577	29.2858	0.731426
1	76	30	76.5838	28.1529	1.93714
1	78	30	78.5603	28.6707	1.44255
1	80	30	80.2844	29.4605	0.609878
1	82	30	81.9874	30.0205	0.0240924
1	84	30	82.1287	29.4867	1.94039
1	86	30	85.9574	30.0506	0.0661553
1	88	30	87.816	30.1943	0.267599
1	90	30	89.7919	30.1991	0.288037
1	92	30	91.8045	30.2347	0.305447
1	94	30	93.9143	30.3707	0.380496
1	96	30	95.946	30.4088	0.412323
1	98	30	97.9828	30.4485	0.448854
1	100	30	100.056	30.5145	0.517613
1	102	30	102.278	30.3066	0.413956
1	104	30	104.61	29.9942	0.610522
1	106	30	106.637	30.0039	0.637298
1	108	30	108.615	30.0578	0.617671
1	110	30	110.716	30.0051	0.715823
1	112	30	112.757	30.0099	0.757483
1	114	30	114.802	30.0159	0.801992
1	116	30	120.066	32.8577	4.97015
1	118	30	118.9	30.0339	0.901011
1	120	30	120.94	30.0375	0.940733
1	122	30	122.981	30.0611	0.982774
1	124	30	125.006	30.0677	1.00798
1	126	30	127.045	30.0679	1.04688
1	128	30	129.088	30.0806	1.091
1	130	30	131.12	30.0945	1.1242
1	132	30	133.148	30.1105	1.15351
1	134	30	135.709	30.5519	1.79562
1	28	32	28.7636	31.9695	0.764178
1	30	32	30.7127	31.9878	0.712789
1	32	32	32.6698	31.9957	0.669822
1	34	32	34.3175	31.7134	0.427749
1	36	32	36.0434	31.469	0.532816
1	38	32	38.0409	31.4697	0.531913
1	40	32	40.0341	31.4765	0.524599
1	42	32	41.9612	31.5474	0.454244
1	44	32	44.0062	31.5033	0.49674
1	46	32	45.9328	31.616	0.389792
1	48	32	47.8029	31.8274	0.262002
1	50	32	49.8335	31.8553	0.220532
1	52	32	58.794	34.2696	7.1631
1	54	32	53.8998	31.8935	0.146229
1	56	32	55.9185	31.901	0.128191
1	58	32	57.9086	31.87	0.15896
1	60	32	59.9287	31.8767	0.142425
1	62	32	61.8393	31.6563	0.379455
1	64	32	63.9116	31.7433	0.271504
1	66	32	66.0884	32.3661	0.37666
1	68	32	68.0125	32.1065	0.107231
1	70	32	69.5694	33.7245	1.77746
1	72	32	72.0269	31.9476	0.0588878
1	74	32	73.7816	32.9935	1.01718
1	76	32	75.9395	32.1823	0.192117
1	78	32	78.1445	31.6946	0.337836
1	80	32	80.6612	30.8759	1.30411
1	82	32	84.2942	33.7004	2.85563
1	84	32	84.2178	31.7355	0.342678
1	86	32	86.2199	31.7663	0.320898
1	88	32	87.8209	32.1702	0.247076
1	90	32	89.8229	32.2002	0.267316
1	92	32	91.854	32.3081	0.340961
1	94	32	93.7932	32.2599	0.332096
1	96	32	95.8567	32.3438	0.372471
1	98	32	97.8558	32.3523	0.380688
1	100	32	100.031	32.5265	0.527411
1	102	32	102.051	32.5114	0.513984
1	104	32	104.127	32.4452	0.463011
1	106	32	106.262	32.3364	0.42631
1	108	32	108.507	32.1495	0.528917
1	110	32	110.705	32.0279	0.705214
1	112	32	112.763	32.0165	0.763319
1	114	32	114.814	32.03	0.814382
1	116	32	117.586	32.7081	1.73722
1	118	32	118.91	32.0449	0.910917
1	120	32	120.971	32.0619	0.973361
1	122	32	123.016	32.0702	1.01882
1	124	32	125.025	32.0817	1.02831
1	126	32	127.094	32.1004	1.09839
1	128	32	129.13	32.097	1.1342
1	130	32	131.174	32.1123	1.17902
1	132	32	133.204	32.1237	1.20998
1	134	32	135.23	32.1367	1.23716
1	28	34	28.7791	33.9532	0.780548
1	30	34	30.7437	33.9549	0.745039
1	32	34	32.733	33.8918	0.74095
1	34	34	34.0284	33.4608	0.539991
1	36	34	36.0049	33.466	0.534028
1	38	34	38.0052	33.4681	0.531889
1	40	34	40.0055	33.4689	0.53116
1	42	34	42.0061	33.4682	0.531878
1	44	34	44.0112	33.4701	0.529979
1	46	34	46.0272	33.492	0.508743
1	48	34	47.9844	33.7819	0.218608
1	50	34	49.9632	33.9187	0.0892153
1	52	34	51.9501	33.9532	0.0683699
1	54	34	53.9469	33.9501	0.0728056
1	56	34	55.9843	33.9832	0.0229539
1	58	34	57.9633	33.954	0.0588344
1	60	34	59.9734	33.9596	0.0483555
1	62	34	62.103	34.1924	0.218233
1	64	34	64.1293	34.321	0.346041
1	66	34	65.8676	33.4474	0.568282
1	68	34	68.1648	35.2359	1.24686
1	70	34	69.565	35.6926	1.74757
1	72	34	72.2538	32.0965	1.92036
1	74	34	73.8699	34.5061	0.522547
1	76	34	76.2378	33.4067	0.639189
1	78	34	78.4023	33.2459	0.854714
1	80	34	80.9356	32.5964	1.6868
1	82	34	83.9236	34.3172	1.94958
1	84	34	84.3322	33.6441	0.486895
1	86	34	85.929	34.0673	0.0978219
1	88	34	87.9768	34.0482	0.0535294
1	90	34	89.9121	34.1852	0.205
1	92	34	91.8762	34.333	0.355317
1	94	34	93.8798	34.3717	0.39061
1	96	34	95.9612	34.493	0.4945
1	98	34	97.9938	34.53	0.530071
1	100	34	99.9961	34.5311	0.531159
1	102	34	101.997	34.5311	0.531111
1	104	34	104.019	34.5154	0.515757
1	106	34	106.108	34.4475	0.460431
1	108	34	108.262	34.3434	0.43215
1	110	34	110.626	34.1315	0.639842
1	112	34	112.716	34.0883	0.721827
1	114	34	114.827	34.0449	0.827824
1	116	34	116.957	34.1345	0.966853
1	118	34	119.004	34.1374	1.01326
1	120	34	121.05	34.1384	1.05911
1	122	34	123.096	34.1387	1.10485
1	124	34	125.131	34.1523	1.14131
1	126	34	127.169	34.1595	1.17947
1	128	34	129.204	34.1534	1.21368
1	130	34	131.252	34.16	1.26237
1	132	34	133.292	34.183	1.30533
1	134	34	139.781	35.4448	5.95877
1	28	36	28.7733	35.9611	0.774244
1	30	36	31.0657	35.3966	1.22467
1	32	36	32.0513	35.405	0.597212
1	34	36	33.9707	35.4611	0.539698
1	36	36	35.9663	35.4693	0.531784
1	38	36	37.9682	35.4706	0.530316
1	40	36	39.9707	35.4708	0.530036
1	42	36	41.9749	35.4731	0.527477
1	44	36	43.9861	35.4815	0.518642
1	46	36	46.0131	35.5077	0.49244
1	48	36	48.1081	35.6753	0.342196
1	50	36	50.0373	35.9396	0.0709765
1	52	36	52.0498	36.0135	0.0516084
1	54	36	54.0675	36.0505	0.0842639
1	56	36	55.9879	35.9886	0.0166569
1	58	36	58.0389	36.0421	0.0573032
1	60	36	60.1621	36.2107	0.26579
1	62	36	62.1698	36.2759	0.323964
1	64	36	64.3515	36.7625	0.839598
1	66	36	66.2692	36.8775	0.917852
1	68	36	68.1844	37.1983	1.21239
1	70	36	69.9989	37.3402	1.34021
1	72	36	71.7667	37.5167	1.53458
1	74	36	74.2199	35.2864	0.74675
1	76	36	76.4209	35.0881	1.00438
1	78	36	78.4667	35.2416	0.890457
1	80	36	80.4991	35.3512	0.818528
1	82	36	83.3791	35.1015	1.64598
1	84	36	84.8247	35.234	1.12553
1	86	36	86.3291	35.7381	0.420658
1	88	36	88.1958	35.8934	0.222939
1	90	36	90.1317	36.063	0.146
1	92	36	91.9753	36.3884	0.389148
1	94	36	93.9599	36.4641	0.465833
1	96	36	95.9646	36.5268	0.527975
1	98	36	97.961	36.5309	0.532359
1	100	36	99.9609	36.5297	0.531155
1	102	36	101.961	36.5307	0.532178
1	104	36	103.964	36.5314	0.532669
1	106	36	105.989	36.5194	0.519548
1	108	36	108.102	36.4639	0.474955
1	110	36	110.619	36.2107	0.65417
1	112	36	112.505	36.3325	0.604982
1	114	36	114.94	36.2605	0.975667
1	116	36	117.024	36.2081	1.04497
1	118	36	119.192	36.327	1.23594
1	120	36	121.216	36.3017	1.2528
1	122	36	123.245	36.2813	1.27619
1	124	36	125.277	36.2644	1.30383
1	126	36	127.284	36.2514	1.30821
1	128	36	129.316	36.2473	1.33893
1	130	36	131.35	36.2377	1.37075
1	132	36	133.097	36.0264	1.09769
1	134	36	135.771	36.5118	1.84393
1	28	38	28.7022	37.6503	0.784427
1	30	38	29.9919	37.4077	0.592318
1	32	38	31.9287	37.4632	0.54147
1	34	38	33.9233	37.4745	0.531072
1	36	38	35.8014	37.6	0.446586
1	38	38	37.9307	37.4774	0.527133
1	40	38	39.9379	37.4803	0.523436
1	42	38	41.9519	37.4886	0.513619
1	44	38	43.9658	37.4994	0.501818
1	46	38	46	37.5323	0.467682
1	48	38	48.1078	37.6602	0.356506
1	50	38	50.1961	37.8278	0.260981
1	52	38	51.9315	37.9393	0.0915043
1	54	38	53.9698	37.9757	0.0387258
1	56	38	56.1113	38.0841	0.139453
1	58	38	58.1011	38.0925	0.137028
1	60	38	60.0804	38.0885	0.119565
1	62	38	62.429	38.5898	0.72934
1	64	38	64.3782	38.6935	0.78991
1	66	38	66.3761	39.034	1.10024
1	68	38	68.2104	39.1575	1.17643
1	70	38	69.9996	39.3142	1.31423
1	72	38	71.7242	39.5167	1.54158
1	74	38	71.6739	50.1556	12.3761
1	76	38	76.412	37.2447	0.860377
1	78	38	78.4327	37.405	0.735716
1	80	38	80.4541	37.5004	0.675128
1	82	38	84.3279	58.1748	20.3086
1	84	38	85.258	37.0098	1.60093
1	86	38	86.9167	37.3625	1.11657
1	88	38	88.3613	37.8302	0.399216
1	90	38	90.3337	37.9774	0.334473
1	92	38	92.0307	38.4045	0.405687
1	94	38	93.9762	38.4798	0.480395
1	96	38	95.9334	38.5233	0.527478
1	98	38	97.927	38.5258	0.530831
1	100	38	99.9257	38.5258	0.531035
1	102	38	101.926	38.5271	0.532361
1	104	38	103.927	38.5319	0.536897
1	106	38	105.93	38.5365	0.541108
1	108	38	108.228	38.5722	0.616048
1	110	38	110.468	38.4377	0.640765
1	112	38	112.296	38.5436	0.619023
1	114	38	114.786	38.5278	0.947069
1	116	38	117.162	38.4572	1.24867
1	118	38	119.22	38.3697	1.27486
1	120	38	121.534	38.6239	1.65593
1	122	38	123.653	38.6757	1.78536
1	124	38	125.624	38.5902	1.72762
1	126	38	127.607	38.521	1.68938
1	128	38	129.172	38.1289	1.17882
1	130	38	131.026	37.9817	1.02646
1	132	38	133.02	37.949	1.02162
1	134	38	134.305	37.43	0.646543
1	28	40	27.6824	39.6303	0.487377
1	30	40	29.8666	39.4838	0.533135
1	32	40	31.8718	39.4879	0.527885
1	34	40	33.7652	39.6007	0.463249
1	36	40	35.8857	39.4891	0.523486
1	38	40	37.8929	39.494	0.517236
1	40	40	39.9073	39.4975	0.510943
1	42	40	41.9286	39.5083	0.496899
1	44	40	43.9662	39.5379	0.463333
1	46	40	46.0629	39.6345	0.370899
1	48	40	48.0248	39.5955	0.405249
1	50	40	50.1657	39.7861	0.270598
1	52	40	52.2874	39.9979	0.28737
1	54	40	54.1944	40.042	0.198849
1	56	40	56.1013	40.0582	0.1168
1	58	40	58.1396	40.1035	0.173757
1	60	40	60.0169	41.2498	1.24993
1	62	40	61.1218	42.2587	2.42342
1	64	40	64.3735	40.5603	0.673342
1	66	40	66.3914	40.8809	0.96391
1	68	40	68.2469	41.1111	1.13825
1	70	40	69.9999	41.2894	1.2894
1	72	40	71.6599	41.5304	1.56776
1	74	40	71.9753	50.3254	10.5221
1	76	40	76.3629	39.4556	0.654277
1	78	40	74.6159	51.9805	12.4493
1	80	40	80.3528	39.6825	0.474566
1	82	40	82.3719	39.7212	0.464779
1	84	40	84.4251	39.7278	0.504744
1	86	40	87.3812	39.1768	1.6079
1	88	40	88.8583	39.3946	1.05029
1	90	40	90.3647	39.9873	0.364886
1	92	40	92.1384	40.2711	0.304441
1	94	40	93.9518	40.4701	0.472565
1	96	40	95.9089	40.5071	0.515198
1	98	40	97.896	40.5158	0.526147
1	100	40	99.8917	40.5185	0.529715
1	102	40	101.89	40.5208	0.532279
1	104	40	103.893	40.5273	0.538145
1	106	40	105.917	40.557	0.563146
1	108	40	107.965	40.6061	0.607047
1	110	40	110.273	40.6549	0.709599
1	112	40	113.022	40.8108	1.30461
1	114	40	114.636	40.8623	1.07121
1	116	40	117.254	41.0318	1.62386
1	118	40	119.569	40.8328	1.77663
1	120	40	121.531	40.647	1.66252
1	122	40	124.128	41.1647	2.42546
1	124	40	126.044	41.0092	2.27973
1	126	40	127.914	40.8212	2.0824
1	128	40	128.93	39.9214	0.932903
1	130	40	132.892	41.5192	3.26684
1	132	40	134.005	40.7408	2.13771
1	134	40	134.495	39.5166	0.692162
1	28	42	27.1411	42.096	0.864266
1	30	42	29.6566	41.6546	0.487039
1	32	42	31.8014	41.53	0.510224
1	34	42	33.8253	41.5167	0.513924
1	36	42	35.8365	41.5203	0.506777
1	38	42	37.8559	41.5193	0.501806
1	40	42	39.8746	41.5123	0.503531
1	42	42	41.8967	41.5215	0.489547
1	44	42	43.9289	41.5426	0.462923
1	46	42	45.9776	41.584	0.416628
1	48	42	48.1623	41.772	0.279819
1	50	42	50.1992	41.8281	0.263112
1	52	42	52.2798	41.9519	0.283875
1	54	42	54.2539	41.9674	0.255944
1	56	42	56.4188	42.2285	0.47707
1	58	42	56.4092	38.5222	3.82436
1	60	42	60.0593	41.5066	0.496946
1	62	42	62.1243	43.1926	1.19906
1	64	42	63.2885	44.1572	2.27154
1	66	42	66.3321	42.5812	0.6694
1	68	42	68.3014	43.0548	1.09702
1	70	42	70	43.2656	1.26556
1	72	42	71.551	43.5713	1.63421
1	74	42	72.2944	50.4951	8.66462
1	76	42	76.3073	41.6414	0.472265
1	78	42	78.2983	41.739	0.396366
1	80	42	80.3249	41.7726	0.396549
1	82	42	82.3568	41.7923	0.41289
1	84	42	84.3923	41.8057	0.437802
1	86	42	86.428	41.819	0.464727
1	88	42	89.1724	40.9924	1.54586
1	90	42	90.8491	41.4647	1.00378
1	92	42	92.3372	42.0535	0.341416
1	94	42	93.9528	42.4318	0.434392
1	96	42	95.8908	42.4844	0.496572
1	98	42	97.8697	42.4998	0.516498
1	100	42	99.8619	42.502	0.520665
1	102	42	101.854	42.5068	0.527333
1	104	42	103.855	42.5163	0.536249
1	106	42	105.878	42.5479	0.561216
1	108	42	107.59	42.2593	0.484994
1	110	42	109.565	42.256	0.505056
1	112	42	112.838	43.1894	1.45477
1	114	42	114.685	43.1725	1.35811
1	116	42	117.069	43.2659	1.65666
1	118	42	119.619	43.2701	2.05769
1	120	42	121.959	43.2022	2.29871
1	122	42	123.749	42.83	1.93626
1	124	42	127.404	44.3679	4.14658
1	126	42	129.099	43.9638	3.66893
1	128	42	131.161	43.917	3.69671
1	130	42	132.132	42.931	2.32627
1	132	42	134.083	42.8327	2.24323
1	134	42	134.388	41.3933	0.72029
1	28	44	27.124	44.1201	0.884156
1	30	44	29.1674	44.1195	0.841104
1	32	44	31.85	43.4555	0.564749
1	34	44	33.8041	43.5194	0.519024
1	36	44	35.7989	43.5417	0.500492
1	38	44	37.8217	43.5389	0.49434
1	40	44	39.8465	43.5413	0.483706
1	42	44	41.8771	43.5517	0.464823
1	44	44	43.918	43.5747	0.433129
1	46	44	46.0035	43.6433	0.356702
1	48	44	48.0762	43.7117	0.298214
1	50	44	50.1989	43.8453	0.25195
1	52	44	52.2581	43.933	0.26661
1	54	44	54.4449	44.2017	0.488487
1	56	44	56.371	44.159	0.403632
1	58	44	58.326	44.1448	0.356651
1	60	44	58.6042	40.6651	3.61517
1	62	44	61.9159	43.2165	0.788004
1	64	44	64.5086	45.1554	1.26241
1	66	44	66.2416	44.302	0.386776
1	68	44	68.3912	44.9781	1.05344
1	70	44	70	45.2426	1.24264
1	72	44	71.3637	45.5907	1.71323
1	74	44	74.25	43.6876	0.40013
1	76	44	76.2608	43.7827	0.339471
1	78	44	78.2648	43.8345	0.312218
1	80	44	80.2887	43.8558	0.322667
1	82	44	82.3173	43.8685	0.34344
1	84	44	84.349	43.8779	0.369757
1	86	44	86.3806	43.8889	0.396461
1	88	44	88.3553	43.963	0.357228
1	90	44	91.2512	43.1124	1.534
1	92	44	92.8504	43.5879	0.94496
1	94	44	94.254	44.1486	0.294297
1	96	44	95.8939	44.4438	0.4563
1	98	44	97.8553	44.4689	0.490732
1	100	44	99.8335	44.4792	0.507341
1	102	44	101.819	44.4853	0.51781
1	104	44	103.815	44.4956	0.529142
1	106	44	105.84	44.5355	0.558924
1	108	44	107.882	44.5871	0.598914
1	110	44	111.808	46.5567	3.13113
1	112	44	112.311	45.0122	1.05884
1	114	44	115.144	45.4956	1.88324
1	116	44	116.952	45.4562	1.74
1	118	44	119.114	45.387	1.77924
1	120	44	121.57	45.3596	2.07683
1	122	44	124.047	45.2638	2.40567
1	124	44	125.992	45.0371	2.24555
1	126	44	130.293	47.1965	5.35215
1	128	44	131.622	46.4237	4.35829
1	130	44	130.605	43.5801	0.736295
1	132	44	134.121	44.8928	2.30159
1	134	44	134.197	43.2157	0.808638
1	28	46	27.1244	46.1266	0.884676
1	30	46	29.1314	46.1618	0.883505
1	32	46	31.1634	46.1721	0.854079
1	34	46	33.802	45.4961	0.541433
1	36	46	35.7926	45.5372	0.507161
1	38	46	37.7813	45.5815	0.472214
1	40	46	39.8188	45.5776	0.4596
1	42	46	41.8732	45.6038	0.415946
1	44	46	43.9329	45.6327	0.373389
1	46	46	46.0015	45.6774	0.32259
1	48	46	48.0727	45.7362	0.273649
1	50	46	50.1953	45.8562	0.242486
1	52	46	52.1784	45.8601	0.226753
1	54	46	54.4092	46.1469	0.434759
1	56	46	56.3301	46.1012	0.345243
1	58	46	58.282	46.082	0.293712
1	60	46	60.251	46.0792	0.263153
1	62	46	60.7121	42.559	3.67414
1	64	46	63.7888	44.7848	1.23342
1	66	46	66.1991	46.1493	0.248911
1	68	46	67.6232	47.4533	1.50138
1	70	46	69.2753	48.5379	2.63936
1	72	46	72.1976	45.7037	0.35615
1	74	46	74.2032	45.8476	0.254062
1	76	46	76.2147	45.8927	0.240003
1	78	46	78.226	45.9153	0.241393
1	80	46	80.2488	45.9256	0.259636
1	82	46	82.2757	45.9321	0.283928
1	84	46	84.3055	45.9375	0.311796
1	86	46	86.3353	45.9456	0.339663
1	88	46	87.6566	46.6583	0.742492
1	90	46	90.3287	46.0258	0.329726
1	92	46	92.2544	46.1169	0.279984
1	94	46	94.8908	45.6702	0.949845
1	96	46	96.3046	46.1231	0.328558
1	98	46	97.8683	46.4093	0.429916
1	100	46	99.8122	46.4177	0.458025
1	102	46	101.778	46.4198	0.475014
1	104	46	103.747	46.4151	0.48631
1	106	46	105.72	46.4107	0.497224
1	108	46	107.92	46.6615	0.666294
1	110	46	110.127	46.8858	0.894836
1	112	46	112.03	46.7792	0.779817
1	114	46	114.646	47.3666	1.51159
1	116	46	116.638	47.3265	1.47181
1	118	46	119.515	47.2113	1.93983
1	120	46	121.861	47.3075	2.27452
1	122	46	124.298	47.6547	2.83192
1	124	46	126.122	47.2104	2.44336
1	126	46	128.36	47.37	2.72845
1	128	46	131.447	48.3426	4.16741
1	130	46	132.244	47.1019	2.49977
1	132	46	132.182	45.1688	0.850879
1	134	46	134.057	45.0693	0.932471
1	28	48	27.1251	48.1327	0.884935
1	30	48	29.1312	48.1691	0.885106
1	32	48	31.1397	48.2049	0.884359
1	34	48	33.175	48.1958	0.847927
1	36	48	35.7852	47.5564	0.492841
1	38	48	37.7923	47.5794	0.469121
1	40	48	39.809	47.6054	0.438387
1	42	48	41.8424	47.6242	0.407543
1	44	48	43.8922	47.6393	0.376442
1	46	48	45.94	47.662	0.343263
1	48	48	48.0727	47.7643	0.246609
1	50	48	50.5163	48.1339	0.533342
1	52	48	52.4127	48.0884	0.422036
1	54	48	54.1988	47.9168	0.215472
1	56	48	56.2929	48.0534	0.297763
1	58	48	58.2432	48.0323	0.245299
1	60	48	60.2115	48.0255	0.212982
1	62	48	62.1888	48.0251	0.1905
1	64	48	64.172	48.0287	0.174385
1	66	48	66.1605	48.0401	0.165455
1	68	48	68.1534	48.0767	0.171503
1	70	48	69.5511	49.1972	1.27862
1	72	48	72.1552	47.9224	0.173524
1	74	48	74.162	47.9595	0.167009
1	76	48	76.1738	47.971	0.176173
1	78	48	78.1884	47.9765	0.189878
1	80	48	80.2104	47.9793	0.21137
1	82	48	82.2363	47.9813	0.237062
1	84	48	84.2654	47.9839	0.265879
1	86	48	85.649	48.6313	0.722285
1	88	48	88.3299	47.9933	0.329942
1	90	48	90.312	48.0414	0.314683
1	92	48	92.2518	48.1124	0.275765
1	94	48	94.1073	48.2244	0.248765
1	96	48	96.9102	47.7704	0.938748
1	98	48	98.2192	48.1492	0.265111
1	100	48	99.7771	48.3684	0.430546
1	102	48	101.73	48.3617	0.451192
1	104	48	103.688	48.3502	0.46918
1	106	48	105.622	48.3008	0.483432
1	108	48	107.857	48.6158	0.632287
1	110	48	73.4538	47.5298	36.5493
1	112	48	112.069	48.8593	0.862073
1	114	48	114.239	49.0276	1.05495
1	116	48	116.305	49.0824	1.12464
1	118	48	118.534	49.2833	1.39014
1	120	48	121.329	49.8314	2.263
1	122	48	123.461	49.8109	2.32652
1	124	48	126.478	50.1652	3.29056
1	126	48	129.073	50.1713	3.7625
1	128	48	130.117	49.0894	2.38063
1	130	48	131.243	48.1709	1.25506
1	132	48	136.012	50.731	4.85345
1	134	48	134.021	47.0083	0.991882
1	28	50	27.1264	50.1405	0.884812
1	30	50	29.1255	50.1698	0.890798
1	32	50	31.0872	50.1599	0.92672
1	34	50	33.0717	50.1729	0.944276
1	36	50	34.8884	49.9888	1.11165
1	38	50	37.8049	49.622	0.425346
1	40	50	39.8468	49.6705	0.36336
1	42	50	41.8782	49.6694	0.352308
1	44	50	43.9237	49.7152	0.294858
1	46	50	46.5761	50.1473	0.594639
1	48	50	48.54	50.1026	0.549699
1	50	50	50.4485	50.064	0.45303
1	52	50	52.3651	50.034	0.366635
1	54	50	54.2869	50.005	0.286938
1	56	50	56.1494	49.9018	0.178783
1	58	50	58.2083	49.9944	0.208342
1	60	50	60.1764	49.9862	0.176948
1	62	50	62.1539	49.982	0.154987
1	64	50	64.1373	49.9771	0.139229
1	66	50	66.126	49.9685	0.129852
1	68	50	68.1194	49.9403	0.133484
1	70	50	70.1354	49.0593	0.950429
1	72	50	72.1187	50.0593	0.132698
1	74	50	74.126	50.0315	0.129921
1	76	50	76.1379	50.023	0.139818
1	78	50	78.1539	50.0193	0.15515
1	80	50	80.1754	50.0177	0.176256
1	82	50	82.201	50.0175	0.201753
1	84	50	83.6349	50.611	0.71178
1	86	50	86.2637	50.0203	0.264443
1	88	50	88.2972	50.0251	0.298275
1	90	50	69.2667	51.173	20.7664
1	92	50	92.207	50.1151	0.236795
1	94	50	94.0778	50.2019	0.216399
1	96	50	95.8831	50.2545	0.280067
1	98	50	98.8984	49.8354	0.913341
1	100	50	100.099	50.0745	0.12359
1	102	50	101.646	50.261	0.439939
1	104	50	103.604	50.2393	0.462546
1	106	50	105.751	50.47	0.531703
1	108	50	107.732	50.4774	0.547293
1	110	50	109.58	50.3352	0.537277
1	112	50	111.893	50.6704	0.678862
1	114	50	114.586	51.4455	1.55967
1	116	50	115.829	50.6458	0.667929
1	118	50	118.526	51.3343	1.4343
1	120	50	120.71	51.4865	1.6472
1	122	50	122.688	51.4398	1.59568
1	124	50	124.803	51.4969	1.6988
1	126	50	127.743	52.0769	2.71127
1	128	50	132.045	53.2693	5.20091
1	130	50	130.225	49.1554	0.874052
1	132	50	138.673	55.4077	8.58901
1	134	50	134.021	48.951	1.04922
1	28	52	27.1124	52.1153	0.895018
1	30	52	29.0924	52.1409	0.91846
1	32	52	31.0858	52.1646	0.92886
1	34	52	32.9861	52.0925	1.01808
1	36	52	34.9671	52.1031	1.03807
1	38	52	36.8291	51.9368	1.1726
1	40	52	39.8474	51.665	0.368128
1	42	52	41.8976	51.7065	0.310827
1	44	52	44.539	52.0948	0.547308
1	46	52	46.4952	52.0526	0.498012
1	48	52	48.4225	52.0301	0.423543
1	50	52	50.3919	52.025	0.392703
1	52	52	52.3142	51.9848	0.314588
1	54	52	54.249	51.9689	0.250934
1	56	52	56.1993	51.958	0.203654
1	58	52	58.0927	51.8791	0.152323
1	60	52	49.4478	38.697	16.9799
1	62	52	62.1231	51.9539	0.131413
1	64	52	64.107	51.9465	0.119652
1	66	52	66.0957	51.9282	0.119605
1	68	52	68.0893	51.8661	0.160938
1	70	52	70.1346	49.0666	2.93649
1	72	52	72.0876	52.1314	0.157926
1	74	52	74.0951	52.0713	0.118894
1	76	52	76.107	52.0535	0.119646
1	78	52	78.1235	52.0463	0.131923
1	80	52	80.1447	52.0434	0.151084
1	82	52	82.1703	52.043	0.175652
1	84	52	84.2018	52.043	0.206338
1	86	52	86.2334	52.0466	0.237964
1	88	52	88.2673	52.0513	0.272147
1	90	52	90.2736	52.0723	0.28296
1	92	52	92.2016	52.1142	0.231685
1	94	52	94.0645	52.1702	0.182017
1	96	52	95.888	52.2224	0.248991
1	98	52	97.7548	52.2438	0.345776
1	100	52	100.858	51.8687	0.867817
1	102	52	101.802	52.3873	0.435012
1	104	52	103.518	52.1379	0.500946
1	106	52	105.659	52.3371	0.479452
1	108	52	107.431	52.0949	0.577055
1	110	52	109.276	51.9572	0.725648
1	112	52	111.121	51.8296	0.895038
1	114	52	113.181	51.9464	0.820517
1	116	52	115.238	52.0453	0.763481
1	118	52	117.115	51.9525	0.886635
1	120	52	119.397	52.265	0.658969
1	122	52	123.32	54.0995	2.47991
1	124	52	124.441	53.2596	1.33448
1	126	52	124.879	51.8846	1.12667
1	128	52	126.845	51.8951	1.1598
1	130	52	131.501	52.6183	1.623
1	132	52	138.042	56.9517	7.81163
1	134	52	135.374	52.2285	1.39262
1	28	54	27.9939	53.1173	0.882705
1	30	54	29.1014	54.1588	0.912558
1	32	54	31.053	54.1362	0.956765
1	34	54	32.9486	54.0569	1.05296
1	36	54	35.1997	54.3457	0.871733
1	38	54	37.8036	54.9639	0.983723
1	40	54	39.1125	54.2635	0.925783
1	42	54	42.6896	54.132	0.702066
1	44	54	44.6399	54.0787	0.644681
1	46	54	46.5673	54.0263	0.567883
1	48	54	48.4662	53.9859	0.4664
1	50	54	50.3416	53.9556	0.344473
1	52	54	52.2636	53.9444	0.269434
1	54	54	54.1475	53.9412	0.158826
1	56	54	48.5638	35.099	20.3112
1	58	54	58.1379	53.9366	0.151763
1	60	54	60.1011	53.9236	0.126669
1	62	54	62.0972	53.9392	0.114647
1	64	54	64.0812	53.9324	0.105656
1	66	54	66.0698	53.9128	0.111715
1	68	54	68.0633	53.8417	0.170514
1	70	54	70	52.6909	1.30914
1	72	54	72.0616	54.1541	0.165933
1	74	54	74.0691	54.0864	0.110589
1	76	54	76.0809	54.0674	0.105352
1	78	54	78.0974	54.0609	0.114865
1	80	54	80.1185	54.0593	0.132536
1	82	54	82.1442	54.0603	0.156344
1	84	54	84.1753	54.0629	0.186215
1	86	54	86.2137	54.0668	0.223913
1	88	54	88.2457	54.0704	0.255591
1	90	54	90.2834	54.0763	0.293522
1	92	54	92.2929	54.106	0.311459
1	94	54	94.8272	54.1444	0.839691
1	96	54	96.563	54.2083	0.600297
1	98	54	98.4822	54.2316	0.534899
1	100	54	101.987	54.0742	1.98888
1	102	54	102.683	53.8099	0.709391
1	104	54	103.623	54.2271	0.440101
1	106	54	105.505	54.1154	0.507837
1	108	54	107.263	53.8578	0.750137
1	110	54	109.091	53.7034	0.956173
1	112	54	111.569	54.2661	0.506831
1	114	54	114.658	55.6563	1.78221
1	116	54	117.44	56.4899	2.87633
1	118	54	117.023	53.8547	0.987314
1	120	54	118.97	53.8406	1.04235
1	122	54	121.312	54.2163	0.72156
1	124	54	122.89	53.8444	1.12126
1	126	54	124.858	53.8556	1.15141
1	128	54	126.829	53.8704	1.17801
1	130	54	137.252	60.7236	9.88906
1	132	54	131.927	52.9557	1.04687
1	134	54	133.998	52.858	1.14197
1	28	56	28.0117	55.0817	0.918419
1	30	56	30.0654	55.1412	0.861253
1	32	56	30.6991	55.6869	1.33805
1	34	56	33.0858	56.2091	0.937857
1	36	56	35.8342	57.0231	1.03649
1	38	56	36.9176	56.0939	1.08646
1	40	56	38.9417	56.1489	1.06875
1	42	56	40.9496	56.1624	1.06292
1	44	56	44.3906	56.0967	0.402395
1	46	56	46.7533	56.5109	0.910216
1	48	56	48.8382	56.5071	0.979643
1	50	56	49.6571	56.1685	0.382025
1	52	56	51.7	56.1815	0.350634
1	54	56	53.7166	56.1855	0.338648
1	56	56	56.6968	56.7578	1.02948
1	58	56	58.6536	56.7663	1.00718
1	60	56	60.568	56.7473	0.938653
1	62	56	62.6408	56.5211	0.825939
1	64	56	64.2053	56.9454	0.967471
1	66	56	66.1646	56.8841	0.899246
1	68	56	68.1041	56.8057	0.812388
1	70	56	70	56.4201	0.420078
1	72	56	81.1922	26.2712	31.1175
1	74	56	74.0478	56.0837	0.0964059
1	76	56	76.0596	56.0695	0.0915969
1	78	56	78.076	56.0665	0.10103
1	80	56	80.0971	56.068	0.11858
1	82	56	82.1229	56.0718	0.142308
1	84	56	84.1528	56.0771	0.171173
1	86	56	82.7064	54.2106	3.74826
1	88	56	71.956	47.8776	17.9829
1	90	56	90.2415	56.1	0.261348
1	92	56	92.1608	56.1158	0.198193
1	94	56	94.0813	56.1288	0.152266
1	96	56	95.9963	56.1628	0.162834
1	98	56	97.915	56.2072	0.223925
1	100	56	99.6798	56.6562	0.730173
1	102	56	101.291	56.5978	0.927083
1	104	56	104.839	56.0491	0.840911
1	106	56	105.721	56.3721	0.465242
1	108	56	107.778	56.5242	0.569391
1	110	56	109.872	56.706	0.717451
1	112	56	112.024	56.9348	0.935069
1	114	56	112.927	55.6184	1.13918
1	116	56	114.896	55.6522	1.15725
1	118	56	116.869	55.679	1.1759
1	120	56	118.951	55.8156	1.06493
1	122	56	120.914	55.8191	1.10111
1	124	56	122.886	55.8328	1.12675
1	126	56	124.852	55.8416	1.15866
1	128	56	130.359	59.085	3.88336
1	130	56	130.067	55.1931	0.809639
1	132	56	131.942	54.8836	1.11796
1	134	56	142.228	63.3412	11.027
1	28	58	28.1132	57.158	0.849578
1	30	58	30.1872	57.2182	0.80386
1	32	58	33.473	58.3446	1.51281
1	34	58	31.4184	56.3001	3.09094
1	36	58	35.7144	58.926	0.969083
0	38	58	0	0	0
0	40	58	0	0	0
0	42	58	0	0	0
0	44	58	0	0	0
0	46	58	0	0	0
0	48	58	0	0	0
0	50	58	0	0	0
0	52	58	0	0	0
0	54	58	0	0	0
0	56	58	0	0	0
0	58	58	0	0	0
0	60	58	0	0	0
0	62	58	0	0	0
0	64	58	0	0	0
0	66	58	0	0	0
0	68	58	0	0	0
0	70	58	0	0	0
0	72	58	0	0	0
0	74	58	0	0	0
0	76	58	0	0	0
0	78	58	0	0	0
0	80	58	0	0	0
0	82	58	0	0	0
0	84	58	0	0	0
0	86	58	0	0	0
0	88	58	0	0	0
0	90	58	0	0	0
0	92	58	0	0	0
0	94	58	0	0	0
0	96	58	0	0	0
0	98	58	0	0	0
0	100	58	0	0	0
1	102	58	70.3108	47.8892	33.2631
1	104	58	105.301	57.5276	1.38438
1	106	58	109.325	60.7883	4.33904
1	108	58	107.05	57.7147	0.99218
1	110	58	109.007	57.6875	1.04094
1	112	58	111.932	58.8206	0.823429
1	114	58	114.074	59.0329	1.03559
1	116	58	114.892	57.622	1.17024
1	118	58	117.12	57.9035	0.885421
1	120	58	119.066	57.9368	0.935975
1	122	58	121.044	57.9507	0.956805
1	124	58	123.003	57.9452	0.998878
1	126	58	124.976	57.9548	1.0245
1	128	58	127.001	57.9616	1.00005
1	130	58	129.638	57.2738	0.811248
1	132	58	139.945	65.9142	11.2143
1	134	58	133.561	57.1807	0.929408
1	28	60	27.9154	58.938	1.06532
1	30	60	30.1092	59.1196	0.887119
1	32	60	32.0398	59.0513	0.949544
1	34	60	34.3911	59.353	0.756027
1	36	60	35.4047	60.6096	0.852045
0	38	60	0	0	0
0	40	60	0	0	0
0	42	60	0	0	0
0	44	60	0	0	0
0	46	60	0	0	0
0	48	60	0	0	0
0	50	60	0	0	0
0	52	60	0	0	0
0	54	60	0	0	0
0	56	60	0	0	0
0	58	60	0	0	0
0	60	60	0	0	0
0	62	60	0	0	0
0	64	60	0	0	0
0	66	60	0	0	0
0	68	60	0	0	0
0	70	60	0	0	0
0	72	60	0	0	0
0	74	60	0	0	0
0	76	60	0	0	0
0	78	60	0	0	0
0	80	60	0	0	0
0	82	60	0	0	0
0	84	60	0	0	0
0	86	60	0	0	0
0	88	60	0	0	0
0	90	60	0	0	0
0	92	60	0	0	0
0	94	60	0	0	0
0	96	60	0	0	0
0	98	60	0	0	0
0	100	60	0	0	0
1	102	60	102.397	58.4801	1.57089
1	104	60	104.329	58.4155	1.61825
1	106	60	106.497	58.7583	1.33755
1	108	60	107.836	59.1067	0.908194
1	110	60	109.175	59.7163	0.872792
1	112	60	111.14	59.7005	0.910347
1	114	60	114.367	61.3906	1.43812
1	116	60	114.95	59.676	1.09919
1	118	60	117.087	59.7763	0.939619
1	120	60	119.356	60.2432	0.688178
1	122	60	120.916	59.8059	1.10104
1	124	60	122.88	59.8144	1.13498
1	126	60	124.848	59.8229	1.1658
1	128	60	127.975	58.7774	1.22289
1	130	60	130.01	58.7525	1.24754
1	132	60	140.214	68.5205	11.8348
1	134	60	133.427	59.285	0.916434
1	28	62	27.9611	60.9461	1.05458
1	30	62	30.5435	61.5084	0.732851
1	32	62	32.2672	61.2322	0.812951
1	34	62	33.9938	60.975	1.025
1	36	62	36.9532	61.8114	0.971722
0	38	62	0	0	0
0	40	62	0	0	0
0	42	62	0	0	0
0	44	62	0	0	0
0	46	62	0	0	0
0	48	62	0	0	0
0	50	62	0	0	0
0	52	62	0	0	0
0	54	62	0	0	0
0	56	62	0	0	0
0	58	62	0	0	0
0	60	62	0	0	0
0	62	62	0	0	0
0	64	62	0	0	0
0	66	62	0	0	0
0	68	62	0	0	0
0	70	62	0	0	0
0	72	62	0	0	0
0	74	62	0	0	0
0	76	62	0	0	0
0	78	62	0	0	0
0	80	62	0	0	0
0	82	62	0	0	0
0	84	62	0	0	0
0	86	62	0	0	0
0	88	62	0	0	0
0	90	62	0	0	0
0	92	62	0	0	0
0	94	62	0	0	0
0	96	62	0	0	0
0	98	62	0	0	0
0	100	62	0	0	0
1	102	62	102.668	60.7812	1.38967
1	104	62	104.126	60.2373	1.76719
1	106	62	106.573	60.7073	1.41416
1	108	62	108.414	60.7545	1.31251
1	110	62	110.849	62.312	0.904514
1	112	62	111.122	61.6529	0.943845
1	114	62	112.964	61.5637	1.12393
1	116	62	115.106	61.7893	0.918841
1	118	62	116.896	61.6108	1.17062
1	120	62	118.923	61.7255	1.11182
1	122	62	120.877	61.7414	1.15283
1	124	62	122.842	61.7634	1.18188
1	126	62	124.813	61.7808	1.20682
1	128	62	126.782	61.7916	1.23568
1	130	62	128.778	61.823	1.23522
1	132	62	130.955	61.6891	1.09027
1	134	62	132.758	61.904	1.24535
1	28	64	27.9532	62.907	1.09398
1	30	64	30.1497	63.0993	0.913099
1	32	64	31.9938	62.9437	1.05633
1	34	64	33.9913	62.9401	1.05992
1	36	64	36.9605	63.8152	0.978161
0	38	64	0	0	0
0	40	64	0	0	0
0	42	64	0	0	0
0	44	64	0	0	0
0	46	64	0	0	0
0	48	64	0	0	0
0	50	64	0	0	0
0	52	64	0	0	0
0	54	64	0	0	0
0	56	64	0	0	0
0	58	64	0	0	0
0	60	64	0	0	0
0	62	64	0	0	0
0	64	64	0	0	0
0	66	64	0	0	0
0	68	64	0	0	0
0	70	64	0	0	0
0	72	64	0	0	0
0	74	64	0	0	0
0	76	64	0	0	0
0	78	64	0	0	0
0	80	64	0	0	0
0	82	64	0	0	0
0	84	64	0	0	0
0	86	64	0	0	0
0	88	64	0	0	0
0	90	64	0	0	0
0	92	64	0	0	0
0	94	64	0	0	0
0	96	64	0	0	0
0	98	64	0	0	0
0	100	64	0	0	0
1	102	64	102.593	62.73	1.40164
1	104	64	105.122	63.2746	1.33619
1	106	64	106.599	62.7591	1.37803
1	108	64	108.498	62.6645	1.42544
1	110	64	111.615	64.1178	1.61966
1	112	64	112.932	64.4632	1.04036
1	114	64	113.067	63.6385	1.00026
1	116	64	115.013	63.6477	1.04804
1	118	64	116.892	63.6048	1.17601
1	120	64	118.909	63.6771	1.1376
1	122	64	120.864	63.7001	1.17503
1	124	64	122.827	63.7266	1.20432
1	126	64	124.792	63.7484	1.23403
1	128	64	126.783	63.7867	1.23531
1	130	64	128.776	63.8215	1.23649
1	132	64	130.779	63.8505	1.23025
1	134	64	132.767	63.8937	1.2375
1	28	66	28.0502	64.9936	1.00769
1	30	66	29.9844	64.9034	1.09668
1	32	66	31.9932	64.9083	1.09176
1	34	66	33.9919	64.9069	1.09316
1	36	66	36.7421	65.6074	0.839575
0	38	66	0	0	0
0	40	66	0	0	0
0	42	66	0	0	0
0	44	66	0	0	0
0	46	66	0	0	0
0	48	66	0	0	0
0	50	66	0	0	0
0	52	66	0	0	0
0	54	66	0	0	0
0	56	66	0	0	0
0	58	66	0	0	0
0	60	66	0	0	0
0	62	66	0	0	0
0	64	66	0	0	0
0	66	66	0	0	0
0	68	66	0	0	0
0	70	66	0	0	0
0	72	66	0	0	0
0	74	66	0	0	0
0	76	66	0	0	0
0	78	66	0	0	0
0	80	66	0	0	0
0	82	66	0	0	0
0	84	66	0	0	0
0	86	66	0	0	0
0	88	66	0	0	0
0	90	66	0	0	0
0	92	66	0	0	0
0	94	66	0	0	0
0	96	66	0	0	0
0	98	66	0	0	0
0	100	66	0	0	0
1	102	66	102.535	64.6965	1.40882
1	104	66	102.253	65.7166	1.76955
1	106	66	106.748	64.9334	1.30294
1	108	66	108.448	64.6393	1.43255
1	110	66	110.271	64.4618	1.56181
1	112	66	113.558	66.1377	1.56376
1	114	66	113.598	65.1372	0.951772
1	116	66	114.994	65.6033	1.0812
1	118	66	116.944	65.6191	1.12237
1	120	66	118.897	65.6414	1.15946
1	122	66	120.838	65.6624	1.2102
1	124	66	122.824	65.7028	1.21283
1	126	66	124.799	65.7508	1.22681
1	128	66	126.785	65.7835	1.2341
1	130	66	128.777	65.8176	1.23608
1	132	66	130.773	65.8533	1.23608
1	134	66	132.77	65.8896	1.23535
1	28	68	27.9693	66.8873	1.11314
1	30	68	29.9817	66.8799	1.12022
1	32	68	31.9812	66.8645	1.13565
1	34	68	33.9928	66.8729	1.12708
1	36	68	33.5173	64.4828	4.3052
1	38	68	37.1498	66.0821	2.09793
1	40	68	41.9222	67.1338	2.10833
1	42	68	43.9391	67.1692	2.10959
1	44	68	45.9553	67.2046	2.11093
1	46	68	47.9709	67.24	2.11233
1	48	68	49.9857	67.2754	2.11378
1	50	68	51.9998	67.3107	2.11527
1	52	68	54.0132	67.3461	2.11677
1	54	68	56.026	67.3815	2.11827
1	56	68	58.038	67.4168	2.11977
1	58	68	60.0493	67.4522	2.12125
1	60	68	62.0599	67.4875	2.12269
1	62	68	64.0698	67.5229	2.1241
1	64	68	66.079	67.5582	2.12544
1	66	68	68.0875	67.5936	2.12673
1	68	68	70.0953	67.6289	2.12795
1	70	68	72.1024	67.6642	2.12908
1	72	68	74.1088	67.6995	2.13013
1	74	68	76.1145	67.7348	2.13109
1	76	68	77.7221	67.4656	1.80307
1	78	68	79.155	67.0519	1.49427
0	80	68	0	0	0
0	82	68	0	0	0
0	84	68	0	0	0
0	86	68	0	0	0
0	88	68	0	0	0
1	90	68	135.296	59.7784	46.036
1	92	68	101.888	65.4287	10.2173
1	94	68	102.312	65.6635	8.63392
1	96	68	102.809	65.8947	7.12699
1	98	68	98.7271	66.8735	1.34079
1	100	68	101.907	67.9896	1.90653
1	102	68	102.208	66.4099	1.60363
1	104	68	104.207	66.4143	1.59914
1	106	68	106.234	66.4463	1.57131
1	108	68	106.306	67.8676	1.69884
1	110	68	110.485	66.7128	1.37542
1	112	68	112.233	66.4579	1.55956
1	114	68	114.113	66.6757	1.32909
1	116	68	115.521	67.1102	1.01061
1	118	68	116.801	67.7104	1.23306
1	120	68	118.781	67.7174	1.25085
1	122	68	120.766	67.7314	1.26255
1	124	68	124.083	69.1798	1.18267
1	126	68	124.802	67.7325	1.22768
1	128	68	126.779	67.782	1.24031
1	130	68	128.585	68.0023	1.41483
1	132	68	130.771	67.8525	1.23788
1	134	68	132.87	67.9892	1.12991
1	28	70	27.9589	68.8675	1.13325
1	30	70	29.97	68.8624	1.13795
1	32	70	31.9834	68.849	1.15111
1	34	70	20.9663	54.2739	20.4252
1	36	70	53.3503	86.1194	23.6826
1	38	70	39.2118	70.0154	1.21192
1	40	70	37.1162	66.1383	4.81963
1	42	70	43.9428	69.1692	2.11295
1	44	70	45.9593	69.2046	2.11462
1	46	70	47.9752	69.24	2.11635
1	48	70	49.9903	69.2754	2.11812
1	50	70	52.0047	69.3108	2.11991
1	52	70	54.0184	69.3462	2.1217
1	54	70	56.0314	69.3815	2.12349
1	56	70	58.0437	69.4169	2.12525
1	58	70	60.0552	69.4522	2.12699
1	60	70	62.0661	69.4876	2.12867
1	62	70	64.0762	69.5229	2.1303
1	64	70	66.0856	69.5583	2.13187
1	66	70	68.0943	69.5936	2.13335
1	68	70	70.1023	69.6289	2.13475
1	70	70	72.1095	69.6643	2.13606
1	72	70	74.116	69.6996	2.13726
1	74	70	75.6976	69.421	1.79363
1	76	70	77.1328	69.0236	1.49551
1	78	70	136.197	59.7343	59.0952
1	80	70	96.5659	30.7838	42.5716
1	82	70	64.9873	52.8907	24.128
1	84	70	102.81	65.886	19.2543
1	86	70	86.6927	68.7707	1.41102
1	88	70	88.6926	68.7859	1.39773
1	90	70	90.6925	68.8011	1.38456
1	92	70	92.6924	68.8161	1.3715
1	94	70	94.6922	68.831	1.35855
1	96	70	97.9757	69.9787	1.97578
1	98	70	98.175	68.3963	1.61321
1	100	70	100.173	68.4009	1.60843
1	102	70	102.172	68.4052	1.60399
1	104	70	104.17	68.4092	1.5999
1	106	70	106.169	68.4128	1.59621
1	108	70	108.163	68.4113	1.59706
1	110	70	110.403	68.6567	1.40249
1	112	70	112.3	68.559	1.47199
1	114	70	112.76	69.7359	1.26777
1	116	70	116.01	68.6424	1.35763
1	118	70	117.427	69.1116	1.05706
1	120	70	118.697	69.7617	1.32501
1	122	70	120.684	69.7855	1.33294
1	124	70	124.079	71.178	1.18064
1	126	70	126.058	71.1817	1.18308
1	128	70	126.781	69.7755	1.23968
1	130	70	128.752	69.8357	1.25867
1	132	70	130.842	69.9834	1.15777
1	134	70	133.161	70.3228	0.898872
1	28	72	28.2229	71.1998	0.83063
1	30	72	29.9579	70.8404	1.1604
1	32	72	45.8753	86.2669	19.9015
1	34	72	20.7591	56.0159	20.7561
1	36	72	36.7683	71.603	0.8648
1	38	72	39.1039	71.9089	1.10768
1	40	72	41.2499	72.0178	1.24999
1	42	72	43.286	72.0164	1.28606
1	44	72	45.9642	71.2046	2.11914
1	46	72	47.9804	71.24	2.12122
1	48	72	49.9959	71.2754	2.12332
1	50	72	52.0106	71.3108	2.12543
1	52	72	54.0246	71.3462	2.12754
1	54	72	56.0379	71.3816	2.12962
1	56	72	58.0504	71.4169	2.13167
1	58	72	60.0622	71.4523	2.13367
1	60	72	62.0732	71.4877	2.13561
1	62	72	64.0836	71.523	2.13748
1	64	72	66.0932	71.5584	2.13927
1	66	72	68.1021	71.5937	2.14096
1	68	72	69.9771	71.7587	1.99175
1	70	72	72.1176	71.6643	2.14404
1	72	72	73.6857	71.3664	1.80084
1	74	72	74.6584	70.6679	1.4859
1	76	72	76.6583	70.6834	1.47199
1	78	72	78.6581	70.6988	1.45817
1	80	72	80.658	70.7141	1.44445
1	82	72	82.6579	70.7294	1.43082
1	84	72	84.6577	70.7446	1.41729
1	86	72	86.6576	70.7597	1.40387
1	88	72	88.6575	70.7747	1.39055
1	90	72	90.6573	70.7896	1.37735
1	92	72	94.0874	71.9975	2.08743
1	94	72	96.0136	71.9711	2.01382
1	96	72	99.848	73.5128	4.1347
1	98	72	98.1379	70.392	1.61392
1	100	72	100.136	70.3966	1.60923
1	102	72	102.135	70.4009	1.60473
1	104	72	104.134	70.405	1.60058
1	106	72	106.133	70.4087	1.59679
1	108	72	108.129	70.41	1.59529
1	110	72	110.13	70.4137	1.59162
1	112	72	112.195	70.4829	1.52964
1	114	72	114.128	70.4171	1.58808
1	116	72	114.316	72.0331	1.68445
1	118	72	116.169	72.1835	1.84031
1	120	72	119.378	71.11	1.08572
1	122	72	122.106	73.1802	1.18494
1	124	72	124.085	73.1844	1.18745
1	126	72	126.065	73.1905	1.19224
1	128	72	126.779	71.7732	1.2421
1	130	72	128.748	72.0433	1.2524
1	132	72	131.072	72.3961	1.00938
1	134	72	133.545	72.7029	0.837081
1	28	74	23.3642	67.2001	8.22981
1	30	74	20.3904	61.5868	15.6981
1	32	74	20.5851	59.4865	18.4646
1	34	74	34.9572	73.8801	0.964645
1	36	74	36.9531	73.81	0.97182
1	38	74	38.9181	73.7206	0.959678
1	40	74	41.2276	73.9966	1.22764
1	42	74	42.0659	75.6241	1.62543
1	44	74	45.2992	73.9955	1.29925
1	46	74	47.9866	73.2401	2.12699
1	48	74	50.0024	73.2755	2.12944
1	50	74	52.0174	73.3109	2.13189
1	52	74	54.0317	73.3463	2.13433
1	54	74	55.999	73.4332	2.07778
1	56	74	58.0165	73.4623	2.08693
1	58	74	60.1096	73.4104	2.19048
1	60	74	62.1176	73.4502	2.1878
1	62	74	64.125	73.4896	2.18542
1	64	74	66.1346	73.5259	2.18658
1	66	74	67.8795	73.8191	1.88817
1	68	74	70.1468	73.6028	2.18328
1	70	74	71.6666	73.3205	1.79985
1	72	74	72.6234	72.6429	1.49338
1	74	74	74.6232	72.6583	1.47935
1	76	74	76.6231	72.6737	1.46541
1	78	74	78.623	72.6889	1.45156
1	80	74	80.6228	72.7041	1.4378
1	82	74	82.6227	72.7192	1.42415
1	84	74	84.6226	72.7342	1.41059
1	86	74	86.6224	72.7492	1.39714
1	88	74	90.1494	73.9671	2.14962
1	90	74	92.0617	73.9318	2.06286
1	92	74	94.0926	73.9936	2.09259
1	94	74	94.1033	72.3779	1.62536
1	96	74	96.1019	72.3833	1.6199
1	98	74	98.1006	72.3884	1.61473
1	100	74	100.099	72.3932	1.60985
1	102	74	102.098	72.3976	1.60538
1	104	74	104.097	72.4018	1.60116
1	106	74	105.94	75.7855	1.78651
1	108	74	108.09	72.4044	1.59818
1	110	74	110.093	72.4097	1.59303
1	112	74	112.094	72.4143	1.58848
1	114	74	114.201	72.5242	1.48943
1	116	74	116.091	72.4152	1.5874
1	118	74	115.995	74.3451	2.03436
1	120	74	117.377	74.9655	2.79543
1	122	74	122.727	74.6627	0.98383
1	124	74	124.097	75.1945	1.19844
1	126	74	126.077	75.202	1.20451
1	128	74	126.762	74.0111	1.23839
1	130	74	128.905	74.567	1.23297
1	132	74	131.293	74.8807	1.1296
1	134	74	133.636	75.0716	1.13188
1	28	76	24.686	70.8208	6.14874
1	30	76	20.3908	63.2284	15.9828
1	32	76	20.5569	61.0988	18.788
1	34	76	35.0191	75.9844	1.01925
1	36	76	36.9789	75.8796	0.98623
1	38	76	39.0886	75.9125	1.09216
1	40	76	41.0179	75.7869	1.04
1	42	76	43.2635	75.9969	1.26354
1	44	76	45.3061	76.0034	1.30606
1	46	76	47.3518	76.0116	1.35188
1	48	76	51.0467	74.0575	3.61322
1	50	76	52.0851	75.2422	2.21853
1	52	76	54.0947	75.285	2.21333
1	54	76	56.106	75.3248	2.21155
1	56	76	58.1169	75.3638	2.21048
1	58	76	60.1256	75.4042	2.20752
1	60	76	62.1337	75.4441	2.20494
1	62	76	64.1432	75.4818	2.20494
1	64	76	65.8567	75.8067	1.86674
1	66	76	68.1571	75.5594	2.20163
1	68	76	69.6504	75.2739	1.80307
1	70	76	70.5883	74.6187	1.50141
1	72	76	72.5882	74.634	1.48726
1	74	76	74.5881	74.6493	1.4732
1	76	76	76.5879	74.6644	1.45923
1	78	76	78.5878	74.6796	1.44535
1	80	76	80.5877	74.6946	1.43157
1	82	76	82.5875	74.7096	1.41788
1	84	76	84.5874	74.7244	1.4043
1	86	76	88.1032	75.8782	2.10674
1	88	76	90.1768	75.9773	2.17693
1	90	76	90.0682	74.3636	1.63778
1	92	76	92.067	74.3696	1.63179
1	94	76	94.0657	74.3753	1.62606
1	96	76	96.0646	74.3807	1.62059
1	98	76	94.1382	77.3964	4.10651
1	100	76	85.9398	85.445	16.938
1	102	76	92.9239	83.5486	11.805
1	104	76	183.292	145.537	105.464
1	106	76	105.545	77.6867	1.74705
1	108	76	110.195	77.7693	2.81954
1	110	76	110.057	74.4084	1.59259
1	112	76	112.059	74.4122	1.58888
1	114	76	114.159	74.5143	1.49421
1	116	76	115.999	74.3566	1.64336
1	118	76	118.058	74.4171	1.58401
1	120	76	120.059	74.4179	1.58324
1	122	76	123.254	76.236	1.27605
1	124	76	124.683	76.707	0.982896
1	126	76	124.601	76.1604	1.40823
1	128	76	126.724	76.7689	1.48943
1	130	76	129.11	77.0888	1.40615
1	132	76	131.457	77.2755	1.38624
1	134	76	133.816	77.3664	1.37874
1	28	78	65.1833	56.5141	42.9446
1	30	78	65.0143	56.5151	41.0804
1	32	78	32.9778	78.0747	0.980624
1	34	78	30.839	73.2185	5.73192
1	36	78	32.3767	72.7679	6.36426
1	38	78	33.7772	72.1949	7.1785
1	40	78	35.0416	71.5168	8.16201
1	42	78	50.8597	85.7601	11.7776
1	44	78	52.6846	85.3394	11.3706
1	46	78	47.2228	77.8884	1.22786
1	48	78	49.3818	78.0063	1.3818
1	50	78	37.5243	78.7067	12.4957
1	52	78	55.2886	75.9918	3.8533
1	54	78	56.1256	77.3155	2.23306
1	56	78	58.1351	77.3565	2.22994
1	58	78	60.1441	77.397	2.22724
1	60	78	62.1556	77.4339	2.22871
1	62	78	63.8336	77.7946	1.84507
1	64	78	66.1705	77.513	2.22449
1	66	78	67.635	77.2284	1.8079
1	68	78	68.5533	76.595	1.50997
1	70	78	70.5531	76.6103	1.49571
1	72	78	72.553	76.6255	1.48153
1	74	78	74.5529	76.6407	1.46744
1	76	78	76.5527	76.6558	1.45344
1	78	78	78.5526	76.6708	1.43954
1	80	78	80.5525	76.6857	1.42573
1	82	78	84.3334	77.9668	2.33362
1	84	78	86.176	77.8838	2.17907
1	86	78	88.2312	77.968	2.23144
1	88	78	88.0313	76.3557	1.64464
1	90	78	85.7887	79.8794	4.61169
1	92	78	92.6647	79.7359	1.85881
1	94	78	91.0471	80.0961	3.62129
1	96	78	92.4813	79.4021	3.78775
1	98	78	93.4167	80.1444	5.06017
1	100	78	96.6265	79.2288	3.59036
1	102	78	92.3977	84.5943	11.6486
1	104	78	85.6244	91.9056	23.0441
1	106	78	103.653	78.4247	2.38498
1	108	78	109.199	79.2119	1.70506
1	110	78	110.022	76.4084	1.59174
1	112	78	112.024	76.4116	1.58857
1	114	78	114.023	76.4187	1.58151
1	116	78	116.02	76.4134	1.58674
1	118	78	118.024	76.4166	1.58357
1	120	78	120.024	76.4169	1.58324
1	122	78	122.024	76.4166	1.58359
1	124	78	123.854	76.807	1.20198
1	126	78	124.764	78.7405	1.44084
1	128	78	126.939	79.2885	1.66922
1	130	78	129.256	79.4943	1.66915
1	132	78	131.639	79.5755	1.61637
1	134	78	133.878	79.4396	1.44477
1	28	80	33.5798	86.1714	8.31988
1	30	80	31.0056	80.095	1.0101
1	32	80	29.5607	75.9403	4.73617
1	34	80	31.2819	75.6618	5.11937
1	36	80	32.9265	75.3065	5.61028
1	38	80	34.4768	74.8635	6.22867
1	40	80	35.8922	74.2993	7.02655
1	42	80	43.0352	79.7695	1.06057
1	44	80	45.1957	79.8944	1.2004
1	46	80	47.3297	79.992	1.32973
1	48	80	49.3486	79.9757	1.34882
1	50	80	51.4134	80.0026	1.4134
1	52	80	15.5363	85.3849	36.8592
1	54	80	57.4797	77.9159	4.05606
1	56	80	59.5715	77.9061	4.14002
1	58	80	60.1681	79.3858	2.25344
1	60	80	61.8102	79.7828	1.82316
1	62	80	64.184	79.4667	2.24817
1	64	80	65.5926	79.1673	1.7971
1	66	80	66.5182	78.5721	1.51904
1	68	80	68.5181	78.5873	1.50467
1	70	80	70.5179	78.6025	1.49038
1	72	80	72.5178	78.6176	1.47618
1	74	80	74.5177	78.6327	1.46206
1	76	80	76.5176	78.6476	1.44804
1	78	80	80.3353	79.8697	2.33897
1	80	80	80.5173	78.6773	1.42028
1	82	80	84.4359	80.0478	2.43633
1	84	80	86.3829	80.046	2.38334
1	86	80	81.6553	81.8053	4.70484
1	88	80	84.2555	81.4243	4.0062
1	90	80	88.3323	81.2143	2.06293
1	92	80	89.5122	80.9266	2.65472
1	94	80	91.3515	80.8924	2.79482
1	96	80	93.3632	80.8753	2.77824
1	98	80	95.248	80.8248	2.87294
1	100	80	96.9967	80.9123	3.13879
1	102	80	99.4102	80.8352	2.72115
1	104	80	100.617	81.2636	3.61117
1	106	80	82.6056	98.6718	29.9322
1	108	80	98.6278	86.6812	11.5099
1	110	80	110.999	80.6126	1.17154
1	112	80	111.988	78.4118	1.58823
1	114	80	113.988	78.4139	1.58618
1	116	80	115.995	78.4358	1.56416
1	118	80	117.988	78.4169	1.5831
1	120	80	119.989	78.417	1.58306
1	122	80	122.073	78.5031	1.49867
1	124	80	124.395	78.8439	1.22177
1	126	80	125.706	78.7146	1.31851
1	128	80	127.326	81.3466	1.50603
1	130	80	129.474	81.768	1.8446
1	132	80	131.74	81.6132	1.63396
1	134	80	133.847	81.511	1.51874
