1	28	28	28.3676	27.9976	0.367609
1	30	28	30.3169	27.8789	0.339266
1	32	28	30.7135	26.4682	2.00038
1	34	28	32.9358	26.6009	1.75785
1	36	28	35.3568	26.9887	1.19853
1	38	28	37.562	27.1802	0.929528
1	40	28	39.7009	27.3522	0.713563
1	42	28	41.8002	27.6486	0.404293
1	44	28	43.8934	27.8574	0.178054
1	46	28	45.8884	27.8996	0.150083
1	48	28	47.896	27.9007	0.143819
1	50	28	49.904	27.8985	0.139707
1	52	28	52.6677	25.8056	2.29376
1	54	28	54.3516	25.4415	2.5825
1	56	28	56.2178	25.2881	2.7206
1	58	28	58.0686	25.0544	2.94639
1	60	28	59.7526	24.3218	3.68654
1	62	28	62.0275	25.0074	2.99273
1	64	28	63.9478	24.7184	3.28205
1	66	28	66.1517	25.8533	2.15205
1	68	28	67.9281	27.2768	0.726793
1	70	28	69.9738	27.8654	0.137162
1	72	28	72.0634	27.3886	0.61469
1	74	28	73.763	26.5086	1.51014
1	76	28	75.6542	26.388	1.6487
1	78	28	77.494	26.491	1.59163
1	80	28	81.5102	21.2786	6.88894
1	82	28	83.2726	22.3591	5.78267
1	84	28	85.3752	22.5463	5.62444
1	86	28	86.6374	27.1601	1.05439
1	88	28	88.782	27.0876	1.20167
1	90	28	91.0338	26.9145	1.49902
1	92	28	91.896	28.0993	0.143796
1	94	28	93.8861	28.0979	0.150209
1	96	28	95.8527	28.0762	0.165872
1	98	28	97.6581	27.9143	0.352478
1	100	28	99.7394	27.875	0.289037
1	102	28	102.226	28.0657	0.235812
1	104	28	104.288	28.0146	0.288102
1	106	28	106.309	28.01	0.308781
1	108	28	108.335	27.9982	0.334773
1	110	28	110.661	27.7092	0.722373
1	112	28	112.374	28.0015	0.37392
1	114	28	114.392	28.002	0.392428
1	116	28	115.336	27.0908	1.12568
1	118	28	115.807	27.0202	2.40223
1	120	28	120.443	28.0079	0.44325
1	122	28	122.461	28.0115	0.461461
1	124	28	124.473	28.0131	0.472956
1	126	28	126.492	28.0151	0.492361
1	128	28	128.514	28.034	0.514748
1	130	28	130.53	28.0419	0.531387
1	132	28	132.535	28.0532	0.537532
1	134	28	134.531	28.0682	0.53572
1	28	30	28.3726	29.996	0.372649
1	30	30	30.3538	29.9973	0.353804
1	32	30	32.3346	29.9995	0.33462
1	34	30	34.3177	30.0014	0.317725
1	36	30	36.3008	30.0024	0.300775
1	38	30	38.2704	29.988	0.270659
1	40	30	40.1267	29.8402	0.203941
1	42	30	42.041	29.7454	0.25785
1	44	30	44.0099	29.7612	0.238972
1	46	30	45.8869	29.8934	0.155432
1	48	30	47.8902	29.9033	0.14626
1	50	30	49.9011	29.9061	0.13638
1	52	30	51.9132	29.9084	0.126245
1	54	30	53.9246	29.9103	0.117212
1	56	30	55.9355	29.9116	0.109432
1	58	30	58.0358	29.9798	0.041051
1	60	30	59.8566	29.7256	0.309597
1	62	30	61.8737	29.6959	0.329333
1	64	30	63.8887	29.6331	0.383435
1	66	30	65.0891	16.9896	13.0422
1	68	30	67.9236	29.278	0.726034
1	70	30	69.9837	29.8728	0.128214
1	72	30	68.571	47.881	18.2068
1	74	30	75.7757	11.3548	18.7295
1	76	30	76.3002	29.0845	0.963503
1	78	30	78.3564	29.1538	0.918189
1	80	30	80.277	29.4734	0.595044
1	82	30	81.9455	30.088	0.103527
1	84	30	83.9391	30.0829	0.102901
1	86	30	85.9294	30.0838	0.109603
1	88	30	87.9077	30.0974	0.13415
1	90	30	89.8966	30.0985	0.142763
1	92	30	91.8925	30.1048	0.150179
1	94	30	93.9244	30.1489	0.167005
1	96	30	95.9564	30.1868	0.191855
1	98	30	97.988	30.2196	0.219956
1	100	30	100.033	30.2507	0.252807
1	102	30	102.121	30.1731	0.210935
1	104	30	104.216	30.0844	0.232172
1	106	30	106.286	30.031	0.287912
1	108	30	108.329	30.0089	0.328862
1	110	30	110.357	30.0028	0.356577
1	112	30	112.377	30.005	0.377069
1	114	30	114.397	30.0061	0.397019
1	116	30	116.416	30.0061	0.41598
1	118	30	118.439	30.0109	0.439031
1	120	30	120.455	30.0116	0.45476
1	122	30	122.472	30.016	0.471851
1	124	30	124.503	30.0331	0.503803
1	126	30	126.518	30.0368	0.519314
1	128	30	128.536	30.0415	0.537421
1	130	30	130.549	30.0491	0.551204
1	132	30	132.559	30.0582	0.561774
1	134	30	134.562	30.0695	0.566551
1	28	32	28.3798	31.9885	0.379973
1	30	32	30.3595	31.992	0.359588
1	32	32	32.3385	31.9935	0.338582
1	34	32	34.2774	31.96	0.28024
1	36	32	36.049	31.7615	0.2435
1	38	32	38.0211	31.7365	0.264307
1	40	32	40.0191	31.7352	0.265468
1	42	32	42.0159	31.7377	0.262743
1	44	32	43.9974	31.7564	0.243617
1	46	32	45.924	31.8479	0.170057
1	48	32	47.8909	31.9089	0.142145
1	50	32	49.9056	31.9188	0.124552
1	52	32	51.9208	31.9252	0.108976
1	54	32	53.9341	31.9299	0.0962002
1	56	32	55.9446	31.9327	0.0871512
1	58	32	57.9392	31.9133	0.105851
1	60	32	59.9481	31.9099	0.103925
1	62	32	61.9576	31.9057	0.103416
1	64	32	63.8633	31.6086	0.414573
1	66	32	65.9423	31.7455	0.260979
1	68	32	67.9714	31.7574	0.244296
1	70	32	69.7857	32.8654	0.891558
1	72	32	72.119	31.2414	0.767881
1	74	32	74.0036	32.1139	0.113952
1	76	32	75.904	32.2907	0.30614
1	78	32	78.3809	31.1905	0.894655
1	80	32	80.4374	31.2562	0.862903
1	82	32	82.3134	31.5559	0.543536
1	84	32	83.9633	32.0446	0.0577698
1	86	32	85.8757	32.132	0.181316
1	88	32	87.9121	32.0832	0.120982
1	90	32	89.9062	32.0894	0.129542
1	92	32	91.9206	32.1351	0.156673
1	94	32	93.9096	32.1441	0.170098
1	96	32	95.9436	32.1881	0.19632
1	98	32	97.9075	32.1551	0.180549
1	100	32	100.017	32.2638	0.264355
1	102	32	102.026	32.2561	0.257423
1	104	32	104.131	32.1602	0.206788
1	106	32	106.227	32.0835	0.241915
1	108	32	108.311	32.0285	0.312216
1	110	32	110.358	32.0132	0.357846
1	112	32	112.383	32.0119	0.383491
1	114	32	114.405	32.0152	0.405546
1	116	32	116.424	32.0152	0.424581
1	118	32	107.138	28.8862	11.2995
1	120	32	120.478	32.0302	0.479204
1	122	32	122.493	32.0301	0.49407
1	124	32	124.525	32.0469	0.526753
1	126	32	126.543	32.0526	0.545968
1	128	32	128.555	32.0504	0.557132
1	130	32	130.577	32.0591	0.580125
1	132	32	132.591	32.0662	0.594725
1	134	32	134.602	32.0743	0.606623
1	28	34	28.4027	33.964	0.404281
1	30	34	30.3873	33.9578	0.389582
1	32	34	32.3299	33.8976	0.345434
1	34	34	34.0354	33.7413	0.261141
1	36	34	36.0031	33.7332	0.266835
1	38	34	38.0015	33.734	0.265992
1	40	34	40.0016	33.7344	0.265583
1	42	34	42.0018	33.734	0.26603
1	44	34	44.0035	33.7348	0.265188
1	46	34	46.0063	33.7535	0.246571
1	48	34	47.9787	33.8785	0.123358
1	50	34	49.9578	33.9498	0.0655896
1	52	34	51.9567	33.9624	0.0573206
1	54	34	53.9609	33.9634	0.0535582
1	56	34	55.9707	33.9687	0.0428818
1	58	34	57.96	33.95	0.0640083
1	60	34	59.9659	33.9484	0.0617999
1	62	34	62.0011	34.001	0.00149654
1	64	34	64.0159	34.0373	0.0405207
1	66	34	65.9365	33.7372	0.270321
1	68	34	68.0826	34.6195	0.625011
1	70	34	69.7835	34.8493	0.876505
1	72	34	71.8979	34.7657	0.772433
1	74	34	73.889	34.4411	0.454857
1	76	34	75.9431	34.148	0.158544
1	78	34	77.9937	34.013	0.0144653
1	80	34	80.4673	33.2989	0.842544
1	82	34	83.6692	34.5853	1.76883
1	84	34	84.3262	33.6505	0.47801
1	86	34	85.9577	34.0398	0.0580797
1	88	34	87.9717	34.0307	0.0417421
1	90	34	89.9714	34.0716	0.0771082
1	92	34	91.9436	34.147	0.157491
1	94	34	93.9553	34.1993	0.204262
1	96	34	95.989	34.2544	0.254663
1	98	34	97.9982	34.2652	0.265214
1	100	34	99.9992	34.2656	0.265583
1	102	34	102	34.2657	0.265671
1	104	34	104.544	34.7542	0.93007
1	106	34	106.132	34.164	0.210642
1	108	34	108.245	34.099	0.264131
1	110	34	110.341	34.0679	0.347241
1	112	34	112.397	34.0437	0.39939
1	114	34	114.424	34.035	0.425069
1	116	34	116.475	34.0663	0.479938
1	118	34	118.496	34.0653	0.499844
1	120	34	120.515	34.0638	0.518973
1	122	34	122.531	34.0607	0.534523
1	124	34	124.561	34.0746	0.566235
1	126	34	126.58	34.0784	0.585689
1	128	34	128.597	34.0814	0.602796
1	130	34	130.616	34.0817	0.620994
1	132	34	132.637	34.0929	0.643688
1	134	34	134.649	34.0981	0.656279
1	28	36	28.4581	35.8977	0.469423
1	30	36	30.4522	35.7031	0.540905
1	32	36	32.0778	35.6884	0.321185
1	34	36	33.9929	35.7247	0.27543
1	36	36	35.9838	35.7331	0.267405
1	38	36	37.9835	35.7348	0.265727
1	40	36	39.9841	35.7353	0.265201
1	42	36	41.9856	35.7359	0.264492
1	44	36	43.9905	35.7393	0.260868
1	46	36	46.0051	35.7545	0.245561
1	48	36	48.0447	35.8438	0.162433
1	50	36	50.0289	35.967	0.0439084
1	52	36	52.039	36.0139	0.0414199
1	54	36	54.0233	36.0177	0.0292582
1	56	36	55.9945	35.9949	0.00748592
1	58	36	58.0335	36.0363	0.0493546
1	60	36	60.0312	36.0406	0.0511811
1	62	36	62.0368	36.0596	0.0699992
1	64	36	64.1687	36.3669	0.403849
1	66	36	66.1307	36.4286	0.448048
1	68	36	68.0924	36.6005	0.607614
1	70	36	69.7812	36.8335	0.861748
1	72	36	71.8828	36.7616	0.770601
1	74	36	73.9396	36.2032	0.212035
1	76	36	76.0366	35.9216	0.0864899
1	78	36	78.0894	35.8548	0.170509
1	80	36	80.1222	35.8412	0.200398
1	82	36	82.8179	35.6845	0.876687
1	84	36	83.7361	34.5032	1.51989
1	86	36	86.3179	35.7412	0.40993
1	88	36	88.0712	35.965	0.0793466
1	90	36	90.0514	36.0359	0.0627108
1	92	36	92.008	36.1756	0.175745
1	94	36	93.9898	36.2376	0.237783
1	96	36	95.9846	36.263	0.263484
1	98	36	97.9819	36.2653	0.265961
1	100	36	99.9816	36.2649	0.265576
1	102	36	101.982	36.2654	0.266088
1	104	36	103.983	36.2662	0.266719
1	106	36	106.028	36.2468	0.248415
1	108	36	108.16	36.198	0.254793
1	110	36	110.339	36.155	0.372393
1	112	36	112.407	36.1619	0.438127
1	114	36	114.524	36.1563	0.547243
1	116	36	116.538	36.1337	0.554647
1	118	36	118.57	36.1414	0.587185
1	120	36	120.581	36.1293	0.595623
1	122	36	122.593	36.1179	0.604153
1	124	36	124.601	36.1064	0.610268
1	126	36	126.637	36.124	0.648953
1	128	36	128.653	36.1236	0.664259
1	130	36	130.661	36.1164	0.670909
1	132	36	132.417	35.926	0.423408
1	134	36	134.288	35.8414	0.32892
1	28	38	28.5756	37.7122	0.643525
1	30	38	30.1248	37.6139	0.405812
1	32	38	31.9888	37.7099	0.290296
1	34	38	33.9692	37.7293	0.272487
1	36	38	35.8597	37.8403	0.212573
1	38	38	37.9649	37.7379	0.264451
1	40	38	39.9673	37.7389	0.263164
1	42	38	41.9719	37.7415	0.260019
1	44	38	44.0781	37.8476	0.171256
1	46	38	45.9989	37.7661	0.233903
1	48	38	48.055	37.834	0.174836
1	50	38	50.1082	37.9367	0.125353
1	52	38	52.0491	38.0072	0.0496504
1	54	38	54.0429	38.0257	0.0499819
1	56	38	56.0823	38.0635	0.103957
1	58	38	58.0582	38.0533	0.0789032
1	60	38	60.0867	38.0953	0.128861
1	62	38	62.2038	38.2802	0.346451
1	64	38	64.1791	38.3286	0.374256
1	66	38	66.1886	38.5185	0.551737
1	68	38	68.1054	38.58	0.589463
1	70	38	69.779	38.818	0.847288
1	72	38	71.8615	38.7617	0.77421
1	74	38	74.1177	37.6766	0.344154
1	76	38	76.1261	37.769	0.263192
1	78	38	78.1557	37.7859	0.264673
1	80	38	80.1804	37.8015	0.268246
1	82	38	82.1369	37.8745	0.185734
1	84	38	84.6286	37.5043	0.800518
1	86	38	86.6506	37.5472	0.792651
1	88	38	88.293	37.8187	0.344596
1	90	38	90.1387	38.019	0.139944
1	92	38	92.0346	38.1829	0.186095
1	94	38	93.9925	38.2372	0.237278
1	96	38	89.2229	44.994	9.7388
1	98	38	97.9657	38.2621	0.264355
1	100	38	99.9642	38.2629	0.265299
1	102	38	101.964	38.2636	0.266055
1	104	38	103.965	38.2667	0.268968
1	106	38	105.97	38.2722	0.273859
1	108	38	108.102	38.3161	0.332345
1	110	38	110.263	38.3109	0.407281
1	112	38	112.381	38.3146	0.494056
1	114	38	114.608	38.3324	0.69305
1	116	38	116.673	38.2946	0.734402
1	118	38	118.663	38.2422	0.705722
1	120	38	120.699	38.2504	0.742585
1	122	38	122.707	38.2305	0.743201
1	124	38	124.701	38.2003	0.728848
1	126	38	126.693	38.1716	0.713696
1	128	38	128.539	38.028	0.539517
1	130	38	70.921	48.8724	60.0711
1	132	38	132.36	37.8689	0.383043
1	134	38	134.26	37.8042	0.325464
1	28	40	27.8942	39.7743	0.24923
1	30	40	29.999	39.6833	0.316711
1	32	40	31.954	39.7261	0.27773
1	34	40	33.8381	39.8442	0.224696
1	36	40	35.9439	39.7423	0.263707
1	38	40	37.9462	39.7445	0.261086
1	40	40	39.9515	39.746	0.258591
1	42	40	41.9595	39.7501	0.253184
1	44	40	43.974	39.7613	0.240082
1	46	40	46.0236	39.8099	0.191513
1	48	40	48.0258	39.8135	0.188228
1	50	40	50.1016	39.9131	0.133644
1	52	40	52.1601	40.0186	0.161201
1	54	40	54.135	40.052	0.144702
1	56	40	56.0992	40.0603	0.116078
1	58	40	58.1038	40.0773	0.129452
1	60	40	59.755	41.0465	1.07482
1	62	40	61.0541	42.2073	2.40145
1	64	40	64.1814	40.2722	0.327093
1	66	40	66.2003	40.4509	0.49342
1	68	40	68.1237	40.5566	0.570172
1	70	40	69.9998	40.6473	0.647265
1	72	40	71.8292	40.7688	0.78754
1	74	40	74.152	39.6581	0.374204
1	76	40	76.1521	39.7719	0.274128
1	78	40	78.1682	39.8108	0.253157
1	80	40	80.1519	39.8633	0.2044
1	82	40	82.1594	39.8806	0.199159
1	84	40	84.1876	39.8806	0.222403
1	86	40	86.6781	39.5757	0.799947
1	88	40	88.5971	39.5197	0.76628
1	90	40	90.2775	39.8822	0.301464
1	92	40	92.0569	40.1499	0.160339
1	94	40	93.9772	40.2349	0.235971
1	96	40	95.9606	40.2491	0.252148
1	98	40	97.9514	40.2561	0.260623
1	100	40	99.9476	40.2585	0.263716
1	102	40	101.946	40.2598	0.265369
1	104	40	103.947	40.2629	0.2683
1	106	40	105.801	40.1178	0.231621
1	108	40	107.998	40.3164	0.316451
1	110	40	110.178	40.4102	0.447
1	112	40	112.557	40.5338	0.771674
1	114	40	114.666	40.5962	0.893561
1	116	40	116.875	40.6228	1.07369
1	118	40	118.886	40.5	1.01758
1	120	40	120.835	40.3991	0.925634
1	122	40	122.875	40.4054	0.964668
1	124	40	124.843	40.3431	0.910529
1	126	40	126.672	40.1587	0.690458
1	128	40	128.48	39.9734	0.481104
1	130	40	130.438	39.9248	0.444432
1	132	40	132.281	39.7951	0.347466
1	134	40	134.214	39.7431	0.334409
1	28	42	27.5633	42.0568	0.440403
1	30	42	29.8008	41.8533	0.247378
1	32	42	31.8924	41.7727	0.251514
1	34	42	33.9185	41.7514	0.261675
1	36	42	35.921	41.7547	0.257721
1	38	42	37.9277	41.7554	0.255049
1	40	42	39.9357	41.7545	0.25374
1	42	42	41.946	41.759	0.246949
1	44	42	43.9619	41.7697	0.23342
1	46	42	45.9882	41.7923	0.208049
1	48	42	48.0836	41.8887	0.13921
1	50	42	50.1076	41.9231	0.132294
1	52	42	52.1545	41.9939	0.154659
1	54	42	54.1592	42.0287	0.161755
1	56	42	56.2098	42.1117	0.237679
1	58	42	56.1607	38.3291	4.10594
1	60	42	59.8848	41.3746	0.635903
1	62	42	61.9322	43.051	1.05316
1	64	42	63.2222	44.1094	2.24822
1	66	42	66.1808	42.3164	0.364362
1	68	42	68.1509	42.5282	0.54932
1	70	42	69.9999	42.6351	0.635101
1	72	42	71.7744	42.7897	0.821293
1	74	42	74.1419	41.7517	0.285938
1	76	42	76.1444	41.8315	0.221922
1	78	42	78.1361	41.8809	0.180906
1	80	42	80.1482	41.8963	0.180827
1	82	42	82.1671	41.903	0.193177
1	84	42	84.187	41.9088	0.208087
1	86	42	86.2037	41.9191	0.21913
1	88	42	88.5851	41.4966	0.771865
1	90	42	90.6032	41.5332	0.76271
1	92	42	92.2605	41.9343	0.268666
1	94	42	93.9853	42.2088	0.209299
1	96	42	95.9532	42.2366	0.241203
1	98	42	97.9395	42.2467	0.254056
1	100	42	99.9325	42.2493	0.258265
1	102	42	101.927	42.2515	0.261778
1	104	42	103.926	42.2556	0.265948
1	106	42	105.935	42.2686	0.276343
1	108	42	107.816	42.151	0.238132
1	110	42	110.025	42.361	0.361899
1	112	42	112.481	42.698	0.847602
1	114	42	114.707	42.7894	1.05943
1	116	42	116.944	42.8328	1.25896
1	118	42	119.1	42.8128	1.36784
1	120	42	71.3862	49.3438	49.1654
1	122	42	67.1036	48.2653	55.2528
1	124	42	125.053	42.5619	1.19335
1	126	42	126.871	42.3532	0.939949
1	128	42	128.889	42.3403	0.951967
1	130	42	130.36	41.8511	0.389679
1	132	42	132.198	41.7098	0.351133
1	134	42	134.156	41.6739	0.361357
1	28	44	27.5621	44.062	0.442222
1	30	44	29.5746	44.0709	0.431309
1	32	44	31.9272	43.7245	0.284992
1	34	44	33.9143	43.744	0.269975
1	36	44	35.9004	43.7673	0.253085
1	38	44	37.9101	43.7671	0.249676
1	40	44	39.9214	43.7686	0.244378
1	42	44	41.9361	43.7738	0.235051
1	44	44	43.9569	43.7859	0.218405
1	46	44	45.9963	43.8171	0.182955
1	48	44	48.0392	43.8572	0.148053
1	50	44	50.0998	43.9229	0.126085
1	52	44	52.1405	43.9791	0.142054
1	54	44	54.2167	44.0919	0.235319
1	56	44	56.184	44.0756	0.198937
1	58	44	58.1636	44.0714	0.178448
1	60	44	58.4043	40.5188	3.8295
1	62	44	61.7713	43.1129	0.916082
1	64	44	64.3157	45.0203	1.06805
1	66	44	66.1218	44.1523	0.195011
1	68	44	68.1958	44.4895	0.527207
1	70	44	70	44.6234	0.623415
1	72	44	71.6617	44.8458	0.910909
1	74	44	74.1239	43.8451	0.198349
1	76	44	76.1295	43.8921	0.1686
1	78	44	78.1253	43.9217	0.147798
1	80	44	80.1389	43.9307	0.155207
1	82	44	82.1545	43.9366	0.166983
1	84	44	84.1702	43.9424	0.179703
1	86	44	86.1824	43.9527	0.188486
1	88	44	88.1653	43.9944	0.165391
1	90	44	90.6233	43.5537	0.766617
1	92	44	92.6389	43.597	0.755418
1	94	44	94.2093	44.0054	0.209407
1	96	44	95.9512	44.2187	0.224076
1	98	44	97.9307	44.2315	0.241648
1	100	44	99.9182	44.2368	0.250506
1	102	44	101.91	44.2394	0.255863
1	104	44	103.905	44.2427	0.260756
1	106	44	105.91	44.2549	0.270465
1	108	44	107.92	44.2707	0.282151
1	110	44	110.094	44.4502	0.459931
1	112	44	112.208	44.5544	0.592251
1	114	44	114.705	44.9252	1.16321
1	116	44	116.966	45.0472	1.42456
1	118	44	119.159	45.0416	1.55819
1	120	44	121.286	44.9971	1.62714
1	122	44	123.289	44.8846	1.56294
1	124	44	125.072	44.6023	1.22923
1	126	44	127.106	44.5973	1.25736
1	128	44	128.751	44.2239	0.783866
1	130	44	130.3	43.7888	0.366889
1	132	44	132.156	43.6605	0.373806
1	134	44	134.092	43.6086	0.402112
1	28	46	27.5625	46.0652	0.442342
1	30	46	29.5665	46.0824	0.441279
1	32	46	31.5782	46.0922	0.431768
1	34	46	33.9162	45.7263	0.286288
1	36	46	35.8976	45.7638	0.257434
1	38	46	37.8931	45.7842	0.240823
1	40	46	39.9075	45.7866	0.232572
1	42	46	41.9309	45.7961	0.215271
1	44	46	43.9599	45.8104	0.193771
1	46	46	45.9974	45.8354	0.164623
1	48	46	48.0402	45.871	0.135099
1	50	46	50.101	45.931	0.122269
1	52	46	52.2398	46.0833	0.25383
1	54	46	54.1954	46.0616	0.204894
1	56	46	56.1622	46.0458	0.168517
1	58	46	58.1407	46.0394	0.146057
1	60	46	60.1259	46.0392	0.131821
1	62	46	60.5502	42.4467	3.83766
1	64	46	63.6691	44.7035	1.33808
1	66	46	66.1001	46.0751	0.125087
1	68	46	67.1581	47.1507	1.42579
1	70	46	70	46.6133	0.613307
1	72	46	72.0979	45.8531	0.176545
1	74	46	74.1011	45.9242	0.126375
1	76	46	76.1069	45.9466	0.119471
1	78	46	78.1103	45.9587	0.117818
1	80	46	80.1224	45.9636	0.127686
1	82	46	82.136	45.9672	0.139876
1	84	46	84.1498	45.9716	0.152429
1	86	46	86.1607	45.9797	0.162016
1	88	46	88.1782	45.9812	0.179179
1	90	46	90.147	46.0279	0.149611
1	92	46	92.667	45.6172	0.769071
1	94	46	94.6873	45.6526	0.770149
1	96	46	96.2005	46.0267	0.202291
1	98	46	97.9291	46.2076	0.219395
1	100	46	99.9063	46.2125	0.232218
1	102	46	101.89	46.2137	0.240205
1	104	46	103.876	46.212	0.245565
1	106	46	105.865	46.2113	0.251016
1	108	46	107.935	46.3012	0.308066
1	110	46	110.016	46.3903	0.390633
1	112	46	103.791	38.1048	11.3897
1	114	46	114.434	46.7872	0.899104
1	116	46	116.752	47.0199	1.26728
1	118	46	119.178	47.2084	1.68753
1	120	46	121.425	47.2615	1.90291
1	122	46	123.563	47.2496	2.00075
1	124	46	125.516	47.0986	1.87204
1	126	46	127.082	46.5941	1.23403
1	128	46	128.74	46.2217	0.772608
1	130	46	130.383	45.8598	0.408313
1	132	46	132.126	45.6157	0.404543
1	134	46	134.055	45.5558	0.447559
1	28	48	27.5627	48.0682	0.442538
1	30	48	29.5664	48.0869	0.442261
1	32	48	31.5708	48.1041	0.441644
1	34	48	33.5844	48.1082	0.429494
1	36	48	35.8945	47.764	0.258489
1	38	48	37.8934	47.7785	0.245777
1	40	48	39.9013	47.7881	0.233787
1	42	48	41.9108	47.8001	0.218871
1	44	48	43.9313	47.8067	0.205203
1	46	48	45.9539	47.8181	0.187682
1	48	48	48.0429	47.886	0.121836
1	50	48	50.2532	48.0608	0.260365
1	52	48	52.2073	48.044	0.211913
1	54	48	54.1168	47.9759	0.119278
1	56	48	56.1418	48.0205	0.143308
1	58	48	58.1206	48.0141	0.121391
1	60	48	60.1057	48.0121	0.106374
1	62	48	62.0946	48.0123	0.0953692
1	64	48	64.0862	48.0144	0.0874105
1	66	48	66.0804	48.0201	0.0829189
1	68	48	68.0769	48.0385	0.0860003
1	70	48	69.8218	49.0783	1.09296
1	72	48	72.0774	47.9613	0.0865056
1	74	48	74.0808	47.9798	0.0833072
1	76	48	76.0867	47.9856	0.087853
1	78	48	78.0933	47.9884	0.0939919
1	80	48	80.1044	47.99	0.10486
1	82	48	82.117	47.9915	0.117343
1	84	48	84.1303	47.9941	0.130418
1	86	48	86.1433	47.9983	0.14331
1	88	48	88.153	48.0065	0.153129
1	90	48	90.1304	48.0405	0.13653
1	92	48	92.0875	48.0832	0.120755
1	94	48	94.7141	47.6848	0.780542
1	96	48	96.7332	47.7192	0.785171
1	98	48	98.1483	48.0526	0.157377
1	100	48	99.8906	48.1893	0.21867
1	102	48	101.869	48.1875	0.228814
1	104	48	103.852	48.1864	0.23774
1	106	48	105.822	48.1655	0.242928
1	108	48	107.906	48.2801	0.29529
1	110	48	109.966	48.3529	0.354615
1	112	48	111.986	48.376	0.376299
1	114	48	113.691	48.0776	0.318962
1	116	48	116.418	48.7882	0.892354
1	118	48	119.017	49.2758	1.63177
1	120	48	121.477	49.531	2.12714
1	122	48	123.753	49.6178	2.38554
1	124	48	125.851	49.5253	2.39831
1	126	48	127.657	49.2228	2.05932
1	128	48	128.776	48.2665	0.820933
1	130	48	130.424	47.8948	0.436627
1	132	48	132.175	47.6452	0.395554
1	134	48	134.035	47.5223	0.47906
1	28	50	27.563	50.069	0.442402
1	30	50	29.5639	50.0875	0.444843
1	32	50	31.56	50.0982	0.4508
1	34	50	33.552	50.1041	0.459978
1	36	50	64.8043	53.8806	29.0645
1	38	50	37.9114	49.8162	0.204058
1	40	50	39.9226	49.8319	0.185053
1	42	50	41.954	49.8561	0.151028
1	44	50	43.9618	49.8509	0.153877
1	46	50	46.2888	50.055	0.293996
1	48	50	48.2602	50.0395	0.263183
1	50	50	50.2237	50.0283	0.225451
1	52	50	52.1676	50.0042	0.167661
1	54	50	54.1451	50.0033	0.14511
1	56	50	56.0958	49.9723	0.0996841
1	58	50	58.1024	49.9948	0.102572
1	60	50	60.0879	49.9923	0.0882419
1	62	50	62.0769	49.9907	0.077505
1	64	50	64.0687	49.9885	0.0696865
1	66	50	66.063	49.9843	0.0649335
1	68	50	68.0596	49.9702	0.066642
1	70	50	70.0679	49.0299	0.972511
1	72	50	72.0594	50.0297	0.0664454
1	74	50	74.063	50.0158	0.0649507
1	76	50	76.0689	50.0115	0.0698339
1	78	50	78.0767	50.0097	0.0772673
1	80	50	80.0873	50.009	0.0877583
1	82	50	82.0997	50.0093	0.10015
1	84	50	84.1135	50.0105	0.114007
1	86	50	86.1291	50.012	0.129639
1	88	50	88.1399	50.0187	0.141101
1	90	50	90.1228	50.0417	0.129673
1	92	50	92.0843	50.0762	0.113618
1	94	50	94.0203	50.1142	0.116028
1	96	50	96.7675	49.7592	0.804372
1	98	50	67.9196	50.0018	30.0804
1	100	50	100.072	50.0526	0.0890347
1	102	50	101.826	50.137	0.221602
1	104	50	103.811	50.1313	0.230468
1	106	50	105.873	50.2257	0.259161
1	108	50	107.857	50.2234	0.265291
1	110	50	109.839	50.2172	0.270325
1	112	50	111.869	50.2625	0.293416
1	114	50	113.945	50.3501	0.35441
1	116	50	116.115	50.524	0.536467
1	118	50	118.557	50.9463	1.09807
1	120	50	121.161	51.4708	1.87406
1	122	50	123.66	51.8305	2.47098
1	124	50	126.034	52.0311	2.8743
1	126	50	128.355	52.1388	3.18126
1	128	50	129.469	51.0387	1.79953
1	130	50	130.219	49.6846	0.38389
1	132	50	132.125	49.5848	0.433615
1	134	50	134.03	49.491	0.509881
1	28	52	27.6046	51.9595	0.397422
1	30	52	29.5331	52.0454	0.469065
1	32	52	31.5578	52.0994	0.453277
1	34	52	33.7211	52.2785	0.39415
1	36	52	35.5235	52.0917	0.485281
1	38	52	37.4793	52.0448	0.52267
1	40	52	39.9219	51.8218	0.194549
1	42	52	41.9443	51.8475	0.162387
1	44	52	44.2789	52.0336	0.28087
1	46	52	46.2557	52.0142	0.256096
1	48	52	48.2147	52.007	0.214815
1	50	52	50.1879	52.0004	0.187862
1	52	52	52.1561	51.9909	0.156397
1	54	52	54.1251	51.9844	0.126082
1	56	52	56.1025	51.9811	0.104179
1	58	52	58.068	51.9617	0.0779802
1	60	52	60.0647	51.9695	0.0715216
1	62	52	62.0616	51.9769	0.065779
1	64	52	64.0535	51.9732	0.0598232
1	66	52	66.0478	51.9642	0.0597118
1	68	52	68.0444	51.9334	0.0800854
1	70	52	70	51.4676	0.532373
1	72	52	72.044	52.066	0.0793325
1	74	52	74.0476	52.0357	0.0595341
1	76	52	76.0535	52.0268	0.0598201
1	78	52	78.0617	52.0231	0.0658942
1	80	52	80.0745	52.0189	0.0768649
1	82	52	82.0857	52.0207	0.0881543
1	84	52	84.099	52.0226	0.101576
1	86	52	86.1137	52.0251	0.116447
1	88	52	88.1267	52.0297	0.130125
1	90	52	90.1151	52.0475	0.124558
1	92	52	92.0826	52.0681	0.107059
1	94	52	94.0199	52.0954	0.0974494
1	96	52	95.9471	52.1184	0.129674
1	98	52	70.6615	48.671	27.5404
1	100	52	100.786	51.8126	0.807557
1	102	52	101.827	52.1261	0.214019
1	104	52	103.778	52.0948	0.241563
1	106	52	105.82	52.155	0.237741
1	108	52	107.804	52.1593	0.252556
1	110	52	109.797	52.1714	0.265872
1	112	52	111.804	52.1965	0.277825
1	114	52	113.836	52.2445	0.294697
1	116	52	115.919	52.3406	0.350127
1	118	52	118.036	52.4617	0.463105
1	120	52	120.295	52.7116	0.77041
1	122	52	123.566	53.8812	2.4479
1	124	52	126.65	54.7924	3.84939
1	126	52	129.091	55.0713	4.35759
1	128	52	130.355	54.161	3.19618
1	130	52	130.26	51.7891	0.33473
1	132	52	132.041	51.4869	0.514691
1	134	52	134.043	51.487	0.514826
1	28	54	27.6436	53.8992	0.370375
1	30	54	29.5397	54.0617	0.464459
1	32	54	31.5356	54.0795	0.471129
1	34	54	33.5172	54.0753	0.488679
1	36	54	35.6695	54.2442	0.410886
1	38	54	37.8125	54.3891	0.431916
1	40	54	39.7774	54.3309	0.398851
1	42	54	42.2342	54.0818	0.248089
1	44	54	44.2091	54.0451	0.213933
1	46	54	46.4072	54.0436	0.409564
1	48	54	48.3229	54.0167	0.323357
1	50	54	50.204	53.9856	0.204488
1	52	54	52.1441	53.9751	0.146201
1	54	54	54.0514	53.962	0.0639697
1	56	54	56.0739	53.9655	0.081563
1	58	54	58.0699	53.969	0.0764781
1	60	54	60.0547	53.9661	0.064391
1	62	54	62.0486	53.9696	0.0573495
1	64	54	64.0406	53.9662	0.052789
1	66	54	66.0348	53.9565	0.0557148
1	68	54	68.0314	53.9214	0.0846708
1	70	54	70	53.4427	0.55732
1	72	54	72.031	54.0776	0.083526
1	74	54	74.0346	54.0433	0.0554333
1	76	54	76.0405	54.0337	0.052713
1	78	54	78.0487	54.0304	0.0574041
1	80	54	80.0592	54.0296	0.0662009
1	82	54	82.0722	54.0299	0.0781696
1	84	54	84.0893	54.0309	0.0945336
1	86	54	86.1175	54.0314	0.121617
1	88	54	88.1208	54.0374	0.126446
1	90	54	90.1209	54.0435	0.128486
1	92	54	92.4022	54.0421	0.404427
1	94	54	94.5278	54.0722	0.532761
1	96	54	96.6602	54.1238	0.671757
1	98	54	98.744	54.2254	0.77738
1	100	54	101.059	54.103	1.06375
1	102	54	102.731	53.826	0.751041
1	104	54	103.822	54.1166	0.212426
1	106	54	105.797	54.1157	0.233806
1	108	54	107.773	54.114	0.253717
1	110	54	109.752	54.1133	0.272633
1	112	54	111.684	54.0551	0.320383
1	114	54	113.679	54.0719	0.328988
1	116	54	115.711	54.126	0.315291
1	118	54	117.776	54.2078	0.305674
1	120	54	119.826	54.2674	0.319121
1	122	54	122.297	54.7302	0.788365
1	124	54	125.261	55.5948	2.03331
1	126	54	126.461	54.7673	0.894872
1	128	54	128.504	54.6248	0.802865
1	130	54	129.947	53.7544	0.251244
1	132	54	131.988	53.4952	0.504897
1	134	54	134.005	53.4328	0.567254
1	28	56	27.9344	55.5304	0.474206
1	30	56	29.7683	55.4046	0.638857
1	32	56	31.1354	55.4111	1.04612
1	34	56	33.4257	55.9773	0.574707
1	36	56	36.4637	57.0783	1.17379
1	38	56	38.279	56.8771	0.920431
1	40	56	39.9799	56.5754	0.575746
1	42	56	41.8473	56.4487	0.473948
1	44	56	44.016	56.3447	0.34503
1	46	56	45.7231	56.2742	0.389642
1	48	56	48.5578	56.7273	0.916532
1	50	56	50.6657	56.7556	1.00703
1	52	56	52.7295	56.7812	1.06881
1	54	56	54.7268	56.797	1.07862
1	56	56	56.6524	56.8001	1.03238
1	58	56	58.6018	56.7991	1.00034
1	60	56	60.5214	56.7759	0.934872
1	62	56	62.608	56.5546	0.822966
1	64	56	64.1817	56.9854	1.00199
1	66	56	66.1451	56.9261	0.937409
1	68	56	68.0877	56.8756	0.880032
1	70	56	70.0004	56.7619	0.761876
1	72	56	72.0204	56.0715	0.0743138
1	74	56	74.024	56.042	0.0483459
1	76	56	76.0298	56.0348	0.0458446
1	78	56	78.038	56.0333	0.0505015
1	80	56	80.0485	56.034	0.0592138
1	82	56	82.4107	56.2519	0.481768
1	84	56	84.0761	56.0383	0.0851442
1	86	56	86.0919	56.0413	0.100782
1	88	56	86.8164	56.6146	1.33367
1	90	56	90.1197	56.0492	0.129367
1	92	56	92.14	56.0586	0.151794
1	94	56	94.1437	56.0698	0.159736
1	96	56	96.1373	56.0884	0.163319
1	98	56	98.1026	56.1122	0.152045
1	100	56	100.061	56.1473	0.159365
1	102	56	102.956	56.0134	0.956542
1	104	56	104.723	55.9024	0.729907
1	106	56	105.678	55.9393	0.327468
1	108	56	107.655	55.9428	0.349535
1	110	56	109.634	55.9503	0.369424
1	112	56	111.616	55.9619	0.385807
1	114	56	113.602	55.9762	0.398754
1	116	56	115.594	55.9941	0.406141
1	118	56	117.593	56.0155	0.407335
1	120	56	119.6	56.0407	0.402287
1	122	56	121.826	56.2858	0.334339
1	124	56	123.691	56.1576	0.346909
1	126	56	125.827	56.2441	0.299347
1	128	56	129.141	57.1893	1.64806
1	130	56	130.104	55.8777	0.160653
1	132	56	131.894	55.5652	0.447501
1	134	56	133.956	55.4503	0.551462
1	28	58	28.0108	57.5346	0.465529
1	30	58	29.9759	57.5028	0.497764
1	32	58	32.1987	58.8493	0.872252
1	34	58	31.724	55.9732	3.04767
1	36	58	36.1352	58.7586	0.770554
0	38	58	0	0	0
0	40	58	0	0	0
0	42	58	0	0	0
0	44	58	0	0	0
0	46	58	0	0	0
0	48	58	0	0	0
0	50	58	0	0	0
0	52	58	0	0	0
0	54	58	0	0	0
0	56	58	0	0	0
0	58	58	0	0	0
0	60	58	0	0	0
0	62	58	0	0	0
0	64	58	0	0	0
0	66	58	0	0	0
0	68	58	0	0	0
0	70	58	0	0	0
0	72	58	0	0	0
0	74	58	0	0	0
0	76	58	0	0	0
0	78	58	0	0	0
0	80	58	0	0	0
0	82	58	0	0	0
0	84	58	0	0	0
0	86	58	0	0	0
0	88	58	0	0	0
0	90	58	0	0	0
0	92	58	0	0	0
0	94	58	0	0	0
0	96	58	0	0	0
0	98	58	0	0	0
0	100	58	0	0	0
1	102	58	102.364	57.3995	0.702093
1	104	58	104.021	57.0441	0.956164
1	106	58	106.074	57.2828	0.720973
1	108	58	107.639	57.9073	0.372455
1	110	58	109.613	57.9081	0.397654
1	112	58	111.588	57.912	0.42152
1	114	58	113.564	57.9185	0.443442
1	116	58	115.542	57.9256	0.463911
1	118	58	117.535	57.9477	0.467823
1	120	58	119.522	57.9574	0.479906
1	122	58	121.515	57.9698	0.486298
1	124	58	123.766	58.2429	0.336925
1	126	58	125.503	57.9903	0.497587
1	128	58	127.532	57.9648	0.469412
1	130	58	129.608	57.7969	0.441701
1	132	58	131.65	57.7066	0.456521
1	134	58	133.862	57.5199	0.499633
1	28	60	27.9991	59.5068	0.493242
1	30	60	29.9513	59.4612	0.540953
1	32	60	28.6177	56.4383	4.91179
1	34	60	34.0788	59.5798	0.427519
1	36	60	36.2123	60.8617	0.887511
0	38	60	0	0	0
0	40	60	0	0	0
0	42	60	0	0	0
0	44	60	0	0	0
0	46	60	0	0	0
0	48	60	0	0	0
0	50	60	0	0	0
0	52	60	0	0	0
0	54	60	0	0	0
0	56	60	0	0	0
0	58	60	0	0	0
0	60	60	0	0	0
0	62	60	0	0	0
0	64	60	0	0	0
0	66	60	0	0	0
0	68	60	0	0	0
0	70	60	0	0	0
0	72	60	0	0	0
0	74	60	0	0	0
0	76	60	0	0	0
0	78	60	0	0	0
0	80	60	0	0	0
0	82	60	0	0	0
0	84	60	0	0	0
0	86	60	0	0	0
0	88	60	0	0	0
0	90	60	0	0	0
0	92	60	0	0	0
0	94	60	0	0	0
0	96	60	0	0	0
0	98	60	0	0	0
0	100	60	0	0	0
1	102	60	102.349	59.3956	0.697835
1	104	60	104.046	59.0874	0.913775
1	106	60	106.207	59.2578	0.770419
1	108	60	108.071	59.3676	0.636299
1	110	60	109.596	59.8617	0.427145
1	112	60	111.578	59.8799	0.438329
1	114	60	113.553	59.886	0.460952
1	116	60	115.524	59.8922	0.487838
1	118	60	117.501	59.8983	0.509711
1	120	60	119.479	59.9041	0.529712
1	122	60	121.464	59.9125	0.543021
1	124	60	123.447	59.917	0.559481
1	126	60	125.431	59.9213	0.574694
1	128	60	127.408	59.9136	0.598392
1	130	60	129.448	59.8767	0.565498
1	132	60	131.568	59.7705	0.489196
1	134	60	133.651	59.7001	0.459893
1	28	62	27.9695	61.4596	0.54127
1	30	62	29.9862	61.4767	0.523492
1	32	62	31.9842	61.4746	0.525672
1	34	62	33.9952	61.484	0.516042
1	36	62	36.8917	62.3168	0.946314
0	38	62	0	0	0
0	40	62	0	0	0
0	42	62	0	0	0
0	44	62	0	0	0
0	46	62	0	0	0
0	48	62	0	0	0
0	50	62	0	0	0
0	52	62	0	0	0
0	54	62	0	0	0
0	56	62	0	0	0
0	58	62	0	0	0
0	60	62	0	0	0
0	62	62	0	0	0
0	64	62	0	0	0
0	66	62	0	0	0
0	68	62	0	0	0
0	70	62	0	0	0
0	72	62	0	0	0
0	74	62	0	0	0
0	76	62	0	0	0
0	78	62	0	0	0
0	80	62	0	0	0
0	82	62	0	0	0
0	84	62	0	0	0
0	86	62	0	0	0
0	88	62	0	0	0
0	90	62	0	0	0
0	92	62	0	0	0
0	94	62	0	0	0
0	96	62	0	0	0
0	98	62	0	0	0
0	100	62	0	0	0
1	102	62	102.321	61.3793	0.698922
1	104	62	104.213	61.275	0.755648
1	106	62	105.914	60.9685	1.03512
1	108	62	108.22	61.2902	0.743166
1	110	62	110.006	61.3849	0.61509
1	112	62	111.567	61.8509	0.457524
1	114	62	113.541	61.8528	0.481843
1	116	62	115.515	61.8589	0.505201
1	118	62	117.489	61.8658	0.528174
1	120	62	119.465	61.8732	0.549994
1	122	62	121.443	61.8807	0.569686
1	124	62	123.425	61.8893	0.585582
1	126	62	125.41	61.8972	0.598767
1	128	62	127.394	61.9024	0.613392
1	130	62	129.391	61.9143	0.614947
1	132	62	131.438	61.883	0.573627
1	134	62	133.51	61.8282	0.518924
1	28	64	27.9846	63.4591	0.541149
1	30	64	29.9817	63.4543	0.545995
1	32	64	31.9587	63.4347	0.566824
1	34	64	33.9783	63.4517	0.548742
1	36	64	36.9589	64.3473	1.01987
0	38	64	0	0	0
0	40	64	0	0	0
0	42	64	0	0	0
0	44	64	0	0	0
0	46	64	0	0	0
0	48	64	0	0	0
0	50	64	0	0	0
0	52	64	0	0	0
0	54	64	0	0	0
0	56	64	0	0	0
0	58	64	0	0	0
0	60	64	0	0	0
0	62	64	0	0	0
0	64	64	0	0	0
0	66	64	0	0	0
0	68	64	0	0	0
0	70	64	0	0	0
0	72	64	0	0	0
0	74	64	0	0	0
0	76	64	0	0	0
0	78	64	0	0	0
0	80	64	0	0	0
0	82	64	0	0	0
0	84	64	0	0	0
0	86	64	0	0	0
0	88	64	0	0	0
0	90	64	0	0	0
0	92	64	0	0	0
0	94	64	0	0	0
0	96	64	0	0	0
0	98	64	0	0	0
0	100	64	0	0	0
1	102	64	102.29	63.3597	0.702752
1	104	64	104.166	63.2414	0.776463
1	106	64	106.295	63.3759	0.690151
1	108	64	108.216	63.2994	0.733047
1	110	64	110.183	63.2689	0.753666
1	112	64	111.968	63.4264	0.574515
1	114	64	113.532	63.8274	0.49858
1	116	64	115.506	63.8329	0.521278
1	118	64	117.481	63.839	0.543525
1	120	64	119.456	63.8482	0.564384
1	122	64	121.434	63.8588	0.582989
1	124	64	123.416	63.8706	0.598207
1	126	64	125.399	63.8809	0.612619
1	128	64	127.392	63.8965	0.617078
1	130	64	129.388	63.9136	0.618154
1	132	64	131.388	63.9293	0.61649
1	134	64	133.429	63.9046	0.57914
1	28	66	27.9905	65.4539	0.546191
1	30	66	29.992	65.449	0.551024
1	32	66	31.9918	65.4469	0.553118
1	34	66	33.9862	65.4416	0.558556
1	36	66	35.997	65.4515	0.548467
0	38	66	0	0	0
0	40	66	0	0	0
0	42	66	0	0	0
0	44	66	0	0	0
0	46	66	0	0	0
0	48	66	0	0	0
0	50	66	0	0	0
0	52	66	0	0	0
0	54	66	0	0	0
0	56	66	0	0	0
0	58	66	0	0	0
0	60	66	0	0	0
0	62	66	0	0	0
0	64	66	0	0	0
0	66	66	0	0	0
0	68	66	0	0	0
0	70	66	0	0	0
0	72	66	0	0	0
0	74	66	0	0	0
0	76	66	0	0	0
0	78	66	0	0	0
0	80	66	0	0	0
0	82	66	0	0	0
0	84	66	0	0	0
0	86	66	0	0	0
0	88	66	0	0	0
0	90	66	0	0	0
0	92	66	0	0	0
0	94	66	0	0	0
0	96	66	0	0	0
0	98	66	0	0	0
0	100	66	0	0	0
1	102	66	102.261	65.3439	0.706156
1	104	66	104.148	65.2385	0.775752
1	106	66	106.243	65.3369	0.706402
1	108	66	108.199	65.2965	0.731154
1	110	66	110.175	65.275	0.7458
1	112	66	112.165	65.2677	0.750696
1	114	66	113.921	65.4545	0.551216
1	116	66	115.498	65.8096	0.536708
1	118	66	117.474	65.8177	0.556791
1	120	66	119.451	65.8284	0.575348
1	122	66	121.43	65.841	0.591279
1	124	66	123.413	65.8567	0.603889
1	126	66	125.399	65.8738	0.614295
1	128	66	127.392	65.8929	0.617247
1	130	66	129.388	65.9115	0.618037
1	132	66	131.386	65.9294	0.618045
1	134	66	133.388	65.9474	0.6139
1	28	68	27.988	67.4388	0.5613
1	30	68	31.5294	68.4912	1.60636
1	32	68	31.9932	67.4325	0.567573
1	34	68	33.9961	67.4337	0.566339
1	36	68	31.0686	62.6342	7.28763
1	38	68	38.0063	67.4441	0.555973
1	40	68	40.9592	67.5626	1.05418
1	42	68	42.9677	67.5803	1.05481
1	44	68	44.9759	67.598	1.05548
1	46	68	46.9838	67.6156	1.05618
1	48	68	48.9912	67.6333	1.0569
1	50	68	50.9984	67.651	1.05764
1	52	68	53.0052	67.6686	1.05839
1	54	68	55.0116	67.6863	1.05915
1	56	68	57.0177	67.7039	1.0599
1	58	68	59.0234	67.7216	1.06063
1	60	68	61.0288	67.7392	1.06136
1	62	68	63.0339	67.7569	1.06206
1	64	68	65.0385	67.7745	1.06273
1	66	68	67.0429	67.7922	1.06338
1	68	68	69.0468	67.8098	1.06398
1	70	68	71.0505	67.8275	1.06455
1	72	68	73.0538	67.8451	1.06508
1	74	68	75.0567	67.8628	1.06556
1	76	68	77.0593	67.8804	1.06599
1	78	68	102.724	86.1349	30.662
0	80	68	0	0	0
0	82	68	0	0	0
0	84	68	0	0	0
0	86	68	0	0	0
0	88	68	0	0	0
1	90	68	139.7	62.9946	49.9512
1	92	68	134.356	59.4137	43.2176
1	94	68	94.3611	67.4201	0.683134
1	96	68	96.3611	67.4277	0.676736
1	98	68	98.3611	67.4351	0.670401
1	100	68	100.257	67.3463	0.702344
1	102	68	102.24	67.3357	0.706222
1	104	68	104.223	67.3246	0.71118
1	106	68	106.223	67.33	0.706239
1	108	68	108.198	67.3095	0.718442
1	110	68	110.159	67.2734	0.743774
1	112	68	112.147	67.2637	0.750819
1	114	68	114.138	67.2568	0.755901
1	116	68	115.863	67.4685	0.548936
1	118	68	117.465	67.8008	0.570965
1	120	68	119.444	67.8133	0.586202
1	122	68	121.426	67.8291	0.598653
1	124	68	123.408	67.8489	0.610906
1	126	68	125.399	67.87	0.615237
1	128	68	127.392	67.8905	0.617427
1	130	68	129.389	67.9092	0.618076
1	132	68	131.388	67.9296	0.615953
1	134	68	133.444	68.0055	0.5562
1	28	70	27.9843	69.4276	0.572572
1	30	70	29.9895	69.4251	0.575035
1	32	70	31.9939	69.4215	0.578509
1	34	70	20.9206	54.7673	20.0775
1	36	70	52.6413	86.1353	23.1793
1	38	70	38.7545	70.1552	0.770328
1	40	70	40.1644	69.5759	0.454878
1	42	70	42.9695	69.5803	1.05648
1	44	70	44.9779	69.598	1.05732
1	46	70	46.9859	69.6156	1.05819
1	48	70	48.9936	69.6333	1.05907
1	50	70	51.0009	69.651	1.05996
1	52	70	53.0078	69.6686	1.06086
1	54	70	55.0144	69.6863	1.06175
1	56	70	57.0206	69.7039	1.06264
1	58	70	59.0264	69.7216	1.0635
1	60	70	61.0319	69.7392	1.06435
1	62	70	63.037	69.7569	1.06516
1	64	70	65.0418	69.7745	1.06594
1	66	70	67.0462	69.7922	1.06669
1	68	70	69.0503	69.8098	1.06739
1	70	70	71.054	69.8275	1.06804
1	72	70	73.0574	69.8451	1.06864
1	74	70	75.0603	69.8628	1.06919
1	76	70	76.5923	69.5302	0.756005
1	78	70	135.378	59.8468	58.269
1	80	70	101.907	65.9594	22.2762
1	82	70	82.3437	69.3685	0.71896
1	84	70	84.3437	69.3762	0.712213
1	86	70	86.3437	69.3838	0.705517
1	88	70	88.3436	69.3914	0.698874
1	90	70	90.3436	69.399	0.692286
1	92	70	92.3436	69.4065	0.685755
1	94	70	94.3435	69.414	0.679283
1	96	70	96.9938	69.9901	0.993817
1	98	70	98.2445	69.3415	0.702423
1	100	70	100.227	69.331	0.70643
1	102	70	102.209	69.3199	0.711633
1	104	70	104.192	69.3081	0.718024
1	106	70	106.183	69.3045	0.719287
1	108	70	108.165	69.2907	0.728291
1	110	70	110.125	69.2543	0.75618
1	112	70	112.123	69.2546	0.755512
1	114	70	114.113	69.2466	0.761872
1	116	70	116.102	69.2365	0.770338
1	118	70	117.8	69.4842	0.55334
1	120	70	119.431	69.8091	0.600613
1	122	70	121.416	69.8277	0.609363
1	124	70	123.369	69.881	0.642245
1	126	70	125.359	69.9055	0.64788
1	128	70	127.351	69.9291	0.653046
1	130	70	129.391	69.9088	0.615882
1	132	70	131.444	69.9891	0.556183
1	134	70	133.598	70.1669	0.43505
1	28	72	29.3602	70.1941	2.26085
1	30	72	29.9841	71.4138	0.58642
1	32	72	45.267	86.242	19.464
1	34	72	20.9815	56.2406	20.4412
1	36	72	36.3518	71.7692	0.420805
1	38	72	38.2712	71.6748	0.423451
1	40	72	40.7521	72.1357	0.764201
1	42	72	42.5716	71.9435	0.574403
1	44	72	44.9804	71.598	1.05958
1	46	72	46.9885	71.6157	1.06062
1	48	72	48.9963	71.6333	1.06167
1	50	72	51.0038	71.651	1.06273
1	52	72	53.0109	71.6686	1.06378
1	54	72	55.0176	71.6863	1.06482
1	56	72	57.0239	71.704	1.06584
1	58	72	59.0299	71.7216	1.06685
1	60	72	61.0355	71.7393	1.06782
1	62	72	63.0407	71.7569	1.06875
1	64	72	65.0456	71.7746	1.06965
1	66	72	67.0501	71.7922	1.07049
1	68	72	68.9452	71.9171	0.948786
1	70	72	71.0686	71.8174	1.08409
1	72	72	73.0718	71.8354	1.08441
1	74	72	74.5591	71.495	0.753375
1	76	72	76.3262	71.3402	0.736003
1	78	72	78.3262	71.3479	0.729093
1	80	72	80.3262	71.3556	0.722231
1	82	72	82.3261	71.3632	0.715417
1	84	72	84.3261	71.3708	0.708653
1	86	72	86.3261	71.3784	0.701942
1	88	72	88.326	71.3859	0.695284
1	90	72	90.326	71.3934	0.688683
1	92	72	93.0311	71.9833	1.03124
1	94	72	111.807	86.135	22.7355
1	96	72	96.2318	71.3374	0.70194
1	98	72	98.214	71.3271	0.706143
1	100	72	100.196	71.3161	0.711519
1	102	72	94.293	77.1645	9.27738
1	104	72	71.5361	78.4468	33.0978
1	106	72	98.1737	77.4959	9.56327
1	108	72	108.136	71.2762	0.736352
1	110	72	110.118	71.2624	0.747025
1	112	72	112.092	71.2387	0.766863
1	114	72	114.084	71.2325	0.772103
1	116	72	116.072	71.2212	0.782093
1	118	72	118.066	71.2153	0.787463
1	120	72	119.745	71.5049	0.557078
1	122	72	121.284	71.9443	0.718148
1	124	72	123.247	71.9967	0.753169
1	126	72	125.39	71.873	0.623208
1	128	72	127.384	71.8984	0.624358
1	130	72	129.43	71.9871	0.570087
1	132	72	131.589	72.1664	0.443685
1	134	72	133.745	72.331	0.417624
1	28	74	27.9728	73.4075	0.593165
1	30	74	20.7959	61.6202	15.4264
1	32	74	43.1278	86.2584	16.5558
1	34	74	34.4595	73.9125	0.467753
1	36	74	36.4598	73.8856	0.473835
1	38	74	38.4441	73.8466	0.469827
1	40	74	40.3914	73.7778	0.450073
1	42	74	42.7497	74.1162	0.758694
1	44	74	44.6162	73.9689	0.617014
1	46	74	46.9916	73.6157	1.0635
1	48	74	48.9996	73.6333	1.06473
1	50	74	51.0072	73.651	1.06596
1	52	74	53.0144	73.6687	1.06717
1	54	74	54.9567	73.7589	0.986662
1	56	74	57.0514	73.678	1.09961
1	58	74	59.0564	73.6974	1.09892
1	60	74	61.0605	73.7174	1.09749
1	62	74	63.0649	73.7365	1.09696
1	64	74	65.069	73.7554	1.09665
1	66	74	66.9338	73.9108	0.938094
1	68	74	69.074	73.7953	1.09331
1	70	74	71.0757	73.8152	1.09145
1	72	74	72.3087	73.3201	0.746699
1	74	74	74.3087	73.3278	0.739684
1	76	74	76.3086	73.3355	0.732713
1	78	74	78.3086	73.3431	0.725787
1	80	74	80.3086	73.3507	0.718909
1	82	74	82.3085	73.3582	0.71208
1	84	74	84.3085	73.3657	0.705303
1	86	74	86.3085	73.3732	0.698578
1	88	74	89.0712	73.9752	1.07144
1	90	74	91.0524	73.9784	1.05259
1	92	74	92.2357	73.3437	0.697288
1	94	74	94.2178	73.3341	0.700604
1	96	74	96.1998	73.3238	0.70513
1	98	74	98.1816	73.3127	0.71087
1	100	74	100.163	73.3011	0.717795
1	102	74	102.145	73.2889	0.725823
1	104	74	104.128	73.2764	0.734792
1	106	74	106.106	73.2603	0.747373
1	108	74	108.101	73.2589	0.747928
1	110	74	110.085	73.2457	0.759076
1	112	74	112.065	73.2276	0.77512
1	114	74	114.057	73.2216	0.780529
1	116	74	116.049	73.2144	0.787125
1	118	74	118.045	73.2106	0.7907
1	120	74	120.044	73.2097	0.791504
1	122	74	121.698	73.5433	0.547435
1	124	74	123.369	73.8761	0.64309
1	126	74	125.342	73.9232	0.662959
1	128	74	127.366	74.0394	0.635405
1	130	74	129.535	74.2179	0.513419
1	132	74	131.716	74.3626	0.460497
1	134	74	133.868	74.4906	0.508021
1	28	76	26.1483	73.1155	3.42765
1	30	76	20.7761	63.2802	15.7122
1	32	76	41.1177	86.2635	13.7285
1	34	76	34.4996	75.9701	0.500465
1	36	76	36.5135	75.9535	0.515552
1	38	76	38.5232	75.9349	0.527204
1	40	76	40.5234	75.9106	0.53103
1	42	76	42.4984	75.8675	0.515735
1	44	76	44.5563	75.9102	0.563543
1	46	76	46.6733	76.0063	0.673322
1	48	76	33.0278	77.7058	15.0691
1	50	76	51.0439	75.613	1.11336
1	52	76	53.0512	75.6317	1.11385
1	54	76	55.0547	75.6542	1.10992
1	56	76	57.0604	75.6737	1.10943
1	58	76	59.0648	75.694	1.10788
1	60	76	61.07	75.7129	1.1078
1	62	76	63.0745	75.7321	1.10736
1	64	76	64.9224	75.9047	0.927278
1	66	76	67.0792	75.7734	1.10272
1	68	76	69.0818	75.793	1.1014
1	70	76	70.2911	75.308	0.750713
1	72	76	72.2911	75.3157	0.743639
1	74	76	74.291	75.3233	0.736608
1	76	76	76.291	75.3309	0.729622
1	78	76	78.291	75.3385	0.722682
1	80	76	80.2909	75.346	0.71579
1	82	76	82.2909	75.3535	0.708948
1	84	76	84.2909	75.3609	0.702158
1	86	76	87.0944	75.969	1.09485
1	88	76	89.0751	75.9726	1.07542
1	90	76	90.2204	75.3417	0.694196
1	92	76	92.2023	75.3322	0.697788
1	94	76	90.2386	78.8285	4.70627
1	96	76	92.0452	78.4097	4.6311
1	98	76	98.1423	75.2957	0.718539
1	100	76	100.124	75.2835	0.727208
1	102	76	102.106	75.2709	0.736799
1	104	76	104.089	75.2583	0.747036
1	106	76	106.073	75.2461	0.757508
1	108	76	108.059	75.2346	0.767651
1	110	76	110.055	75.2338	0.768159
1	112	76	112.043	75.223	0.778167
1	114	76	114.032	75.214	0.786676
1	116	76	116.03	75.2126	0.787977
1	118	76	118.026	75.2088	0.791588
1	120	76	120.026	75.2088	0.791624
1	122	76	122.026	75.2086	0.791804
1	124	76	123.657	75.5862	0.537723
1	126	76	125.237	76.1617	0.780066
1	128	76	127.413	76.3433	0.680309
1	130	76	129.625	76.4606	0.593856
1	132	76	131.82	76.5487	0.577559
1	134	76	133.965	76.6235	0.624478
1	28	78	65.1596	56.5511	42.9056
1	30	78	64.9901	56.5516	41.0407
1	32	78	32.4628	77.9581	0.464683
1	34	78	34.4816	77.9484	0.484379
1	36	78	36.5	77.9393	0.503711
1	38	78	38.5181	77.9313	0.522619
1	40	78	40.5334	77.9227	0.538932
1	42	78	42.5431	77.9115	0.550268
1	44	78	44.5358	77.8873	0.547548
1	46	78	46.6234	77.9584	0.62478
1	48	78	48.6881	78.0036	0.688144
1	50	78	37.6114	79.472	12.4757
1	52	78	53.6399	76.9887	1.92667
1	54	78	55.0649	77.6492	1.12121
1	56	78	57.0698	77.6697	1.11959
1	58	78	59.076	77.6883	1.12021
1	60	78	61.0807	77.708	1.11947
1	62	78	62.9107	77.8988	0.916343
1	64	78	65.0842	77.7517	1.11232
1	66	78	67.0594	77.7541	1.08758
1	68	78	68.2735	77.2963	0.754991
1	70	78	70.2735	77.3039	0.74786
1	72	78	72.2735	77.3116	0.740772
1	74	78	74.2734	77.3191	0.733727
1	76	78	76.2734	77.3267	0.726727
1	78	78	78.2734	77.3342	0.719775
1	80	78	80.2733	77.3416	0.712871
1	82	78	83.1396	77.9574	1.14041
1	84	78	85.1194	77.9617	1.12004
1	86	78	86.2214	77.35	0.686683
1	88	78	88.203	77.3414	0.689182
1	90	78	90.1789	77.3292	0.694274
1	92	78	92.1602	77.3188	0.699775
1	94	78	94.1415	77.3078	0.706545
1	96	78	96.1229	77.2961	0.714551
1	98	78	98.1045	77.2839	0.723708
1	100	78	100.087	77.2713	0.733841
1	102	78	102.069	77.2586	0.744668
1	104	78	101.517	80.2409	3.34437
1	106	78	106.039	77.2344	0.766561
1	108	78	108.027	77.2242	0.776305
1	110	78	110.023	77.2248	0.775517
1	112	78	112.015	77.2155	0.784644
1	114	78	114.01	77.2107	0.789367
1	116	78	116.008	77.2094	0.790635
1	118	78	118.008	77.2084	0.791676
1	120	78	120.008	77.2084	0.791627
1	122	78	122.01	77.21	0.790022
1	124	78	124.082	77.2866	0.718066
1	126	78	125.241	78.5239	0.921995
1	128	78	127.477	78.6199	0.811049
1	130	78	129.705	78.6736	0.735532
1	132	78	131.914	78.6901	0.695494
1	134	78	133.992	78.6629	0.662991
1	28	80	27.2712	78.5298	1.64094
1	30	80	30.4745	80.0451	0.476651
1	32	80	32.4836	79.9996	0.483596
1	34	80	34.505	79.9909	0.505075
1	36	80	36.5267	79.9829	0.527003
1	38	80	38.5485	79.9758	0.549003
1	40	80	40.5697	79.9696	0.570526
1	42	80	42.5905	79.9652	0.591505
1	44	80	44.6081	79.9605	0.609394
1	46	80	46.6185	79.9524	0.62028
1	48	80	48.6693	79.9859	0.669417
1	50	80	50.7037	80.0016	0.703674
1	52	80	53.6906	78.9548	1.98757
1	54	80	55.7352	78.9503	2.02805
1	56	80	57.7811	78.9452	2.07003
1	58	80	59.0877	79.6831	1.13297
1	60	80	60.8989	79.893	0.905296
1	62	80	63.0936	79.7259	1.12744
1	64	80	65.0318	79.7135	1.07082
1	66	80	66.256	79.2849	0.759525
1	68	80	68.2559	79.2925	0.752341
1	70	80	70.2559	79.3001	0.745197
1	72	80	72.2559	79.3077	0.738096
1	74	80	74.2558	79.3152	0.731039
1	76	80	76.2558	79.3227	0.724027
1	78	80	79.1883	79.9437	1.18967
1	80	80	81.1672	79.9485	1.16829
1	82	80	83.2262	80.0242	1.22642
1	84	80	84.1958	79.3498	0.679027
1	86	80	86.1766	79.3412	0.682113
1	88	80	88.1574	79.3318	0.686483
1	90	80	90.1381	79.3217	0.692169
1	92	80	92.1188	79.311	0.699177
1	94	80	94.0996	79.2996	0.707464
1	96	80	96.0807	79.2876	0.71695
1	98	80	98.0624	79.2752	0.727467
1	100	80	100.045	79.2626	0.738728
1	102	80	102.029	79.2502	0.750309
1	104	80	104.015	79.2385	0.761628
1	106	80	106.003	79.2281	0.771947
1	108	80	107.994	79.2196	0.780442
1	110	80	109.989	79.2137	0.786395
1	112	80	111.985	79.2169	0.783235
1	114	80	113.986	79.212	0.788153
1	116	80	115.986	79.2128	0.787368
1	118	80	117.989	79.2103	0.789756
1	120	80	119.992	79.2096	0.790443
1	122	80	122.053	79.2721	0.72989
1	124	80	124.215	79.4417	0.598331
1	126	80	126.389	79.6332	0.534876
1	128	80	127.538	80.8492	0.966714
1	130	80	129.804	80.8134	0.836697
1	132	80	131.956	80.717	0.718398
1	134	80	133.983	80.6912	0.6914
