1	28	28	30.153	27.9934	2.153
1	30	28	29.1621	27.6611	0.903868
1	32	28	36.1044	30.1706	4.64304
1	34	28	34.4039	26.4801	1.57269
1	36	28	36.366	26.4562	1.58662
1	38	28	38.3583	26.4584	1.5827
1	40	28	39.4698	27.574	0.680115
1	42	28	41.4932	27.5713	0.66383
1	44	28	44.9103	25.9637	2.23053
1	46	28	46.9497	25.8652	2.33651
1	48	28	48.8696	25.8642	2.30609
1	50	28	50.7864	25.8591	2.28075
1	52	28	52.8467	26.0448	2.13065
1	54	28	54.6278	25.8586	2.23155
1	56	28	57.1276	26.852	1.6091
1	58	28	59.4103	27.7431	1.43347
1	60	28	60.4089	25.8966	2.14278
1	62	28	62.3973	26.0992	1.94191
1	64	28	64.1395	25.4344	2.56944
1	66	28	66.4784	27.7528	0.538472
1	68	28	68.0208	28.2198	0.220771
1	70	28	69.9942	28.4978	0.497822
1	72	28	71.7812	30.3116	2.32193
1	74	28	73.7223	27.0105	1.02774
1	76	28	75.8026	25.806	2.20288
1	78	28	77.4856	26.5428	1.54533
1	80	28	80.1112	27.7946	0.233565
1	82	28	82.1811	27.695	0.354693
1	84	28	84.2605	27.611	0.46816
1	86	28	86.3777	27.5024	0.624738
1	88	28	88.3964	27.5375	0.609168
1	90	28	90.5036	27.4712	0.730212
1	92	28	92.9709	27.0427	1.36344
1	94	28	94.0399	29.3389	1.33954
1	96	28	93.7294	27.0808	2.44959
1	98	28	97.3339	27.1752	1.06016
1	100	28	101.674	25.1111	3.33871
1	102	28	103.698	26.6234	2.18574
1	104	28	105.215	28.4436	1.29331
1	106	28	104.807	28.1281	1.2
1	108	28	106.565	28.3234	1.4705
1	110	28	108.874	27.9671	1.12602
1	112	28	112.782	26.6806	1.53398
1	114	28	112.297	29.3543	2.17572
1	116	28	118.551	27.9639	2.55109
1	118	28	119.389	27.0417	1.68717
1	120	28	122.795	28.1161	2.79781
1	122	28	123.647	27.119	1.86818
1	124	28	125.751	27.1256	1.95694
1	126	28	129.258	29.2188	3.47866
1	128	28	132.412	28.8103	4.4854
1	130	28	134.14	28.0894	4.14107
1	132	28	135.934	28.9018	4.03557
1	134	28	140.395	30.3934	6.82783
1	28	30	30.1204	30.025	2.12058
1	30	30	32.1737	29.8831	2.17684
1	32	30	32.3883	28.5316	1.51884
1	34	30	29.9297	28.8237	4.23688
1	36	30	32.2051	28.9581	3.93531
1	38	30	36.9083	26.9241	3.26391
1	40	30	39.0928	27.048	3.08824
1	42	30	39.3256	28.2457	3.1984
1	44	30	41.5304	28.2711	3.01464
1	46	30	62.7838	52.5031	28.0729
1	48	30	47.3233	29.4156	0.894152
1	50	30	49.3736	29.4049	0.863959
1	52	30	51.4185	29.3855	0.846055
1	54	30	53.695	29.6378	0.473575
1	56	30	48.1312	44.1243	16.1683
1	58	30	66.0824	50.8535	22.3651
1	60	30	55.5941	38.7398	9.78758
1	62	30	62.5274	24.6777	5.34842
1	64	30	64.4893	25.0777	4.94651
1	66	30	66.4581	25.8914	4.1341
1	68	30	67.6241	26.4345	3.58525
1	70	30	69.984	26.834	3.16608
1	72	30	71.865	33.686	3.68845
1	74	30	72.5451	32.4569	2.85542
1	76	30	69.7277	42.4835	13.9706
1	78	30	104.115	56.7169	37.3601
1	80	30	80.6431	30.9316	1.13201
1	82	30	68.3954	43.4823	19.1535
1	84	30	68.5047	44.5925	21.2849
1	86	30	70.6804	43.9178	20.6977
1	88	30	90.7962	27.0485	4.06572
1	90	30	93.1086	27.0468	4.28776
1	92	30	95.4173	27.0492	4.51499
1	94	30	90.193	27.0502	4.81607
1	96	30	100	26.8323	5.10237
1	98	30	102.413	26.6646	5.53136
1	100	30	104.027	29.6048	4.04634
1	102	30	100.868	26.4561	3.72049
1	104	30	102.776	26.456	3.74932
1	106	30	104.69	26.456	3.77843
1	108	30	106.629	26.4368	3.81775
1	110	30	108.678	30.6088	1.45504
1	112	30	114.318	30.0518	2.31832
1	114	30	120.191	27.2567	6.77183
1	116	30	115.926	27.8115	2.18975
1	118	30	118.647	31.4171	1.55778
1	120	30	117.267	30.2669	2.74631
1	122	30	125.243	30.2697	3.25377
1	124	30	127.407	30.0645	3.40737
1	126	30	133.329	31.8161	7.5511
1	128	30	134.362	31.0038	6.4405
1	130	30	132.441	32.3424	3.38275
1	132	30	137.917	31.8256	6.19219
1	134	30	139.413	31.3061	5.56803
1	28	32	30.1671	31.9809	2.16719
1	30	32	42.969	41.2404	15.9242
1	32	32	32.3316	33.9591	1.98692
1	34	32	20.2778	35.577	14.1808
1	36	32	37.771	32.0341	1.7713
1	38	32	32.9342	29.6012	5.60502
1	40	32	38.7229	28.8166	3.43001
1	42	32	42.1485	30.4244	1.58263
1	44	32	71.4186	48.3374	31.917
1	46	32	45.7371	31.9833	0.263464
1	48	32	47.2651	31.4241	0.93368
1	50	32	71.2893	48.3751	26.8585
1	52	32	70.5749	47.6182	24.2684
1	54	32	54.1616	32.1717	0.235854
1	56	32	37.9792	65.2561	37.8249
1	58	32	57.4355	31.1723	1.00186
1	60	32	53.6382	46.3188	15.6685
1	62	32	57.598	43.4906	12.3049
1	64	32	58.138	53.1583	21.9553
1	66	32	68.1801	47.6911	15.8418
1	68	32	56.6309	36.2962	12.1538
1	70	32	69.9997	36.0891	4.08906
1	72	32	71.6722	34.8325	2.85142
1	74	32	76.3828	21.873	10.4035
1	76	32	75.4991	33.4193	1.50509
1	78	32	83.5084	34.9818	6.26367
1	80	32	68.4317	43.9537	16.6348
1	82	32	82.2962	31.5805	0.5135
1	84	32	68.83	45.3843	20.2304
1	86	32	84.7619	35.6901	3.89223
1	88	32	101.841	69.862	40.3126
1	90	32	89.4287	32.7497	0.942619
1	92	32	91.61	33.0425	1.1131
1	94	32	70.6456	46.9216	27.7143
1	96	32	99.15	29.966	3.74964
1	98	32	100.374	31.0505	2.5567
1	100	32	99.1489	34.5327	2.6719
1	102	32	70.842	48.8667	35.4303
1	104	32	70.3453	49.1417	37.7688
1	106	32	68.3411	49.2727	41.4312
1	108	32	112.659	29.9158	5.1042
1	110	32	110.064	33.6408	1.64205
1	112	32	91.8096	19.3324	23.8353
1	114	32	68.504	48.3217	48.3352
1	116	32	113.237	31.8941	2.76456
1	118	32	109.401	28.3762	9.33163
1	120	32	120.06	33.7857	1.7867
1	122	32	134.222	26.9859	13.2103
1	124	32	142.471	31.0189	18.4967
1	126	32	137.94	27.6756	12.6992
1	128	32	132.508	32.8876	4.59424
1	130	32	137.746	30.0338	7.99196
1	132	32	135.607	31.9392	3.6072
1	134	32	139.654	32.814	5.71202
1	28	34	31.6686	32.2808	4.05142
1	30	34	32.8757	33.0325	3.03411
1	32	34	31.9932	32.4178	1.58225
1	34	34	25.135	39.3711	10.3652
1	36	34	34.6807	33.5375	1.39805
1	38	34	70.6423	50.5108	36.5804
1	40	34	40.0437	32.4217	1.57886
1	42	34	42.0441	32.4179	1.58273
1	44	34	45.8834	34.6572	1.99477
1	46	34	59.3227	50.0151	20.8321
1	48	34	61.1525	51.8362	22.1612
1	50	34	51.932	35.4281	2.40256
1	52	34	53.814	35.5087	2.35942
1	54	34	55.6956	35.5896	2.32421
1	56	34	57.4483	35.5518	2.12267
1	58	34	47.2532	56.8698	25.269
1	60	34	51.4176	55.2848	22.95
1	62	34	67.1839	50.3965	17.1964
1	64	34	67.5944	50.1681	16.5628
1	66	34	65.4889	32.0842	1.98283
1	68	34	68.4851	37.6383	3.6705
1	70	34	69.9999	38.0126	4.01263
1	72	34	71.7464	35.927	1.94363
1	74	34	76.0059	26.478	7.78487
1	76	34	77.9021	29.2446	5.12169
1	78	34	73.8453	51.6982	18.1793
1	80	34	83.5435	34.9388	3.66576
1	82	34	81.7838	36.5738	2.58286
1	84	34	84.6572	33.2959	0.963196
1	86	34	69.1468	46.5863	21.0344
1	88	34	87.647	34.4538	0.574946
1	90	34	77.467	53.611	23.2737
1	92	34	75.4165	56.3902	27.8628
1	94	34	96.6867	32.3628	3.1462
1	96	34	95.946	35.5778	1.57876
1	98	34	101.151	32.3202	3.57085
1	100	34	103.389	32.3067	3.78806
1	102	34	100.885	34.5153	1.22821
1	104	34	103.961	35.5899	1.59036
1	106	34	108.264	37.6334	4.28086
1	108	34	107.44	35.1853	1.3109
1	110	34	69.564	48.0141	42.7957
1	112	34	69.9844	49.034	44.6243
1	114	34	69.1491	50.7473	47.8756
1	116	34	115.885	35.6662	1.67009
1	118	34	69.7502	49.4701	50.6692
1	120	34	122.722	34.4244	2.75512
1	122	34	121.777	35.6909	1.70558
1	124	34	123.689	35.666	1.69474
1	126	34	128.112	34.0577	2.11246
1	128	34	131.295	34.0401	3.29541
1	130	34	135.267	35.3602	5.43973
1	132	34	132.161	36.1971	2.20303
1	134	34	70.0506	48.9899	65.6827
1	28	36	31.8534	33.9983	4.34227
1	30	36	32.1153	36.0139	2.11536
1	32	36	31.9133	34.4003	1.60205
1	34	36	57.8496	24.3112	26.56
1	36	36	35.9428	34.4072	1.59387
1	38	36	37.9389	34.4193	1.58189
1	40	36	38.9272	35.4491	1.206
1	42	36	41.953	34.4333	1.56743
1	44	36	45.8797	36.6223	1.97999
1	46	36	46.0088	34.4675	1.5325
1	48	36	48.303	34.8385	1.20035
1	50	36	52.9188	46.197	10.6065
1	52	36	72.0802	48.2784	23.5366
1	54	36	55.656	37.3451	2.13349
1	56	36	45.0451	57.2508	23.9083
1	58	36	63.2888	47.1973	12.3835
1	60	36	65.2295	49.5279	14.5035
1	62	36	65.8502	47.9542	12.559
1	64	36	65.3349	38.8924	3.18562
1	66	36	68.5876	37.7096	3.10138
1	68	36	68.5431	39.5301	3.57165
1	70	36	69.9999	39.9343	3.93425
1	72	36	73.1385	28.5999	7.48714
1	74	36	71.0765	40.6249	5.4714
1	76	36	73.3236	50.3562	14.6035
1	78	36	73.6348	51.4833	16.0869
1	80	36	73.3375	44.232	10.5903
1	82	36	81.8352	38.2788	2.28471
1	84	36	67.9252	47.6574	19.8569
1	86	36	86.3824	35.7423	0.461153
1	88	36	77.2868	53.4881	20.5087
1	90	36	92.2059	34.5665	2.6308
1	92	36	94.338	34.6313	2.70915
1	94	36	93.0694	36.504	1.05831
1	96	36	97.6461	35.748	1.66531
1	98	36	81.1573	53.7117	24.4414
1	100	36	99.8563	37.5723	1.57885
1	102	36	101.856	37.5753	1.58189
1	104	36	91.5004	17.0045	22.7391
1	106	36	105.855	37.5977	1.60425
1	108	36	70.4423	49.1229	39.7843
1	110	36	120.258	-17.0984	54.0802
1	112	36	117.374	34.1918	5.67042
1	114	36	113.916	37.5246	1.52687
1	116	36	115.704	37.4733	1.50268
1	118	36	122.807	34.9532	4.91997
1	120	36	119.918	37.6354	1.63743
1	122	36	125.695	36.7589	3.77238
1	124	36	112.955	34.4632	11.1517
1	126	36	132.107	38.4278	6.57181
1	128	36	68.2646	49.2771	61.1931
1	130	36	70.9854	48.8387	60.395
1	132	36	131.86	38.0155	2.02038
1	134	36	135.054	34.9986	1.4541
1	28	38	27.3366	36.6165	1.53437
1	30	38	32.1513	38.0166	2.15138
1	32	38	34.0939	38.0633	2.09486
1	34	38	33.8018	36.432	1.5805
1	36	38	35.7807	36.4676	1.54801
1	38	38	37.8195	36.441	1.56939
1	40	38	39.847	36.4643	1.54328
1	42	38	41.9774	36.5683	1.43186
1	44	38	45.8444	38.5476	1.92398
1	46	38	46.0285	36.6151	1.38522
1	48	38	48.2583	36.8867	1.14285
1	50	38	49.8697	36.3588	1.64635
1	52	38	51.2217	37.5242	0.912246
1	54	38	71.6074	48.4944	20.4976
1	56	38	43.2588	64.4586	29.3665
1	58	38	64.9822	51.8319	15.4943
1	60	38	53.1063	58.3222	21.4596
1	62	38	63.2835	39.7648	2.18218
1	64	38	65.2307	40.2563	2.57017
1	66	38	67.0928	41.0055	3.198
1	68	38	68.6205	41.4128	3.46876
1	70	38	70	41.8632	3.86319
1	72	38	71.1942	42.4321	4.5048
1	74	38	81.5991	57.0028	20.4659
1	76	38	73.746	51.5368	13.7232
1	78	38	77.4577	41.8829	3.92054
1	80	38	67.7363	47.5229	15.5269
1	82	38	76.6844	53.2732	16.1718
1	84	38	83.369	39.0569	1.23091
1	86	38	87.0421	37.3615	1.22216
1	88	38	88.6283	37.9884	0.628408
1	90	38	91.983	36.9155	2.26021
1	92	38	91.7328	39.5923	1.61456
1	94	38	96.1822	37.0805	2.36804
1	96	38	98.1988	37.2362	2.32767
1	98	38	69.5856	50.0547	30.8657
1	100	38	78.9602	56.7743	28.1984
1	102	38	103.877	37.9091	1.87937
1	104	38	70.5433	49.2539	35.2987
1	106	38	104.582	38.4197	1.47908
1	108	38	108.206	39.8545	1.866
1	110	38	111.568	38.5117	1.64966
1	112	38	78.1533	30.6839	34.6284
1	114	38	113.747	39.6771	1.69596
1	116	38	115.766	39.5965	1.61352
1	118	38	120.684	38.0982	2.68563
1	120	38	66.2949	55.9916	56.6386
1	122	38	126.985	39.9576	5.35577
1	124	38	73.721	50.1402	51.724
1	126	38	71.7572	48.7683	55.3013
1	128	38	104.777	-3.20609	47.2996
1	130	38	64.5336	47.1983	66.1095
1	132	38	135.926	38.3598	3.9428
1	134	38	135.814	37.9466	1.81492
1	28	40	29.6341	40.656	1.76087
1	30	40	32.1944	40.0146	2.19441
1	32	40	31.648	38.4691	1.57086
1	34	40	33.7054	38.4371	1.59042
1	36	40	35.5782	38.5814	1.47996
1	38	40	40.0033	40.2658	2.02084
1	40	40	39.7646	38.5617	1.45743
1	42	40	41.8929	38.6175	1.38662
1	44	40	44.16	38.855	1.15613
1	46	40	46.1512	38.8589	1.15103
1	48	40	47.7293	38.3758	1.64658
1	50	40	51.5992	40.7083	1.74903
1	52	40	52.6864	39.8058	0.713343
1	54	40	53.9606	39.8603	0.14514
1	56	40	55.3129	39.5579	0.81704
1	58	40	64.6328	52.1522	13.8445
1	60	40	53.2391	58.4394	19.6398
1	62	40	62.7323	43.4816	3.55778
1	64	40	65.0345	41.5517	1.86491
1	66	40	66.9967	42.2426	2.45409
1	68	40	68.7288	43.2798	3.3598
1	70	40	70	43.7952	3.79523
1	72	40	71.1581	43.7883	3.88074
1	74	40	72.5871	50.7361	10.8286
1	76	40	73.518	51.3155	11.5845
1	78	40	67.9545	47.6786	12.6441
1	80	40	75.5544	52.5172	13.2832
1	82	40	76.2131	52.8525	14.0952
1	84	40	85.4176	39.0888	1.68519
1	86	40	87.576	39.1062	1.81177
1	88	40	89.2244	39.6556	1.27195
1	90	40	90.934	40.1639	0.94825
1	92	40	93.8956	39.2607	2.03462
1	94	40	69.0209	51.8258	27.637
1	96	40	95.7142	41.4924	1.51952
1	98	40	97.6501	41.539	1.57822
1	100	40	70.7216	49.3381	30.7315
1	102	40	87.2331	29.1136	18.346
1	104	40	102.562	40.3407	1.47781
1	106	40	105.662	41.5852	1.6209
1	108	40	107.566	41.5077	1.569
1	110	40	109.646	41.6107	1.64918
1	112	40	112.66	41.7021	1.82544
1	114	40	112.137	40.3594	1.8978
1	116	40	114.029	40.3567	2.00344
1	118	40	108.798	35.0659	10.4411
1	120	40	119.652	41.7693	1.80317
1	122	40	119.673	40.3522	2.35315
1	124	40	121.549	40.356	2.477
1	126	40	132.09	42.6539	6.64285
1	128	40	127.855	42.0822	2.08724
1	130	40	140.772	46.0653	12.3623
1	132	40	132.276	42.1942	2.21155
1	134	40	133.901	37.1911	2.81067
1	28	42	28.0398	44.908	2.90831
1	30	42	29.2497	40.7272	1.47748
1	32	42	70.7504	47.372	39.121
1	34	42	33.6503	40.4055	1.63236
1	36	42	35.6036	40.4927	1.55853
1	38	42	72.0244	49.2108	34.7801
1	40	42	39.5537	40.5502	1.51695
1	42	42	41.7323	40.5826	1.44249
1	44	42	43.635	40.491	1.55253
1	46	42	45.6887	40.5027	1.52935
1	48	42	49.5892	42.4942	1.66431
1	50	42	51.4673	42.5117	1.5539
1	52	42	53.3473	42.5243	1.44568
1	54	42	54.0073	40.7466	1.25343
1	56	42	57.1425	42.5716	1.2775
1	58	42	59.0575	42.617	1.22431
1	60	42	60.6828	41.9758	0.683274
1	62	42	71.5993	48.0661	11.3554
1	64	42	64.2751	44.8691	2.88225
1	66	42	65.6739	45.944	3.95745
1	68	42	68.8342	44.9197	3.03652
1	70	42	70	44.8231	2.82305
1	72	42	71.2333	44.6835	2.7909
1	74	42	72.5783	44.488	2.86558
1	76	42	76.9632	40.8763	1.48006
1	78	42	79.0012	41.124	1.33032
1	80	42	81.0667	41.2533	1.30203
1	82	42	83.1458	41.3317	1.32647
1	84	42	85.2405	41.3799	1.38689
1	86	42	87.3505	41.4095	1.47397
1	88	42	89.618	41.2621	1.7783
1	90	42	91.2299	41.8417	1.24
1	92	42	92.2155	41.9289	0.22697
1	94	42	95.1316	42.1465	1.14101
1	96	42	70.8864	49.4163	26.1857
1	98	42	99.901	41.7399	1.91871
1	100	42	98.6343	42.2993	1.39813
1	102	42	101.591	43.4869	1.5423
1	104	42	103.544	43.5301	1.59657
1	106	42	105.559	43.5643	1.62539
1	108	42	108.96	45.0647	3.21166
1	110	42	110.188	44.2379	2.24572
1	112	42	114.719	42.4895	2.76263
1	114	42	69.0223	51.1854	45.906
1	116	42	70.3509	48.2498	46.075
1	118	42	70.6715	49.1629	47.8675
1	120	42	117.691	42.2573	2.32298
1	122	42	119.852	42.474	2.19999
1	124	42	135.723	50.2505	14.3351
1	126	42	121.774	41.1456	4.31195
1	128	42	137.7	47.7144	11.258
1	130	42	144.268	51.2647	17.0118
1	132	42	131.956	39.2239	2.77649
1	134	42	133.987	39.2291	2.77089
1	28	44	34.1437	46.7292	6.72258
1	30	44	29.4562	42.4697	1.62407
1	32	44	31.0062	42.9472	1.44775
1	34	44	33.4265	42.5746	1.53643
1	36	44	34.2528	43.888	1.75082
1	38	44	37.5311	42.6182	1.45923
1	40	44	39.3932	42.652	1.47826
1	42	44	41.6647	42.683	1.35904
1	44	44	43.5183	42.5661	1.51265
1	46	44	46.2422	43.1284	0.904615
1	48	44	48.2861	43.1895	0.859489
1	50	44	50.7275	43.6872	0.791946
1	52	44	51.7516	42.6098	1.41221
1	54	44	53.8443	42.6696	1.33949
1	56	44	56.1105	43.002	1.0041
1	58	44	55.3928	38.084	6.46505
1	60	44	59.3892	41.2383	2.82844
1	62	44	62.4651	43.6111	0.606233
1	64	44	64.9729	45.4805	1.77157
1	66	44	65.3746	43.2174	1.00182
1	68	44	68.7782	45.9454	2.09531
1	70	44	70	45.8327	1.83275
1	72	44	78.4989	27.7528	17.4987
1	74	44	74.7694	43.0382	1.2317
1	76	44	76.7965	43.3362	1.03685
1	78	44	78.8435	43.4728	0.994725
1	80	44	80.9062	43.5469	1.0132
1	82	44	82.9858	43.5893	1.06791
1	84	44	85.0585	43.6447	1.11653
1	86	44	87.1903	43.6286	1.24687
1	88	44	89.2706	43.6828	1.30955
1	90	44	91.7084	43.3949	1.81243
1	92	44	92.5147	44.5888	0.782056
1	94	44	94.7804	44.4255	0.888925
1	96	44	97.8284	43.7246	1.84902
1	98	44	96.6061	44.2329	1.41321
1	100	44	99.715	45.3023	1.33311
1	102	44	100.457	44.1943	1.5555
1	104	44	103.473	45.4781	1.56909
1	106	44	107.046	47.4044	3.56135
1	108	44	107.652	45.777	1.81068
1	110	44	86.7725	42.237	23.2943
1	112	44	114.511	44.222	2.52044
1	114	44	108.756	37.4089	8.42277
1	116	44	119.098	44.6736	3.17008
1	118	44	121.24	44.6989	3.31463
1	120	44	123.25	46.0657	3.85111
1	122	44	126.426	45.6643	4.72903
1	124	44	123.41	45.7745	1.86996
1	126	44	125.554	45.9241	1.9751
1	128	44	146.506	57.9009	23.1454
1	130	44	129.787	41.2024	2.80568
1	132	44	131.891	41.0587	2.94332
1	134	44	142.482	48.1609	9.44794
1	28	46	30.5801	45.7014	2.59735
1	30	46	27.4072	46.4392	2.62977
1	32	46	31.5152	44.3544	1.71555
1	34	46	33.3735	44.6415	1.496
1	36	46	35.0798	44.893	1.43955
1	38	46	37.0811	44.9289	1.41125
1	40	46	39.237	44.7576	1.458
1	42	46	41.7293	44.912	1.12113
1	44	46	43.7975	44.9046	1.11399
1	46	46	46.3378	45.2851	0.790685
1	48	46	49.3613	46.1945	1.37514
1	50	46	50.1987	45.2104	0.814203
1	52	46	53.0929	46.1844	1.10836
1	54	46	54.9803	46.1843	0.997469
1	56	46	57.4995	47.0363	1.82276
1	58	46	58.2198	45.2784	0.754319
1	60	46	60.5128	45.8652	0.530276
1	62	46	62.5343	46.1378	0.551732
1	64	46	64.2524	45.0994	0.935333
1	66	46	66.5805	46.4354	0.725592
1	68	46	67.7871	47.56	1.57445
1	70	46	68.6171	48.1177	2.52928
1	72	46	72.6082	45.0878	1.09638
1	74	46	74.6169	45.5373	0.771167
1	76	46	76.6496	45.6752	0.726289
1	78	46	78.6985	45.738	0.746048
1	80	46	80.7633	45.771	0.796875
1	82	46	82.843	45.7893	0.868981
1	84	46	84.9369	45.8001	0.957994
1	86	46	87.047	45.8043	1.06516
1	88	46	89.169	45.808	1.18464
1	90	46	91.3032	45.8113	1.31679
1	92	46	93.7633	45.5689	1.81519
1	94	46	95.2536	46.0668	1.25542
1	96	46	96.6832	46.543	0.872699
1	98	46	98.4334	46.7553	0.870768
1	100	46	99.6857	47.2165	1.25642
1	102	46	101.432	47.3827	1.4948
1	104	46	69.627	49.1603	34.518
1	106	46	105.227	46.6978	1.0411
1	108	46	110.538	45.9914	2.53798
1	110	46	112.459	46.2417	2.47061
1	112	46	111.463	47.6985	1.78138
1	114	46	117.047	46.7529	3.13818
1	116	46	119.172	46.7669	3.26352
1	118	46	121.302	46.7804	3.39334
1	120	46	122.304	47.9002	2.98655
1	122	46	123.318	47.7279	2.17323
1	124	46	127.656	46.754	3.73342
1	126	46	125.369	47.8419	1.94701
1	128	46	127.974	43.0816	2.91853
1	130	46	136.99	49.3995	7.77269
1	132	46	131.925	42.994	3.00698
1	134	46	137.849	46.1444	3.85162
1	28	48	25.391	48.3471	2.63197
1	30	48	27.3412	48.386	2.68671
1	32	48	34.7408	47.7572	2.75158
1	34	48	36.4429	47.8591	2.44697
1	36	48	41.9461	49.9159	6.24715
1	38	48	37.3923	46.9092	1.2487
1	40	48	39.4778	47.0074	1.1216
1	42	48	41.1633	46.8294	1.43888
1	44	48	45.585	48.0828	1.58715
1	46	48	45.8748	47.0983	0.910339
1	48	48	48.0265	47.1752	0.825237
1	50	48	51.1088	48.0601	1.11043
1	52	48	52.2588	47.3723	0.678948
1	54	48	53.6449	46.7506	1.29884
1	56	48	55.8129	46.8885	1.12713
1	58	48	58.0006	47.0824	0.917583
1	60	48	60.2889	47.5079	0.570603
1	62	48	62.4452	47.8538	0.468585
1	64	48	64.5064	48.0844	0.513421
1	66	48	66.4729	48.1182	0.487488
1	68	48	68.4509	48.2255	0.504148
1	70	48	68.8317	49.5134	1.91182
1	72	48	72.4669	47.7665	0.522025
1	74	48	74.4863	47.8784	0.501222
1	76	48	76.5219	47.913	0.529076
1	78	48	78.5722	47.9285	0.57666
1	80	48	80.6373	47.9363	0.640442
1	82	48	82.717	47.9403	0.719482
1	84	48	84.8114	47.9422	0.813461
1	86	48	86.9207	47.9427	0.922484
1	88	48	89.0445	47.9428	1.04605
1	90	48	91.1829	47.9425	1.18434
1	92	48	93.257	47.9971	1.25697
1	94	48	95.8316	47.7331	1.85097
1	96	48	97.0883	48.2801	1.12379
1	98	48	96.9733	48.7689	1.2827
1	100	48	70.2288	48.8951	29.7847
1	102	48	100.338	48.1066	1.66547
1	104	48	106.15	48.0829	2.15137
1	106	48	104.201	48.1116	1.80232
1	108	48	84.5785	42.6999	24.0137
1	110	48	98.7459	37.5499	15.3577
1	112	48	114.474	53.1157	5.68232
1	114	48	112.877	49.1875	1.63433
1	116	48	113.623	47.972	2.37692
1	118	48	118.055	50.1051	2.10581
1	120	48	123.462	48.8353	3.56129
1	122	48	118.673	47.4212	3.37744
1	124	48	120.472	47.3725	3.58354
1	126	48	129.678	48.6667	3.73841
1	128	48	131.644	48.5069	3.67889
1	130	48	135.802	50.4097	6.28241
1	132	48	139.398	51.6765	8.2616
1	134	48	133.944	44.8763	3.1242
1	28	50	25.3565	50.3947	2.67281
1	30	50	32.6824	49.6198	2.70925
1	32	50	29.4222	50.5792	2.64206
1	34	50	28.0028	47.1721	6.63049
1	36	50	38.4649	49.8409	2.46999
1	38	50	66.1782	56.3169	28.8775
1	40	50	49.9796	53.841	10.6933
1	42	50	28.7941	27.6555	25.9552
1	44	50	36.7136	64.8185	16.513
1	46	50	47.645	50.1587	1.6526
1	48	50	49.1928	49.982	1.19293
1	50	50	50.9223	49.9099	0.926691
1	52	50	52.3047	49.4828	0.600287
1	54	50	54.4603	49.6641	0.569854
1	56	50	55.7221	48.9401	1.09568
1	58	50	59.4456	51.024	1.77157
1	60	50	60.1927	49.4698	0.564139
1	62	50	62.3064	49.668	0.451775
1	64	50	64.4067	49.9322	0.412264
1	66	50	66.3744	49.9064	0.385898
1	68	50	68.7444	49.6278	0.832324
1	70	50	70.0005	45.6318	4.36816
1	72	50	72.3508	50.1765	0.392662
1	74	50	74.375	50.0937	0.386506
1	76	50	76.4118	50.0686	0.417476
1	78	50	78.4625	50.0578	0.466137
1	80	50	80.527	50.0527	0.529674
1	82	50	82.6069	50.0507	0.60906
1	84	50	84.7012	50.0502	0.702986
1	86	50	86.81	50.0509	0.811585
1	88	50	62.7143	68.1758	31.1405
1	90	50	88.6588	51.6716	2.14312
1	92	50	99.8566	45.9726	8.82872
1	94	50	95.3795	50.0683	1.38122
1	96	50	70.747	48.6345	25.2899
1	98	50	98.1823	51.2063	1.22
1	100	50	97.8686	47.6825	3.14863
1	102	50	101.196	51.1689	1.41895
1	104	50	106.178	50.1556	2.18395
1	106	50	120.204	71.7774	26.0003
1	108	50	110.405	50.2043	2.41363
1	110	50	70.4976	48.7811	39.5213
1	112	50	70.9054	48.6072	41.1182
1	114	50	115.034	48.0932	2.16907
1	116	50	115.099	51.5293	1.77505
1	118	50	70.3689	48.1826	47.6657
1	120	50	117.844	49.9811	2.15562
1	122	50	124.671	52.0135	3.34478
1	124	50	120.461	49.3181	3.60381
1	126	50	128.183	54.061	4.61033
1	128	50	126.691	51.4664	1.96539
1	130	50	126.242	49.5068	3.79
1	132	50	135.607	50.2518	3.61627
1	134	50	137.76	50.2799	3.77077
1	28	52	23.964	50.7278	4.2318
1	30	52	26.0401	50.96	4.09422
1	32	52	34.7585	51.5914	2.7886
1	34	52	36.787	51.6241	2.81227
1	36	52	37.3276	50.7957	1.79244
1	38	52	34.3435	51.7243	3.66686
1	40	52	42.8507	52.1553	2.85493
1	42	52	40.7509	51.2111	1.47734
1	44	52	46.5895	52.3785	2.61701
1	46	52	46.582	51.7991	0.615681
1	48	52	49.0082	52.1033	1.01351
1	50	52	50.9312	51.8685	0.94042
1	52	52	52.2808	51.534	0.544097
1	54	52	54.4179	51.6678	0.533865
1	56	52	75.8249	69.3366	26.336
1	58	52	75.1554	69.6669	24.6257
1	60	52	68.1089	47.7862	9.13839
1	62	52	62.3644	51.8634	0.38918
1	64	52	64.3182	51.8409	0.355806
1	66	52	66.2862	51.7854	0.35774
1	68	52	68.2705	51.5942	0.487706
1	70	52	70.3962	49.1455	2.8819
1	72	52	72.2557	52.3836	0.461058
1	74	52	74.2812	52.2109	0.351454
1	76	52	76.3181	52.1591	0.355697
1	78	52	78.3687	52.1383	0.393808
1	80	52	80.4335	52.13	0.452553
1	82	52	82.5126	52.1282	0.528369
1	84	52	84.6062	52.1301	0.620024
1	86	52	86.7168	52.1345	0.729334
1	88	52	88.8778	52.1458	0.889804
1	90	52	70.1854	48.9111	20.0539
1	92	52	91.2051	53.1757	1.4192
1	94	52	74.5498	53.0692	19.4795
1	96	52	73.2531	47.3564	23.216
1	98	52	100.525	52.5644	2.58698
1	100	52	67.2651	50.339	32.777
1	102	52	103.928	52.2084	1.93952
1	104	52	73.1416	54.8014	30.9853
1	106	52	74.4475	56.8158	31.9179
1	108	52	74.6939	56.8144	33.6523
1	110	52	74.9351	56.8054	35.3926
1	112	52	75.1793	56.8016	37.1324
1	114	52	112.267	52.6088	1.83659
1	116	52	70	64.176	47.5842
1	118	52	114.751	51.1583	3.35662
1	120	52	119.192	53.7677	1.94377
1	122	52	118.603	51.28	3.47286
1	124	52	127.269	52.2513	3.27877
1	126	52	122.376	51.3279	3.68574
1	128	52	291.722	208.362	226.393
1	130	52	126.278	51.4917	3.75702
1	132	52	135.74	52.3911	3.76045
1	134	52	137.754	52.2886	3.76493
1	28	54	30.3854	53.3672	2.46792
1	30	54	32.6956	53.5656	2.73037
1	32	54	32.8204	58.4482	4.52319
1	34	54	34.1606	57.6924	3.69594
1	36	54	37.3972	53.3555	1.5387
1	38	54	39.8496	53.512	1.91287
1	40	54	40.0075	53.3918	0.608199
1	42	54	42.3225	54.6429	0.719217
1	44	54	44.7541	54.2507	0.794694
1	46	54	46.4325	53.9448	0.436007
1	48	54	48.9555	53.7665	0.98365
1	50	54	50.2693	53.5734	0.504445
1	52	54	52.1099	53.5781	0.436
1	54	54	51.0576	54.9232	3.08386
1	56	54	66.272	48.6387	11.587
1	58	54	68.4155	47.996	12.022
1	60	54	60.1743	53.6389	0.400997
1	62	54	62.2885	53.8197	0.340248
1	64	54	64.242	53.7983	0.315053
1	66	54	66.2096	53.738	0.335542
1	68	54	68.1936	53.5161	0.521196
1	70	54	70.3952	49.1841	4.83211
1	72	54	72.1785	54.4463	0.480643
1	74	54	74.2034	54.2542	0.325586
1	76	54	76.24	54.2	0.312365
1	78	54	78.2902	54.1814	0.342181
1	80	54	80.3545	54.1773	0.39637
1	82	54	82.4333	54.1806	0.469403
1	84	54	84.5267	54.1882	0.559263
1	86	54	86.6345	54.1986	0.664885
1	88	54	70.7625	46.6615	18.7346
1	90	54	90.896	54.2244	0.923709
1	92	54	73.95	47.1409	19.3093
1	94	54	71.1445	52.1122	22.9334
1	96	54	70	64.176	27.9204
1	98	54	95.2809	55.0513	2.91526
1	100	54	74.092	44.723	27.5188
1	102	54	102.848	53.9686	0.848488
1	104	54	73.0082	58.7871	31.3593
1	106	54	104.018	54.0515	1.98272
1	108	54	105.793	53.7349	2.22241
1	110	54	108.822	54.708	1.37476
1	112	54	119.009	65.5627	13.5212
1	114	54	71.1315	48.4844	43.2219
1	116	54	100.999	39.5074	20.8579
1	118	54	75.742	56.8072	42.3511
1	120	54	123.57	54.9841	3.70298
1	122	54	116.701	51.3819	5.91013
1	124	54	121.873	54.4116	2.16613
1	126	54	122.373	53.2861	3.69631
1	128	54	124.332	53.3759	3.72061
1	130	54	133.68	54.4601	3.70837
1	132	54	107.763	26.4574	36.6884
1	134	54	137.507	54.0472	3.50753
1	28	56	25.3443	56.4195	2.68859
1	30	56	27.3671	56.5192	2.68356
1	32	56	32.8629	53.9905	2.18696
1	34	56	38.9863	57.1452	5.11615
1	36	56	33.8282	57.2648	2.51323
1	38	56	33.6608	55.0448	4.4431
1	40	56	43.1105	55.9176	3.11158
1	42	56	45.1617	55.9714	3.16187
1	44	56	47.1151	56.0677	3.11584
1	46	56	48.8292	56.19	2.83554
1	48	56	50.4047	56.2733	2.42019
1	50	56	47.8453	53.6087	3.21888
1	52	56	51.6633	55.8759	0.358832
1	54	56	54.835	56.5683	1.01004
1	56	56	55.9433	56.0279	0.0631517
1	58	56	59.1734	56.3765	1.23236
1	60	56	60.8209	56.6926	1.07405
1	62	56	62.7701	56.389	0.862745
1	64	56	64.3023	56.7935	0.849081
1	66	56	66.2429	56.7159	0.755993
1	68	56	68.1719	56.5184	0.546157
1	70	56	70	42.2157	13.7843
1	72	56	85.6876	14.2592	43.9277
1	74	56	91.1708	29.2823	31.7596
1	76	56	103.361	27.231	39.7026
1	78	56	78.2921	56.2556	0.38817
1	80	56	79.5303	56.792	0.920787
1	82	56	81.4539	56.8039	0.971865
1	84	56	83.3899	56.8198	1.02187
1	86	56	85.3374	56.8385	1.06868
1	88	56	86.6618	56.5679	1.45369
1	90	56	91.0831	44.2269	11.8228
1	92	56	93.4824	56.2844	1.50948
1	94	56	95.678	56.3218	1.70856
1	96	56	94.5063	55.6562	1.53277
1	98	56	96.6792	56.5556	1.43289
1	100	56	98.4414	56.6943	1.70629
1	102	56	100.285	56.6103	1.8208
1	104	56	101.696	55.4607	2.36643
1	106	56	104.187	55.956	1.81378
1	108	56	111.035	56.8814	3.16068
1	110	56	107.676	55.6097	2.35626
1	112	56	109.285	55.3533	2.79065
1	114	56	117.259	56.9547	3.39574
1	116	56	112.942	55.1661	3.1693
1	118	56	115.57	55.5035	2.48067
1	120	56	116.579	55.0536	3.54986
1	122	56	125.63	56.9166	3.74431
1	124	56	159.693	95.0849	52.9304
1	126	56	129.657	56.6892	3.72116
1	128	56	124.314	55.3228	3.7481
1	130	56	133.538	56.3157	3.55215
1	132	56	135.379	56.0386	3.37899
1	134	56	133.983	52.5481	3.45195
1	28	58	27.9718	55.2038	2.79635
1	30	58	27.3487	58.544	2.70657
1	32	58	33.2401	63.2495	5.39396
1	34	58	33.9409	61.6852	3.68563
1	36	58	34.1764	59.7315	2.51466
0	38	58	0	0	0
0	40	58	0	0	0
0	42	58	0	0	0
0	44	58	0	0	0
0	46	58	0	0	0
0	48	58	0	0	0
0	50	58	0	0	0
0	52	58	0	0	0
0	54	58	0	0	0
0	56	58	0	0	0
0	58	58	0	0	0
0	60	58	0	0	0
0	62	58	0	0	0
0	64	58	0	0	0
0	66	58	0	0	0
0	68	58	0	0	0
0	70	58	0	0	0
0	72	58	0	0	0
0	74	58	0	0	0
0	76	58	0	0	0
0	78	58	0	0	0
0	80	58	0	0	0
0	82	58	0	0	0
0	84	58	0	0	0
0	86	58	0	0	0
0	88	58	0	0	0
0	90	58	0	0	0
0	92	58	0	0	0
0	94	58	0	0	0
0	96	58	0	0	0
0	98	58	0	0	0
0	100	58	0	0	0
1	102	58	68.9686	53.5234	33.3333
1	104	58	106.162	58.4695	2.21283
1	106	58	85.5925	35.9945	30.0118
1	108	58	105.42	57.307	2.67107
1	110	58	107.13	56.8444	3.09417
1	112	58	109.091	56.9952	3.07756
1	114	58	111.424	57.5834	2.60939
1	116	58	119.393	58.996	3.53617
1	118	58	75.4045	56.798	42.6125
1	120	58	116.555	56.9994	3.58713
1	122	58	119.681	58.3774	2.34947
1	124	58	120.427	57.14	3.67507
1	126	58	121.645	56.4782	4.61291
1	128	58	118.35	51.4286	11.6748
1	130	58	127.526	56.4916	2.89783
1	132	58	72.1279	48.0858	60.6874
1	134	58	133.802	54.6149	3.39089
1	28	60	65.4484	56.5837	37.6039
1	30	60	37.2451	63.6358	8.10617
1	32	60	32.4435	64.4683	4.49022
1	34	60	31.6858	61.175	2.59546
1	36	60	33.8347	61.3609	2.55749
0	38	60	0	0	0
0	40	60	0	0	0
0	42	60	0	0	0
0	44	60	0	0	0
0	46	60	0	0	0
0	48	60	0	0	0
0	50	60	0	0	0
0	52	60	0	0	0
0	54	60	0	0	0
0	56	60	0	0	0
0	58	60	0	0	0
0	60	60	0	0	0
0	62	60	0	0	0
0	64	60	0	0	0
0	66	60	0	0	0
0	68	60	0	0	0
0	70	60	0	0	0
0	72	60	0	0	0
0	74	60	0	0	0
0	76	60	0	0	0
0	78	60	0	0	0
0	80	60	0	0	0
0	82	60	0	0	0
0	84	60	0	0	0
0	86	60	0	0	0
0	88	60	0	0	0
0	90	60	0	0	0
0	92	60	0	0	0
0	94	60	0	0	0
0	96	60	0	0	0
0	98	60	0	0	0
0	100	60	0	0	0
1	102	60	69.0551	49.9532	34.4428
1	104	60	106.164	59.4783	2.22612
1	106	60	104.981	57.1725	3.00566
1	108	60	106.081	57.2472	3.35562
1	110	60	106.603	58.1907	3.84873
1	112	60	70.1212	48.6642	43.3859
1	114	60	62.9741	67.6202	51.5918
1	116	60	112.655	58.7833	3.55917
1	118	60	101.179	41.7867	24.7925
1	120	60	73.8431	47.1646	47.9083
1	122	60	118.934	59.6322	3.08756
1	124	60	120.429	59.115	3.67936
1	126	60	122.746	59.5918	3.27993
1	128	60	131.669	60.5678	3.7124
1	130	60	133.671	60.4574	3.6997
1	132	60	129.416	58.598	2.93986
1	134	60	137.636	60.1911	3.64125
1	28	62	20.8454	68.274	9.51581
1	30	62	36.6664	65.2341	7.40943
1	32	62	35.3162	62.0104	3.3162
1	34	62	37.051	55.711	6.98995
1	36	62	36.5101	59.4356	2.61461
0	38	62	0	0	0
0	40	62	0	0	0
0	42	62	0	0	0
0	44	62	0	0	0
0	46	62	0	0	0
0	48	62	0	0	0
0	50	62	0	0	0
0	52	62	0	0	0
0	54	62	0	0	0
0	56	62	0	0	0
0	58	62	0	0	0
0	60	62	0	0	0
0	62	62	0	0	0
0	64	62	0	0	0
0	66	62	0	0	0
0	68	62	0	0	0
0	70	62	0	0	0
0	72	62	0	0	0
0	74	62	0	0	0
0	76	62	0	0	0
0	78	62	0	0	0
0	80	62	0	0	0
0	82	62	0	0	0
0	84	62	0	0	0
0	86	62	0	0	0
0	88	62	0	0	0
0	90	62	0	0	0
0	92	62	0	0	0
0	94	62	0	0	0
0	96	62	0	0	0
0	98	62	0	0	0
0	100	62	0	0	0
1	102	62	94.3573	65.1497	8.26627
1	104	62	105.044	59.2868	2.90706
1	106	62	107.191	60.5016	1.91405
1	108	62	106.64	58.8933	3.39133
1	110	62	107.822	59.0306	3.68264
1	112	62	108.658	60.4472	3.68523
1	114	62	110.613	60.5597	3.68013
1	116	62	112.561	60.6508	3.69442
1	118	62	114.95	61.0728	3.18821
1	120	62	116.488	60.8724	3.68873
1	122	62	122.097	65.2833	3.28477
1	124	62	120.431	61.0952	3.68147
1	126	62	122.403	61.1996	3.68494
1	128	62	124.386	61.3122	3.67914
1	130	62	133.668	62.4407	3.69433
1	132	62	135.671	62.3351	3.68578
1	134	62	137.651	62.2028	3.65704
1	28	64	28.6978	61.6265	2.47394
1	30	64	37.7419	55.3289	11.6243
1	32	64	29.2914	64.6597	2.78776
1	34	64	37.2112	63.8189	3.21634
1	36	64	35.9898	60.9054	3.09459
0	38	64	0	0	0
0	40	64	0	0	0
0	42	64	0	0	0
0	44	64	0	0	0
0	46	64	0	0	0
0	48	64	0	0	0
0	50	64	0	0	0
0	52	64	0	0	0
0	54	64	0	0	0
0	56	64	0	0	0
0	58	64	0	0	0
0	60	64	0	0	0
0	62	64	0	0	0
0	64	64	0	0	0
0	66	64	0	0	0
0	68	64	0	0	0
0	70	64	0	0	0
0	72	64	0	0	0
0	74	64	0	0	0
0	76	64	0	0	0
0	78	64	0	0	0
0	80	64	0	0	0
0	82	64	0	0	0
0	84	64	0	0	0
0	86	64	0	0	0
0	88	64	0	0	0
0	90	64	0	0	0
0	92	64	0	0	0
0	94	64	0	0	0
0	96	64	0	0	0
0	98	64	0	0	0
0	100	64	0	0	0
1	102	64	111.276	67.8828	10.0555
1	104	64	73.0194	85.3636	37.6325
1	106	64	107.36	61.7403	2.63741
1	108	64	104.773	62.2235	3.6838
1	110	64	108.591	60.9224	3.38485
1	112	64	109.943	61.2725	3.41653
1	114	64	110.609	62.5341	3.69414
1	116	64	112.568	62.6446	3.68982
1	118	64	113.785	63.2532	4.28037
1	120	64	117.822	62.4387	2.67976
1	122	64	118.937	63.6264	3.08569
1	124	64	121.658	64.5497	2.40609
1	126	64	122.461	63.4701	3.57806
1	128	64	124.235	63.4384	3.80652
1	130	64	125.689	64.0208	4.31061
1	132	64	132.012	60.1405	3.85952
1	134	64	137.664	64.2094	3.66998
1	28	66	25.3102	66.9616	2.85649
1	30	66	27.2424	66.5162	2.80548
1	32	66	32.1204	70.4627	4.46433
1	34	66	38.2795	66.8148	4.35638
1	36	66	37.2971	71.8597	6.00154
0	38	66	0	0	0
0	40	66	0	0	0
0	42	66	0	0	0
0	44	66	0	0	0
0	46	66	0	0	0
0	48	66	0	0	0
0	50	66	0	0	0
0	52	66	0	0	0
0	54	66	0	0	0
0	56	66	0	0	0
0	58	66	0	0	0
0	60	66	0	0	0
0	62	66	0	0	0
0	64	66	0	0	0
0	66	66	0	0	0
0	68	66	0	0	0
0	70	66	0	0	0
0	72	66	0	0	0
0	74	66	0	0	0
0	76	66	0	0	0
0	78	66	0	0	0
0	80	66	0	0	0
0	82	66	0	0	0
0	84	66	0	0	0
0	86	66	0	0	0
0	88	66	0	0	0
0	90	66	0	0	0
0	92	66	0	0	0
0	94	66	0	0	0
0	96	66	0	0	0
0	98	66	0	0	0
0	100	66	0	0	0
1	102	66	107.372	65.8859	5.37369
1	104	66	101.656	63.4592	3.457
1	106	66	106.432	61.764	4.25791
1	108	66	107.965	62.3538	3.64641
1	110	66	109.301	62.714	3.35955
1	112	66	111.424	63.8893	2.188
1	114	66	110.613	64.5412	3.68784
1	116	66	112.571	64.6378	3.68964
1	118	66	114.534	64.7472	3.68559
1	120	66	116.5	64.8563	3.68232
1	122	66	116.699	66.3708	5.31354
1	124	66	120.441	65.073	3.67771
1	126	66	122.495	65.1676	3.60271
1	128	66	124.394	65.2877	3.6753
1	130	66	126.376	65.3948	3.67421
1	132	66	132.046	62.0099	3.99032
1	134	66	132.085	63.9165	2.82971
1	28	68	28.1859	65.0443	2.96158
1	30	68	29.3884	64.131	3.91702
1	32	68	28.4909	67.6467	3.52683
1	34	68	54.9594	84.8897	26.9176
1	36	68	33.0428	68.5809	3.01374
1	38	68	57.9509	45.3101	30.2137
1	40	68	82.5746	15.6974	67.44
1	42	68	33.9238	52.0589	17.8701
1	44	68	105.663	27.0403	74.0272
1	46	68	105.63	27.1173	72.2991
1	48	68	105.2	27.1134	70.3108
1	50	68	104.294	27.4093	67.79
1	52	68	104.238	27.1707	66.3014
1	54	68	60.0532	66.2664	6.29651
1	56	68	62.0871	66.3722	6.30096
1	58	68	64.1189	66.4778	6.30535
1	60	68	66.1486	66.5834	6.30964
1	62	68	68.1762	66.689	6.31381
1	64	68	70.2017	66.7945	6.31782
1	66	68	72.2252	66.8999	6.32165
1	68	68	74.1059	66.8999	6.20423
1	70	68	75.5314	66.5522	5.71777
1	72	68	76.9503	66.1879	5.2715
1	74	68	22.6038	77.79	52.3203
1	76	68	100.226	27.9081	46.8429
1	78	68	38.1985	63.7757	40.025
0	80	68	0	0	0
0	82	68	0	0	0
0	84	68	0	0	0
0	86	68	0	0	0
0	88	68	0	0	0
1	90	68	92.228	64.5137	4.13741
1	92	68	94.2402	64.5711	4.09584
1	94	68	102.527	63.7313	9.5361
1	96	68	107.54	73.3375	12.7142
1	98	68	103.62	64.201	6.78344
1	100	68	102.014	64.5369	4.00634
1	102	68	104.172	64.7331	3.92286
1	104	68	105.791	64.3955	4.02515
1	106	68	102.617	66.2023	3.83085
1	108	68	104.198	66.546	4.07013
1	110	68	109.569	64.0098	4.01342
1	112	68	111.253	64.7132	3.3705
1	114	68	110.528	66.6512	3.72467
1	116	68	112.478	66.751	3.73655
1	118	68	114.532	66.7454	3.68797
1	120	68	116.5	66.8473	3.68524
1	122	68	118.469	66.9553	3.68227
1	124	68	120.441	67.0629	3.67997
1	126	68	122.417	67.1701	3.67826
1	128	68	124.395	67.2769	3.67704
1	130	68	72.9122	42.9643	62.3362
1	132	68	139.833	64.6572	8.5167
1	134	68	135.508	62.6015	5.60525
1	28	70	28.1469	66.765	3.23837
1	30	70	48.4219	86.1192	24.4785
1	32	70	28.4819	69.6574	3.53473
1	34	70	52.7358	85.2148	24.1354
1	36	70	32.5805	70.013	3.41956
1	38	70	36.6193	65.3344	4.86555
1	40	70	45.7673	67.5251	6.2759
1	42	70	47.8169	67.6313	6.28067
1	44	70	49.8643	67.7373	6.28565
1	46	70	51.9096	67.8434	6.29079
1	48	70	53.9527	67.9493	6.29604
1	50	70	55.9937	68.0552	6.30136
1	52	70	58.0326	68.1611	6.3067
1	54	70	60.0694	68.2669	6.31201
1	56	70	62.104	68.3726	6.31726
1	58	70	64.1365	68.4783	6.32241
1	60	70	66.1669	68.5839	6.32742
1	62	70	68.1952	68.6895	6.33226
1	64	70	70.2213	68.795	6.33691
1	66	70	72.1333	68.8193	6.24591
1	68	70	73.5359	68.4683	5.7439
1	70	70	74.9592	68.1214	5.30307
1	72	70	76.3755	67.7578	4.91652
1	74	70	77.8136	67.3989	4.61619
1	76	70	79.2458	67.0233	4.40409
1	78	70	80.1278	66.2001	4.35511
1	80	70	82.1266	66.2461	4.31442
1	82	70	84.1278	66.2938	4.27351
1	84	70	96.4477	74.8803	13.3702
1	86	70	98.2155	74.8684	13.1499
1	88	70	90.1238	66.4298	4.15414
1	90	70	92.1578	66.5053	4.1072
1	92	70	105.062	64.8546	14.0388
1	94	70	105.539	65.1012	12.5362
1	96	70	101.543	69.738	5.54878
1	98	70	103.796	70.0741	5.79679
1	100	70	105.781	70.1674	5.78352
1	102	70	102.595	65.2714	4.7659
1	104	70	106.896	67.5502	3.79341
1	106	70	106.571	65.2796	4.75483
1	108	70	108.543	65.2621	4.76894
1	110	70	109.936	65.4334	4.56704
1	112	70	111.698	66.2155	3.79646
1	114	70	113.099	66.6487	3.47021
1	116	70	118.047	70.8431	2.21402
1	118	70	114.462	68.802	3.73502
1	120	70	116.432	68.9027	3.73263
1	122	70	118.466	68.9455	3.68822
1	124	70	124.13	73.5608	3.56321
1	126	70	138.711	83.0083	18.1875
1	128	70	140.618	82.3427	17.6507
1	130	70	72.378	43.9922	63.2194
1	132	70	72.6975	43.5027	64.953
1	134	70	130.727	69.2613	3.35572
1	28	72	28.6195	67.9657	4.08157
1	30	72	30.0001	68.5018	3.49816
1	32	72	48.2277	86.0468	21.4628
1	34	72	21.4829	55.73	20.5278
1	36	72	38.8216	71.3182	2.90279
1	38	72	36.1235	66.7195	5.604
1	40	72	36.6194	65.365	7.44657
1	42	72	42.2169	76.8248	4.8297
1	44	72	49.8788	69.7377	6.29909
1	46	72	51.9251	69.8438	6.30526
1	48	72	53.9692	69.9497	6.3115
1	50	72	56.0112	70.0557	6.31778
1	52	72	58.0509	70.1616	6.32404
1	54	72	60.0885	70.2674	6.33023
1	56	72	62.1239	70.3731	6.33632
1	58	72	64.1571	70.4788	6.34227
1	60	72	66.1882	70.5845	6.34804
1	62	72	68.2171	70.6901	6.3536
1	64	72	70.1603	70.737	6.28842
1	66	72	71.5687	70.4039	5.79292
1	68	72	57.2487	85.1778	17.0072
1	70	72	58.6617	84.684	17.0129
1	72	72	65.6102	45.0391	27.7078
1	74	72	66.2341	79.258	10.6296
1	76	72	88.874	76.3985	13.6047
1	78	72	90.6244	76.3759	13.3613
1	80	72	92.4403	76.4026	13.1964
1	82	72	94.2181	76.3983	12.9856
1	84	72	96.0099	76.4037	12.7918
1	86	72	88.0185	68.3477	4.17296
1	88	72	90.0173	68.3923	4.13338
1	90	72	92.0161	68.4367	4.09414
1	92	72	98.1541	72.0633	6.15442
1	94	72	96.0138	68.5246	4.0167
1	96	72	98.0127	68.5681	3.97854
1	98	72	78.5566	81.2878	21.5478
1	100	72	79.2163	82.5257	23.297
1	102	72	103.986	71.1585	2.15646
1	104	72	83.9617	82.596	22.6673
1	106	72	85.9467	82.2943	22.5413
1	108	72	88.7075	82.6544	22.039
1	110	72	106.338	70.5589	3.93529
1	112	72	112.058	67.6513	4.34911
1	114	72	110.591	70.5145	3.71867
1	116	72	119.392	73.2326	3.60871
1	118	72	114.465	70.7754	3.74116
1	120	72	117.993	69.6389	3.09866
1	122	72	125.597	72.7976	3.68485
1	124	72	123.987	75.7523	3.75234
1	126	72	135.091	81.1111	12.8711
1	128	72	163.529	44.3794	45.0019
1	130	72	137.047	79.9827	10.6484
1	132	72	120.301	91.0813	22.3819
1	134	72	72.4821	44.0222	67.5812
1	28	74	37.548	84.3028	14.0468
1	30	74	44.0161	86.1191	18.529
1	32	74	46.473	86.1192	18.8771
1	34	74	37.5467	74.1417	3.54957
1	36	74	39.6327	74.122	3.63478
1	38	74	41.7214	74.103	3.72287
1	40	74	36.1397	66.7119	8.24734
1	42	74	36.6033	65.3787	10.1711
1	44	74	36.0523	63.1944	13.4137
1	46	74	51.9435	71.8442	6.32241
1	48	74	53.9886	71.9503	6.32971
1	50	74	56.0315	72.0562	6.337
1	52	74	58.0722	72.1621	6.34422
1	54	74	60.0849	72.2956	6.31908
1	56	74	62.1468	72.3737	6.35833
1	58	74	64.119	72.5429	6.2901
1	60	74	66.1725	72.6254	6.32366
1	62	74	68.1124	72.7263	6.24372
1	64	74	55.8733	85.638	14.1946
1	66	74	29.1802	57.3845	40.3952
1	68	74	72.3765	71.6371	4.97359
1	70	74	73.8105	71.2753	4.68443
1	72	74	58.0039	57.9735	21.2777
1	74	74	151.715	64.0947	78.3434
1	76	74	77.9204	70.0903	4.35589
1	78	74	79.9192	70.1356	4.31472
1	80	74	81.918	70.1807	4.27383
1	82	74	83.9168	70.2256	4.23324
1	84	74	85.9157	70.2703	4.19294
1	86	74	87.9145	70.3147	4.15296
1	88	74	94.3285	73.9739	6.32859
1	90	74	96.2573	74.0232	6.25733
1	92	74	93.9111	70.4462	4.03504
1	94	74	113.969	86.0604	23.3283
1	96	74	101.906	74.0397	5.90658
1	98	74	96.5341	72.8689	1.85159
1	100	74	82.5707	82.3454	19.3242
1	102	74	100.117	70.9209	3.6095
1	104	74	106.391	73.869	2.39434
1	106	74	209.42	168.366	140.002
1	108	74	91.818	82.4572	18.2587
1	110	74	94.1346	82.486	17.9923
1	112	74	112.362	69.2916	4.72226
1	114	74	114.635	70.3402	3.71447
1	116	74	115.422	70.1172	3.92556
1	118	74	116.922	70.6049	3.562
1	120	74	118.396	71.0907	3.32199
1	122	74	119.876	71.6062	3.19998
1	124	74	123.96	77.8635	3.8637
1	126	74	130.323	84.2063	11.0841
1	128	74	173.189	36.7917	58.5364
1	130	74	129.703	78.0664	4.07728
1	132	74	130.345	76.9087	3.34654
1	134	74	134.199	77.5805	3.586
1	28	76	39.6184	86.119	15.4072
1	30	76	40.667	84.8069	13.8328
1	32	76	44.3863	86.1191	15.9943
1	34	76	37.5324	76.1206	3.53446
1	36	76	39.6184	76.1041	3.61987
1	38	76	41.7071	76.0881	3.7081
1	40	76	40.006	80.8665	4.86648
1	42	76	34.6557	71.3274	8.70469
1	44	76	35.9339	70.2574	9.90143
1	46	76	12.7619	85.9657	34.6999
1	48	76	38.3412	80.5509	10.6772
1	50	76	56.055	74.0568	6.35919
1	52	76	51.3242	81.4693	5.51087
1	54	76	60.1108	74.2951	6.34423
1	56	76	62.1206	74.4283	6.31919
1	58	76	60.8102	72.285	4.65811
1	60	76	66.2591	74.4773	6.44166
1	62	76	55.8474	85.641	11.4369
1	64	76	57.2708	85.1882	11.3888
1	66	76	56.3414	82.6645	11.7347
1	68	76	71.78	73.2438	4.67813
1	70	76	71.8199	71.925	4.4629
1	72	76	73.8187	71.9706	4.42085
1	74	76	56.5648	58.1304	24.9662
1	76	76	77.8163	72.0611	4.33752
1	78	76	79.8151	72.106	4.29626
1	80	76	81.814	72.1507	4.25529
1	82	76	83.8128	72.1952	4.21461
1	84	76	85.8117	72.2394	4.17425
1	86	76	87.8105	72.2833	4.1342
1	88	76	89.8094	72.327	4.09449
1	90	76	96.2336	75.9794	6.23358
1	92	76	98.3441	76.1789	6.34667
1	94	76	78.9959	82.0763	16.1878
1	96	76	81.2496	82.107	15.9646
1	98	76	94.2886	74.1871	4.13046
1	100	76	85.7571	82.1652	15.52
1	102	76	99.5493	73.3549	3.60592
1	104	76	209.42	168.366	140.16
1	106	76	104.567	72.6227	3.66862
1	108	76	94.7724	82.2675	14.6373
1	110	76	110.009	71.8065	4.19348
1	112	76	112.313	71.3446	4.66587
1	114	76	114.257	71.2925	4.71454
1	116	76	115.891	71.6153	4.38606
1	118	76	121.823	76.7848	3.90228
1	120	76	123.206	77.2259	3.43231
1	122	76	124.613	77.6646	3.09791
1	124	76	126.015	78.1274	2.93009
1	126	76	122.538	75.2866	3.53444
1	128	76	125.595	77.2915	2.72969
1	130	76	126.355	75.3374	3.7043
1	132	76	131.779	79.6676	3.67425
1	134	76	134.119	79.7606	3.76252
1	28	78	20.079	65.2604	15.0013
1	30	78	36.7879	82.1955	7.97983
1	32	78	31.8963	83.0551	5.05612
1	34	78	33.8978	82.9982	4.99928
1	36	78	35.8992	82.9481	4.94915
1	38	78	37.9003	82.9042	4.90518
1	40	78	39.9013	82.8657	4.86671
1	42	78	41.9022	82.8324	4.83335
1	44	78	37.8776	68.338	11.4384
1	46	78	45.9036	82.7793	4.7803
1	48	78	57.4009	72.2177	11.0368
1	50	78	59.6366	72.2109	11.2418
1	52	78	351.077	100.78	299.943
1	54	78	60.1258	76.3095	6.3548
1	56	78	62.5701	76.0055	6.86622
1	58	78	64.3517	76.3253	6.56873
1	60	78	64.9497	76.808	5.09124
1	62	78	37.0673	65.1925	28.0298
1	64	78	58.6708	84.7547	8.60385
1	66	78	69.7838	75.1819	4.71793
1	68	78	63.3281	53.2653	25.172
1	70	78	71.7158	73.8985	4.44594
1	72	78	103.315	27.0923	59.7681
1	74	78	75.7134	73.9887	4.36192
1	76	78	77.7122	74.0335	4.32031
1	78	78	79.7111	74.078	4.27898
1	80	78	81.7099	74.1223	4.23793
1	82	78	83.7087	74.1664	4.19719
1	84	78	85.7076	74.2102	4.15676
1	86	78	92.7645	78.1647	6.76655
1	88	78	97.7534	85.5761	12.3501
1	90	78	77.7947	81.8495	12.798
1	92	78	79.9932	81.88	12.6182
1	94	78	100.194	78.1354	6.19535
1	96	78	92.8284	75.6481	3.94846
1	98	78	103.922	78.1201	5.92347
1	100	78	96.6437	75.9538	3.93087
1	102	78	90.9861	82.017	11.7236
1	104	78	97.2673	79.0802	6.81877
1	106	78	209.42	168.366	137.338
1	108	78	106.66	74.9284	3.35117
1	110	78	99.781	82.1047	11.0126
1	112	78	91.6469	91.1053	24.2074
1	114	78	114.167	73.3021	4.70088
1	116	78	116.152	73.2929	4.70961
1	118	78	117.804	73.6176	4.3868
1	120	78	111.838	83.207	9.68143
1	122	78	125.126	79.2333	3.36068
1	124	78	122.279	75.1485	3.33078
1	126	78	128.094	80.0438	2.926
1	128	78	124.231	77.3568	3.82387
1	130	78	126.161	77.5211	3.86834
1	132	78	129.325	84.5827	7.10556
1	134	78	138.281	77.2375	4.34822
1	28	80	36.0579	86.1381	10.1295
1	30	80	36.2071	84.9249	7.92357
1	32	80	31.089	86.0923	6.16001
1	34	80	33.0158	86.1106	6.18935
1	36	80	34.9429	86.1302	6.22071
1	38	80	36.873	86.1534	6.25577
1	40	80	38.8021	86.1667	6.28201
1	42	80	41.7976	84.8286	4.83287
1	44	80	43.7984	84.8	4.80428
1	46	80	50.0678	80.0192	4.06789
1	48	80	47.7995	84.7555	4.75974
1	50	80	40.1567	77.3337	10.1981
1	52	80	41.9996	77.4349	10.3241
1	54	80	54.2316	84.2811	4.28739
1	56	80	62.9402	77.6832	7.31667
1	58	80	55.8151	85.6651	6.07185
1	60	80	57.2627	85.1906	5.86818
1	62	80	40.0005	61.8481	28.5214
1	64	80	67.7573	77.1507	4.7155
1	66	80	67.614	75.783	4.51529
1	68	80	69.6128	75.8283	4.47258
1	70	80	71.6116	75.8734	4.43011
1	72	80	73.6104	75.9183	4.38789
1	74	80	75.6092	75.963	4.34594
1	76	80	77.6081	76.0074	4.30426
1	78	80	79.6069	76.0516	4.26286
1	80	80	81.6058	76.0956	4.22175
1	82	80	79.6076	86.1172	6.56835
1	84	80	90.9043	80.1292	6.90555
1	86	80	92.756	80.1238	6.7571
1	88	80	84.719	78.1889	3.74765
1	90	80	80.9428	81.6929	9.21405
1	92	80	89.1389	77.8068	3.60502
1	94	80	102.437	81.9173	8.65202
1	96	80	108.469	89.9552	15.9557
1	98	80	89.5269	81.8004	8.66225
1	100	80	91.673	81.8246	8.52454
1	102	80	107.651	80.0782	5.65168
1	104	80	109.523	80.0721	5.52385
1	106	80	99.3646	86.5287	9.30872
1	108	80	209.42	168.366	134.516
1	110	80	209.42	168.366	133.015
1	112	80	99.7717	86.1893	13.7054
1	114	80	101.802	86.3988	13.7749
1	116	80	116.058	75.3012	4.69911
1	118	80	122.701	80.0336	4.70111
1	120	80	124.258	80.3161	4.27012
1	122	80	125.664	80.7603	3.74246
1	124	80	127.075	81.2244	3.30948
1	126	80	128.497	81.7031	3.02227
1	128	80	126.122	77.3257	3.26766
1	130	80	126.304	79.3471	3.7537
1	132	80	128.283	79.4726	3.7545
1	134	80	130.273	79.6014	3.74796
