multipath	0	0	9
6 121 74 2 142.311 70.1051 2 10.377 45.992 2 61.437 36.66 2 10.377 27.3279 2 45 21 2 
4 121 74 2 142.311 67.9879 2 10.377 30.7676 2 45 21 2 
6 121 74 2 142.311 63.1764 2 106.785 45.133 2 65.0275 66.341 2 10.377 38.5846 2 45 21 2 
6 121 74 2 142.311 51.7641 2 102.779 10.517 2 78.9132 35.419 2 55.047 10.517 2 45 21 2 
6 121 74 2 84.9737 45.133 2 58.5059 66.341 2 10.377 27.7765 2 31.9171 10.517 2 45 21 2 
5 121 74 2 77.0575 45.133 2 44.7739 66.341 2 10.377 43.7448 2 45 21 2 
3 121 74 2 10.377 33.6339 2 45 21 2 
6 121 74 2 10.377 40.5385 2 109.628 10.517 2 142.311 20.4032 2 92.6689 35.419 2 45 21 2 
5 121 74 2 108.461 97.495 2 80.5162 45.133 2 69.1978 66.341 2 45 21 2 
