15	15	4.47214
17	15	4.47214
19	15	7.2111
21	15	8.48528
23	15	14.4222
25	15	15.6205
27	15	17.2047
29	15	0
31	15	2
33	15	2.82843
35	15	4.47214
37	15	5.65685
39	15	7.2111
41	15	8.94427
43	15	10
45	15	12.8062
47	15	12.8062
49	15	14.4222
51	15	16.1245
53	15	16.1245
55	15	17.2047
57	15	18.868
59	15	20.5913
61	15	21.6333
63	15	23.3238
65	15	25.0599
67	15	26.8328
69	15	28.6356
71	15	29.5296
73	15	31.305
75	15	33.1059
77	15	34
79	15	34.9857
81	15	0
83	15	8.94427
85	15	7.2111
87	15	6.32456
89	15	4.47214
91	15	4
93	15	4
95	15	2
97	15	2
99	15	8.24621
101	15	8.24621
103	15	6.32456
105	15	5.65685
107	15	4.47214
109	15	2
111	15	0
113	15	10.7703
115	15	10.198
117	15	4
119	15	12.1655
121	15	10.198
123	15	14.1421
125	15	0
127	15	2
129	15	8.24621
131	15	8.24621
133	15	8.94427
135	15	0
15	17	2.82843
17	17	2.82843
19	17	4.47214
21	17	11.6619
23	17	12.8062
25	17	14.4222
27	17	17.2047
29	17	18.868
31	17	2.82843
33	17	4.47214
35	17	6.32456
37	17	4.47214
39	17	5.65685
41	17	11.6619
43	17	11.3137
45	17	11.6619
47	17	11.6619
49	17	13.4164
51	17	13.4164
53	17	14.4222
55	17	16.1245
57	17	17.8885
59	17	18.868
61	17	20.5913
63	17	22.3607
65	17	24.1661
67	17	25.0599
69	17	26.8328
71	17	28.6356
73	17	29.5296
75	17	31.305
77	17	32.249
79	17	34
81	17	11.6619
83	17	11.6619
85	17	6.32456
87	17	6.32456
89	17	6.32456
91	17	6.32456
93	17	4.47214
95	17	8.24621
97	17	8.24621
99	17	6.32456
101	17	6.32456
103	17	8.24621
105	17	8.24621
107	17	2.82843
109	17	2
111	17	4.47214
113	17	8.94427
115	17	8.24621
117	17	4
119	17	10.198
121	17	6.32456
123	17	10.198
125	17	2
127	17	2
129	17	6.32456
131	17	6
133	17	7.2111
135	17	8.94427
15	19	4.47214
17	19	2.82843
19	19	5.65685
21	19	4.47214
23	19	11.6619
25	19	14.4222
27	19	15.6205
29	19	17.2047
31	19	18.4391
33	19	5.65685
35	19	7.2111
37	19	8.94427
39	19	11.6619
41	19	10
43	19	10
45	19	8.94427
47	19	8.94427
49	19	10
51	19	11.6619
53	19	13.4164
55	19	14.4222
57	19	16.1245
59	19	17.8885
61	19	19.6977
63	19	20.5913
65	19	22.3607
67	19	24.1661
69	19	25.0599
71	19	26.8328
73	19	27.7849
75	19	29.5296
77	19	31.305
79	19	8.94427
81	19	8.94427
83	19	7.2111
85	19	12.8062
87	19	14.4222
89	19	8.94427
91	19	7.2111
93	19	8.94427
95	19	8.94427
97	19	8.94427
99	19	8.94427
101	19	7.2111
103	19	8.94427
105	19	5.65685
107	19	4.47214
109	19	4
111	19	4.47214
113	19	6.32456
115	19	6.32456
117	19	2
119	19	8.24621
121	19	6.32456
123	19	8.24621
125	19	0
127	19	0
129	19	4.47214
131	19	4
133	19	4.47214
135	19	7.2111
15	21	0
17	21	11.6619
19	21	4.47214
21	21	4.47214
23	21	5.65685
25	21	7.2111
27	21	14.4222
29	21	15.6205
31	21	17.2047
33	21	18.868
35	21	8.48528
37	21	11.3137
39	21	11.6619
41	21	13.4164
43	21	10
45	21	13.4164
47	21	13.4164
49	21	13.4164
51	21	15.2315
53	21	15.2315
55	21	13.4164
57	21	15.2315
59	21	16.1245
61	21	17.8885
63	21	19.6977
65	21	20.5913
67	21	22.3607
69	21	23.3238
71	21	25.0599
73	21	26.8328
75	21	27.7849
77	21	29.5296
79	21	7.2111
81	21	7.2111
83	21	10
85	21	11.6619
87	21	13.4164
89	21	8.94427
91	21	11.6619
93	21	11.6619
95	21	11.6619
97	21	11.6619
99	21	11.6619
101	21	11.6619
103	21	13.4164
105	21	6.32456
107	21	6.32456
109	21	4.47214
111	21	6.32456
113	21	5.65685
115	21	4.47214
117	21	2
119	21	6.32456
121	21	6
123	21	6.32456
125	21	6
127	21	8.24621
129	21	2.82843
131	21	2
133	21	4.47214
135	21	6.32456
15	23	6.32456
17	23	4.47214
19	23	4.47214
21	23	7.2111
23	23	8.94427
25	23	8.94427
27	23	10
29	23	14.4222
31	23	16.1245
33	23	17.2047
35	23	18.868
37	23	11.3137
39	23	12.8062
41	23	12.8062
43	23	16.1245
45	23	12.8062
47	23	19.6977
49	23	19.6977
51	23	17.8885
53	23	16.1245
55	23	14.4222
57	23	19.6977
59	23	19.6977
61	23	19.6977
63	23	17.8885
65	23	19.6977
67	23	20.5913
69	23	22.3607
71	23	23.3238
73	23	25.0599
75	23	26.8328
77	23	8.94427
79	23	7.2111
81	23	7.2111
83	23	8.94427
85	23	17.2047
87	23	20
89	23	21.6333
91	23	6.32456
93	23	14.4222
95	23	14.4222
97	23	14.4222
99	23	12.8062
101	23	11.6619
103	23	8.94427
105	23	8.94427
107	23	8.24621
109	23	6.32456
111	23	8.24621
113	23	6.32456
115	23	2
117	23	4
119	23	4.47214
121	23	4
123	23	4.47214
125	23	4
127	23	10
129	23	2
131	23	2
133	23	2.82843
135	23	4.47214
15	25	17.2047
17	25	15.6205
19	25	5.65685
21	25	7.2111
23	25	8.94427
25	25	11.6619
27	25	11.6619
29	25	12.8062
31	25	14.4222
33	25	16.1245
35	25	17.2047
37	25	18.868
39	25	30
41	25	15.6205
43	25	4.47214
45	25	0
47	25	2.82843
49	25	20.5913
51	25	18.868
53	25	24.1661
55	25	24.1661
57	25	22.3607
59	25	22.3607
61	25	20.5913
63	25	18.868
65	25	17.8885
67	25	18.868
69	25	20.5913
71	25	22.3607
73	25	23.3238
75	25	25.0599
77	25	10
79	25	8.94427
81	25	7.2111
83	25	15.6205
85	25	17.2047
87	25	18.868
89	25	18.868
91	25	4.47214
93	25	5.65685
95	25	0
97	25	15.6205
99	25	10.7703
101	25	10.7703
103	25	10.7703
105	25	10.7703
107	25	10.198
109	25	8.24621
111	25	10.198
113	25	10.7703
115	25	0
117	25	4
119	25	6.32456
121	25	4
123	25	4.47214
125	25	2
127	25	4.47214
129	25	6
131	25	4
133	25	4.47214
135	25	10
15	27	18.4391
17	27	16.9706
19	27	15.6205
21	27	15.6205
23	27	10
25	27	11.6619
27	27	0
29	27	16.1245
31	27	16.1245
33	27	17.2047
35	27	18.4391
37	27	18.4391
39	27	20
41	27	31.6228
43	27	2.82843
45	27	2.82843
47	27	4.47214
49	27	4.47214
51	27	6.32456
53	27	26.8328
55	27	26.8328
57	27	25.0599
59	27	23.3238
61	27	22.3607
63	27	22.3607
65	27	20.5913
67	27	18.868
69	27	18.868
71	27	20.5913
73	27	22.3607
75	27	13.4164
77	27	11.6619
79	27	11.6619
81	27	12.8062
83	27	14.4222
85	27	16.1245
87	27	16.1245
89	27	14.4222
91	27	14.4222
93	27	7.2111
95	27	8.48528
97	27	12.8062
99	27	13.4164
101	27	13.4164
103	27	13.4164
105	27	12.6491
107	27	10.7703
109	27	10.198
111	27	12.1655
113	27	12.6491
115	27	2.82843
117	27	2.82843
119	27	8.24621
121	27	6
123	27	6.32456
125	27	2
127	27	4.47214
129	27	4
131	27	0
133	27	7.2111
135	27	7.2111
15	29	2.82843
17	29	18.4391
19	29	17.2047
21	29	17.2047
23	29	14.4222
25	29	14.1421
27	29	13.4164
29	29	16.1245
31	29	7.2111
33	29	18.868
35	29	5.65685
37	29	4.47214
39	29	18.868
41	29	30.5287
43	29	32.249
45	29	2.82843
47	29	5.65685
49	29	7.2111
51	29	7.2111
53	29	8.94427
55	29	27.7849
57	29	26.8328
59	29	26.8328
61	29	25.0599
63	29	23.3238
65	29	22.3607
67	29	20.5913
69	29	18.868
71	29	18.868
73	29	20.5913
75	29	16.1245
77	29	14.4222
79	29	12.8062
81	29	11.6619
83	29	11.6619
85	29	11.6619
87	29	11.6619
89	29	12.8062
91	29	15.6205
93	29	8.94427
95	29	13.4164
97	29	11.6619
99	29	10
101	29	8.48528
103	29	15.2315
105	29	14.5602
107	29	12.6491
109	29	10.198
111	29	14.1421
113	29	14.5602
115	29	4.47214
117	29	4.47214
119	29	10.198
121	29	6.32456
123	29	4.47214
125	29	0
127	29	2.82843
129	29	2.82843
131	29	2
133	29	0
135	29	2
15	31	2
17	31	0
19	31	20
21	31	18.868
23	31	15.6205
25	31	15.6205
27	31	16.9706
29	31	18.4391
31	31	6.32456
33	31	4.47214
35	31	4.47214
37	31	2.82843
39	31	4.47214
41	31	19.6977
43	31	31.305
45	31	33.1059
47	31	5.65685
49	31	8.48528
51	31	10
53	31	30.5287
55	31	8.94427
57	31	7.2111
59	31	27.7849
61	31	26.0768
63	31	25.0599
65	31	23.3238
67	31	21.6333
69	31	20.5913
71	31	18.868
73	31	18.868
75	31	17.2047
77	31	16.1245
79	31	14.4222
81	31	12.8062
83	31	11.6619
85	31	11.6619
87	31	12.8062
89	31	14.4222
91	31	16.1245
93	31	18.4391
95	31	11.6619
97	31	8.94427
99	31	8.94427
101	31	7.2111
103	31	5.65685
105	31	16.4924
107	31	14.5602
109	31	12.6491
111	31	16.1245
113	31	8.24621
115	31	6
117	31	6.32456
119	31	10.7703
121	31	8.24621
123	31	6.32456
125	31	2
127	31	4
129	31	4.47214
131	31	4.47214
133	31	2.82843
135	31	0
15	33	2.82843
17	33	4.47214
19	33	2.82843
21	33	18.4391
23	33	16.1245
25	33	17.2047
27	33	13.4164
29	33	11.6619
31	33	10
33	33	11.6619
35	33	4.47214
37	33	0
39	33	5.65685
41	33	7.2111
43	33	7.2111
45	33	31.305
47	33	32.249
49	33	0
51	33	7.2111
53	33	34
55	33	32.249
57	33	30.5287
59	33	4.47214
61	33	27.7849
63	33	26.0768
65	33	25.0599
67	33	23.3238
69	33	23.3238
71	33	21.6333
73	33	20
75	33	18.868
77	33	17.2047
79	33	15.6205
81	33	14.4222
83	33	14.4222
85	33	12.8062
87	33	12.8062
89	33	15.6205
91	33	17.2047
93	33	18.868
95	33	13.4164
97	33	6.32456
99	33	6.32456
101	33	6.32456
103	33	4.47214
105	33	4
107	33	4.47214
109	33	12.6491
111	33	14.5602
113	33	10.198
115	33	6.32456
117	33	8.24621
119	33	10.7703
121	33	10.7703
123	33	4
125	33	4
127	33	0
129	33	2.82843
131	33	4.47214
133	33	6.32456
135	33	0
15	35	4.47214
17	35	4.47214
19	35	7.2111
21	35	7.2111
23	35	17.8885
25	35	16.1245
27	35	14.4222
29	35	12.8062
31	35	10.7703
33	35	10.7703
35	35	12.6491
37	35	13.4164
39	35	8.94427
41	35	4.47214
43	35	10
45	35	11.6619
47	35	30.5287
49	35	32.249
51	35	5.65685
53	35	4.47214
55	35	34
57	35	32.249
59	35	30.5287
61	35	7.2111
63	35	8.94427
65	35	26.0768
67	35	26.0768
69	35	24.4131
71	35	22.8035
73	35	21.6333
75	35	20
77	35	18.868
79	35	18.868
81	35	17.2047
83	35	15.6205
85	35	13.4164
87	35	14.4222
89	35	16.1245
91	35	18.4391
93	35	20
95	35	21.6333
97	35	7.2111
99	35	6.32456
101	35	4.47214
103	35	4
105	35	4.47214
107	35	6.32456
109	35	7.2111
111	35	14.5602
113	35	12.1655
115	35	8.24621
117	35	10.198
119	35	10.7703
121	35	16.4924
123	35	2
125	35	6.32456
127	35	2.82843
129	35	2.82843
131	35	4.47214
133	35	2.82843
135	35	4
15	37	5.65685
17	37	4.47214
19	37	8.48528
21	37	8.48528
23	37	4.47214
25	37	17.2047
27	37	15.6205
29	37	13.4164
31	37	11.6619
33	37	10
35	37	10.7703
37	37	11.6619
39	37	13.4164
41	37	15.2315
43	37	2
45	37	2
47	37	5.65685
49	37	4.47214
51	37	31.305
53	37	5.65685
55	37	7.2111
57	37	33.2866
59	37	31.6228
61	37	34.0588
63	37	0
65	37	0
67	37	0
69	37	0
71	37	0
73	37	0
75	37	0
77	37	0
79	37	0
81	37	0
83	37	0
85	37	0
87	37	0
89	37	0
91	37	0
93	37	0
95	37	0
97	37	0
99	37	0
101	37	0
103	37	0
105	37	0
107	37	0
109	37	0
111	37	0
113	37	0
115	37	0
117	37	0
119	37	0
121	37	0
123	37	2
125	37	4.47214
127	37	6.32456
129	37	6.32456
131	37	7.2111
133	37	2.82843
135	37	2
15	39	0
17	39	7.2111
19	39	7.2111
21	39	8.48528
23	39	2.82843
25	39	2.82843
27	39	16.1245
29	39	14.4222
31	39	12.8062
33	39	11.6619
35	39	10
37	39	10.7703
39	39	11.6619
41	39	12.8062
43	39	14.4222
45	39	17.2047
47	39	4.47214
49	39	6.32456
51	39	4.47214
53	39	30.5287
55	39	8.48528
57	39	36.8782
59	39	36.8782
61	39	36.8782
63	39	0
65	39	0
67	39	0
69	39	0
71	39	0
73	39	0
75	39	0
77	39	0
79	39	0
81	39	0
83	39	0
85	39	0
87	39	0
89	39	0
91	39	0
93	39	0
95	39	0
97	39	0
99	39	0
101	39	0
103	39	0
105	39	0
107	39	0
109	39	0
111	39	0
113	39	0
115	39	0
117	39	0
119	39	0
121	39	0
123	39	4
125	39	4.47214
127	39	6.32456
129	39	7.2111
131	39	5.65685
133	39	4.47214
135	39	0
15	41	8.94427
17	41	8.24621
19	41	6.32456
21	41	7.2111
23	41	8.94427
25	41	4.47214
27	41	17.2047
29	41	16.1245
31	41	14.4222
33	41	11.6619
35	41	11.3137
37	41	8.94427
39	41	10
41	41	12.8062
43	41	14.4222
45	41	16.1245
47	41	17.8885
49	41	26.8328
51	41	8.94427
53	41	29.5296
55	41	37.7359
57	41	38.2099
59	41	39.6989
61	41	2.82843
63	41	0
65	41	0
67	41	0
69	41	0
71	41	0
73	41	0
75	41	0
77	41	0
79	41	0
81	41	0
83	41	0
85	41	0
87	41	0
89	41	0
91	41	0
93	41	0
95	41	0
97	41	0
99	41	0
101	41	0
103	41	0
105	41	0
107	41	0
109	41	0
111	41	0
113	41	0
115	41	0
117	41	0
119	41	0
121	41	0
123	41	6.32456
125	41	8.24621
127	41	8.24621
129	41	0
131	41	4.47214
133	41	2.82843
135	41	4
15	43	10.7703
17	43	8.94427
19	43	7.2111
21	43	7.2111
23	43	8.94427
25	43	8.94427
27	43	7.2111
29	43	17.2047
31	43	14.4222
33	43	13.4164
35	43	11.6619
37	43	10
39	43	10
41	43	11.6619
43	43	13.4164
45	43	15.2315
47	43	16.1245
49	43	17.8885
51	43	39.6989
53	43	37.7359
55	43	26.8328
57	43	7.2111
59	43	5.65685
61	43	4.47214
63	43	0
65	43	0
67	43	0
69	43	0
71	43	0
73	43	0
75	43	0
77	43	0
79	43	0
81	43	0
83	43	0
85	43	0
87	43	0
89	43	0
91	43	0
93	43	0
95	43	0
97	43	0
99	43	0
101	43	0
103	43	0
105	43	0
107	43	0
109	43	0
111	43	0
113	43	0
115	43	0
117	43	0
119	43	0
121	43	0
123	43	8.24621
125	43	0
127	43	4.47214
129	43	6.32456
131	43	7.2111
133	43	7.2111
135	43	4
15	45	4.47214
17	45	2.82843
19	45	7.2111
21	45	8.48528
23	45	10
25	45	11.6619
27	45	11.6619
29	45	10
31	45	16.1245
33	45	14.4222
35	45	12.8062
37	45	10.7703
39	45	8.94427
41	45	10.7703
43	45	11.6619
45	45	13.4164
47	45	39.6989
49	45	39.6989
51	45	39.6989
53	45	26.0768
55	45	27.7849
57	45	4.47214
59	45	4.47214
61	45	2.82843
63	45	0
65	45	0
67	45	0
69	45	0
71	45	0
73	45	0
75	45	0
77	45	0
79	45	0
81	45	0
83	45	0
85	45	0
87	45	0
89	45	0
91	45	0
93	45	0
95	45	0
97	45	0
99	45	0
101	45	0
103	45	0
105	45	0
107	45	0
109	45	0
111	45	0
113	45	0
115	45	0
117	45	0
119	45	0
121	45	0
123	45	2
125	45	2.82843
127	45	4.47214
129	45	4.47214
131	45	7.2111
133	45	6.32456
135	45	6
15	47	4
17	47	2.82843
19	47	4.47214
21	47	6.32456
23	47	8.24621
25	47	12.8062
27	47	7.2111
29	47	8.94427
31	47	5.65685
33	47	15.2315
35	47	13.4164
37	47	11.6619
39	47	10
41	47	8.94427
43	47	8.94427
45	47	39.6989
47	47	39.6989
49	47	39.6989
51	47	16.1245
53	47	25.0599
55	47	26.0768
57	47	27.7849
59	47	24.4131
61	47	2
63	47	0
65	47	2.82843
67	47	0
69	47	0
71	47	4.47214
73	47	2.82843
75	47	4.47214
77	47	5.65685
79	47	8.94427
81	47	33.2866
83	47	8.24621
85	47	2
87	47	2.82843
89	47	15.6205
91	47	18.9737
93	47	18.9737
95	47	20.8806
97	47	14.5602
99	47	15.2315
101	47	17.2047
103	47	17.8885
105	47	19.799
107	47	24.7386
109	47	21.5407
111	47	22.8035
113	47	2.82843
115	47	2
117	47	2
119	47	0
121	47	0
123	47	0
125	47	2
127	47	4.47214
129	47	4
131	47	8.94427
133	47	6.32456
135	47	8
15	49	4.47214
17	49	4.47214
19	49	5.65685
21	49	7.2111
23	49	8.94427
25	49	7.2111
27	49	6.32456
29	49	6.32456
31	49	4.47214
33	49	2.82843
35	49	14.4222
37	49	12.8062
39	49	10
41	49	40
43	49	40
45	49	39.6989
47	49	11.6619
49	49	13.4164
51	49	14.4222
53	49	16.1245
55	49	25.0599
57	49	21.6333
59	49	4.47214
61	49	2.82843
63	49	4.47214
65	49	4.47214
67	49	4.47214
69	49	4.47214
71	49	4.47214
73	49	4.47214
75	49	4.47214
77	49	10
79	49	8.94427
81	49	31.241
83	49	6.32456
85	49	2
87	49	21.2603
89	49	15.6205
91	49	14.5602
93	49	16.4924
95	49	16.4924
97	49	12.6491
99	49	0
101	49	16.1245
103	49	16.9706
105	49	17.8885
107	49	21.5407
109	49	24.1661
111	49	6.32456
113	49	21.6333
115	49	21.6333
117	49	2.82843
119	49	0
121	49	2.82843
123	49	2
125	49	0
127	49	6.32456
129	49	0
131	49	10.7703
133	49	8
135	49	10
15	51	7.2111
17	51	5.65685
19	51	10.7703
21	51	8.94427
23	51	8.24621
25	51	6.32456
27	51	4.47214
29	51	6.32456
31	51	8.24621
33	51	0
35	51	5.65685
37	51	14.4222
39	51	40
41	51	40
43	51	8.94427
45	51	8.94427
47	51	10
49	51	11.6619
51	51	14.4222
53	51	14.4222
55	51	18.868
57	51	7.2111
59	51	17.2047
61	51	18.4391
63	51	19.799
65	51	21.2603
67	51	5.65685
69	51	7.2111
71	51	8.94427
73	51	7.2111
75	51	8.94427
77	51	8.94427
79	51	8.94427
81	51	8.94427
83	51	5.65685
85	51	6.32456
87	51	21.2603
89	51	18.4391
91	51	0
93	51	14.5602
95	51	14.5602
97	51	10.7703
99	51	15.6205
101	51	14.4222
103	51	17.088
105	51	19.6977
107	51	21.5407
109	51	18.4391
111	51	18.868
113	51	20
115	51	18.868
117	51	17.2047
119	51	2
121	51	4.47214
123	51	4
125	51	2.82843
127	51	2.82843
129	51	2.82843
131	51	10.7703
133	51	10
135	51	8
15	53	10.7703
17	53	8.94427
19	53	8.24621
21	53	8.24621
23	53	6.32456
25	53	4.47214
27	53	6.32456
29	53	7.2111
31	53	8.94427
33	53	10.7703
35	53	5.65685
37	53	4.47214
39	53	40
41	53	11.6619
43	53	10.7703
45	53	8.94427
47	53	10
49	53	11.6619
51	53	11.6619
53	53	13.4164
55	53	15.6205
57	53	14.4222
59	53	15.6205
61	53	16.9706
63	53	18.4391
65	53	20
67	53	21.6333
69	53	8.48528
71	53	10
73	53	11.6619
75	53	10
77	53	11.6619
79	53	13.4164
81	53	4.47214
83	53	0
85	53	6.32456
87	53	6.32456
89	53	11.6619
91	53	15.6205
93	53	12.6491
95	53	8.24621
97	53	2.82843
99	53	17.088
101	53	17.088
103	53	13.4164
105	53	13.4164
107	53	15.6205
109	53	15.2315
111	53	17.2047
113	53	17.2047
115	53	17.2047
117	53	17.2047
119	53	2
121	53	6.32456
123	53	4.47214
125	53	10.7703
127	53	2.82843
129	53	2
131	53	2.82843
133	53	11.6619
135	53	13.4164
15	55	11.6619
17	55	10.7703
19	55	10.7703
21	55	8.94427
23	55	7.2111
25	55	6.32456
27	55	7.2111
29	55	8.94427
31	55	10.7703
33	55	20.5913
35	55	22.3607
37	55	2.82843
39	55	2
41	55	4.47214
43	55	10.7703
45	55	8.94427
47	55	7.2111
49	55	8.94427
51	55	14.1421
53	55	12.8062
55	55	11.6619
57	55	14.4222
59	55	14.1421
61	55	15.6205
63	55	17.2047
65	55	18.868
67	55	18.868
69	55	18.868
71	55	17.2047
73	55	11.6619
75	55	0
77	55	12.8062
79	55	14.4222
81	55	2.82843
83	55	2.82843
85	55	20.5913
87	55	8.24621
89	55	15.6205
91	55	10
93	55	4.47214
95	55	2.82843
97	55	2
99	55	14.4222
101	55	12.8062
103	55	12.8062
105	55	12.8062
107	55	13.4164
109	55	14.4222
111	55	14.4222
113	55	14.4222
115	55	17.2047
117	55	20.5913
119	55	21.6333
121	55	8.24621
123	55	6.32456
125	55	7.2111
127	55	6.32456
129	55	0
131	55	2.82843
133	55	4
135	55	12.6491
15	57	15.2315
17	57	13.4164
19	57	11.6619
21	57	10.7703
23	57	8.94427
25	57	7.2111
27	57	8.48528
29	57	19.6977
31	57	20
33	57	21.6333
35	57	8.24621
37	57	6.32456
39	57	2.82843
41	57	0
43	57	2
45	57	0
47	57	15.2315
49	57	14.4222
51	57	8.48528
53	57	7.2111
55	57	10
57	57	11.3137
59	57	14.1421
61	57	14.4222
63	57	14.4222
65	57	14.4222
67	57	16.4924
69	57	14.4222
71	57	14.4222
73	57	14.4222
75	57	14.1421
77	57	14.4222
79	57	15.6205
81	57	0
83	57	4.47214
85	57	20.5913
87	57	29.7321
89	57	8.94427
91	57	6.32456
93	57	10.7703
95	57	10.198
97	57	14.4222
99	57	17.2047
101	57	17.2047
103	57	15.6205
105	57	17.2047
107	57	14.4222
109	57	12.8062
111	57	11.6619
113	57	14.4222
115	57	16.1245
117	57	18.868
119	57	0
121	57	8.94427
123	57	15.2315
125	57	4.47214
127	57	4.47214
129	57	6.32456
131	57	2.82843
133	57	2.82843
135	57	15.6205
15	59	16.1245
17	59	15.2315
19	59	13.4164
21	59	11.6619
23	59	11.6619
25	59	10.7703
27	59	18.4391
29	59	18.4391
31	59	8.24621
33	59	6.32456
35	59	6.32456
37	59	4.47214
39	59	4
41	59	2
43	59	2
45	59	0
47	59	15.2315
49	59	8.24621
51	59	6.32456
53	59	7.2111
55	59	8.48528
57	59	10
59	59	8.24621
61	59	15.6205
63	59	14.4222
65	59	11.6619
67	59	11.6619
69	59	12.8062
71	59	14.4222
73	59	15.6205
75	59	16.9706
77	59	16.9706
79	59	2.82843
81	59	2
83	59	0
85	59	2
87	59	32.311
89	59	14.4222
91	59	12.8062
93	59	12.6491
95	59	10.198
97	59	16.9706
99	59	8.24621
101	59	20
103	59	18.868
105	59	17.2047
107	59	12.8062
109	59	10
111	59	10
113	59	14.4222
115	59	14.4222
117	59	17.8885
119	59	12.6491
121	59	10.7703
123	59	7.2111
125	59	5.65685
127	59	4.47214
129	59	4.47214
131	59	8.94427
133	59	8.94427
135	59	20
15	61	17.8885
17	61	16.1245
19	61	14.4222
21	61	14.4222
23	61	12.6491
25	61	12.8062
27	61	11.6619
29	61	10
31	61	8.94427
33	61	8.94427
35	61	7.2111
37	61	6.32456
39	61	4.47214
41	61	7.2111
43	61	5.65685
45	61	12.6491
47	61	7.2111
49	61	5.65685
51	61	0
53	61	4
55	61	4
57	61	4
59	61	7.2111
61	61	17.2047
63	61	16.1245
65	61	14.4222
67	61	13.4164
69	61	14.4222
71	61	15.6205
73	61	17.2047
75	61	18.4391
77	61	10.7703
79	61	2
81	61	2
83	61	0
85	61	21.2603
87	61	24.4131
89	61	16.4924
91	61	14.5602
93	61	14.5602
95	61	8.24621
97	61	5.65685
99	61	6.32456
101	61	18.868
103	61	20
105	61	11.6619
107	61	10
109	61	11.6619
111	61	14.4222
113	61	13.4164
115	61	13.4164
117	61	15.2315
119	61	4.47214
121	61	10
123	61	8.48528
125	61	7.2111
127	61	6.32456
129	61	7.2111
131	61	8.94427
133	61	40
135	61	21.2603
15	63	0
17	63	18.868
19	63	17.2047
21	63	10
23	63	10
25	63	14.4222
27	63	13.4164
29	63	13.4164
31	63	11.6619
33	63	10.7703
35	63	8.94427
37	63	8.24621
39	63	8.24621
41	63	6.32456
43	63	0
45	63	2.82843
47	63	6.32456
49	63	4.47214
51	63	2.82843
53	63	4.47214
55	63	4.47214
57	63	6.32456
59	63	8.24621
61	63	8.24621
63	63	17.2047
65	63	16.1245
67	63	14.1421
69	63	15.6205
71	63	17.2047
73	63	10.7703
75	63	8.94427
77	63	8.24621
79	63	6.32456
81	63	4.47214
83	63	5.65685
85	63	26.0768
87	63	25.6125
89	63	24.0832
91	63	20.8806
93	63	16.4924
95	63	5.65685
97	63	5.65685
99	63	4.47214
101	63	22.8035
103	63	14.4222
105	63	10
107	63	14.4222
109	63	14.4222
111	63	16.1245
113	63	12.6491
115	63	11.6619
117	63	13.4164
119	63	2.82843
121	63	10
123	63	15.2315
125	63	14.4222
127	63	6.32456
129	63	7.2111
131	63	38.0526
133	63	40
135	63	7.2111
15	65	2
17	65	14.4222
19	65	12.8062
21	65	10
23	65	8.94427
25	65	17.8885
27	65	16.1245
29	65	14.4222
31	65	13.4164
33	65	11.6619
35	65	8.24621
37	65	7.2111
39	65	5.65685
41	65	4.47214
43	65	4
45	65	2
47	65	0
49	65	4.47214
51	65	2.82843
53	65	4.47214
55	65	6.32456
57	65	8.24621
59	65	10
61	65	10.7703
63	65	12.6491
65	65	14.5602
67	65	0
69	65	15.2315
71	65	13.4164
73	65	10.7703
75	65	21.6333
77	65	8.94427
79	65	8.24621
81	65	4.47214
83	65	0
85	65	25.4558
87	65	24.0832
89	65	28.4253
91	65	18.9737
93	65	8.24621
95	65	8.94427
97	65	4.47214
99	65	4
101	65	2
103	65	11.6619
105	65	17.2047
107	65	16.1245
109	65	18.868
111	65	7.2111
113	65	8.94427
115	65	10.7703
117	65	0
119	65	12.8062
121	65	17.8885
123	65	15.2315
125	65	11.6619
127	65	10.198
129	65	12.1655
131	65	34.0588
133	65	8
135	65	7.2111
15	67	16.1245
17	67	13.4164
19	67	11.6619
21	67	4.47214
23	67	4
25	67	4
27	67	4.47214
29	67	6.32456
31	67	0
33	67	0
35	67	0
37	67	0
39	67	0
41	67	0
43	67	0
45	67	0
47	67	0
49	67	0
51	67	0
53	67	0
55	67	0
57	67	0
59	67	0
61	67	0
63	67	0
65	67	0
67	67	0
69	67	0
71	67	0
73	67	0
75	67	0
77	67	0
79	67	0
81	67	0
83	67	0
85	67	0
87	67	0
89	67	0
91	67	2.82843
93	67	6.32456
95	67	8.94427
97	67	10
99	67	7.2111
101	67	2
103	67	17.2047
105	67	18.868
107	67	2.82843
109	67	4.47214
111	67	7.2111
113	67	8.24621
115	67	8.24621
117	67	19.6977
119	67	20.5913
121	67	19.6977
123	67	15.2315
125	67	10
127	67	12.1655
129	67	38.4708
131	67	5.65685
133	67	6
135	67	5.65685
15	69	14.5602
17	69	8
19	69	6
21	69	4
23	69	2
25	69	2
27	69	7.2111
29	69	8.94427
31	69	0
33	69	0
35	69	0
37	69	0
39	69	0
41	69	0
43	69	0
45	69	0
47	69	0
49	69	0
51	69	0
53	69	0
55	69	0
57	69	0
59	69	0
61	69	0
63	69	0
65	69	0
67	69	0
69	69	0
71	69	0
73	69	0
75	69	0
77	69	0
79	69	0
81	69	0
83	69	0
85	69	0
87	69	0
89	69	0
91	69	4
93	69	10
95	69	8.94427
97	69	4.47214
99	69	4.47214
101	69	7.2111
103	69	7.2111
105	69	2.82843
107	69	5.65685
109	69	4.47214
111	69	5.65685
113	69	37.7359
115	69	4.47214
117	69	28.6356
119	69	22.3607
121	69	19.6977
123	69	13.4164
125	69	8.94427
127	69	12.1655
129	69	38.4708
131	69	7.2111
133	69	4.47214
135	69	4.47214
15	71	10.198
17	71	8.24621
19	71	6.32456
21	71	4.47214
23	71	0
25	71	4.47214
27	71	6.32456
29	71	8.24621
31	71	0
33	71	0
35	71	0
37	71	0
39	71	0
41	71	0
43	71	0
45	71	0
47	71	0
49	71	0
51	71	0
53	71	0
55	71	0
57	71	0
59	71	0
61	71	0
63	71	0
65	71	0
67	71	0
69	71	0
71	71	0
73	71	0
75	71	0
77	71	0
79	71	0
81	71	0
83	71	0
85	71	0
87	71	0
89	71	0
91	71	2
93	71	4.47214
95	71	10.7703
97	71	7.2111
99	71	6.32456
101	71	4.47214
103	71	17.2047
105	71	18.868
107	71	20.5913
109	71	38.4708
111	71	38.4708
113	71	39.4462
115	71	0
117	71	25.0599
119	71	24.1661
121	71	17.8885
123	71	13.4164
125	71	8.94427
127	71	35.3836
129	71	8.48528
131	71	4.47214
133	71	4.47214
135	71	2
15	73	2
17	73	2
19	73	10.198
21	73	8.24621
23	73	6.32456
25	73	4.47214
27	73	6
29	73	8
31	73	0
33	73	0
35	73	0
37	73	0
39	73	0
41	73	0
43	73	0
45	73	0
47	73	0
49	73	0
51	73	0
53	73	0
55	73	0
57	73	0
59	73	0
61	73	0
63	73	0
65	73	0
67	73	0
69	73	0
71	73	0
73	73	0
75	73	0
77	73	0
79	73	0
81	73	0
83	73	0
85	73	0
87	73	0
89	73	0
91	73	4
93	73	4.47214
95	73	0
97	73	4.47214
99	73	10
101	73	14.4222
103	73	16.1245
105	73	29.5296
107	73	40
109	73	36.8782
111	73	38.2099
113	73	4.47214
115	73	33.1059
117	73	26.8328
119	73	22.3607
121	73	17.8885
123	73	13.4164
125	73	40
127	73	5.65685
129	73	7.2111
131	73	8.48528
133	73	4.47214
135	73	4
15	75	4.47214
17	75	0
19	75	4.47214
21	75	7.2111
23	75	8.94427
25	75	0
27	75	6.32456
29	75	8.24621
31	75	0
33	75	0
35	75	0
37	75	0
39	75	0
41	75	0
43	75	0
45	75	0
47	75	0
49	75	0
51	75	0
53	75	0
55	75	0
57	75	0
59	75	0
61	75	0
63	75	0
65	75	0
67	75	0
69	75	0
71	75	0
73	75	0
75	75	0
77	75	0
79	75	0
81	75	0
83	75	0
85	75	0
87	75	0
89	75	0
91	75	4
93	75	2.82843
95	75	2.82843
97	75	4.47214
99	75	11.6619
101	75	24.4131
103	75	23.3238
105	75	29.7321
107	75	38.833
109	75	40
111	75	38.4187
113	75	22.3607
115	75	29.5296
117	75	26.8328
119	75	22.3607
121	75	17.8885
123	75	13.4164
125	75	7.2111
127	75	10
129	75	8.48528
131	75	7.2111
133	75	7.2111
135	75	7.2111
15	77	4
17	77	2.82843
19	77	4.47214
21	77	6.32456
23	77	8.24621
25	77	10.198
27	77	8.24621
29	77	0
31	77	7.2111
33	77	18.4391
35	77	20.3961
37	77	22.3607
39	77	24.3311
41	77	26.3059
43	77	28.2843
45	77	14.1421
47	77	14.1421
49	77	14
51	77	16
53	77	16
55	77	16
57	77	14
59	77	12
61	77	10
63	77	8
65	77	6
67	77	4
69	77	2
71	77	0
73	77	2.82843
75	77	4.47214
77	77	6.32456
79	77	6.32456
81	77	8.94427
83	77	8.94427
85	77	10.7703
87	77	10.7703
89	77	17.2047
91	77	2
93	77	0
95	77	2.82843
97	77	4.47214
99	77	6.32456
101	77	21.6333
103	77	20.5913
105	77	39.6989
107	77	31.6228
109	77	38.833
111	77	19.6977
113	77	19.6977
115	77	31.305
117	77	26.8328
119	77	20.5913
121	77	16.1245
123	77	14.4222
125	77	12.8062
127	77	11.3137
129	77	10
131	77	7.2111
133	77	12
135	77	7.2111
15	79	2
17	79	2
19	79	2
21	79	2
23	79	6.32456
25	79	34.0588
27	79	34.0588
29	79	34.0588
31	79	6.32456
33	79	4.47214
35	79	36.0555
37	79	34.0588
39	79	32.0624
41	79	30.0666
43	79	28.0713
45	79	30.0666
47	79	24.0832
49	79	22.0907
51	79	20.0998
53	79	18.1108
55	79	16.1245
57	79	14.1421
59	79	12.1655
61	79	10.198
63	79	8.24621
65	79	0
67	79	6.32456
69	79	4.47214
71	79	2.82843
73	79	2.82843
75	79	4.47214
77	79	6.32456
79	79	4.47214
81	79	6.32456
83	79	10.7703
85	79	11.6619
87	79	14.4222
89	79	0
91	79	2.82843
93	79	2
95	79	4.47214
97	79	5.65685
99	79	7.2111
101	79	8.48528
103	79	17.8885
105	79	34.0588
107	79	39.6989
109	79	38.2099
111	79	17.8885
113	79	17.8885
115	79	31.305
117	79	26.8328
119	79	18.868
121	79	27.2029
123	79	21.2603
125	79	12.8062
127	79	12.8062
129	79	10
131	79	7.2111
133	79	14
135	79	36.8782
15	81	2
17	81	0
19	81	6
21	81	4
23	81	6
25	81	8
27	81	12
29	81	38.2099
31	81	38.2099
33	81	38.2099
35	81	7.2111
37	81	8.94427
39	81	28.2843
41	81	27.2029
43	81	29.7321
45	81	31.6228
47	81	18.4391
49	81	18.4391
51	81	16.4924
53	81	16.4924
55	81	16.4924
57	81	14.5602
59	81	14.5602
61	81	12.6491
63	81	10.7703
65	81	8.94427
67	81	6.32456
69	81	5.65685
71	81	4.47214
73	81	4.47214
75	81	0
77	81	0
79	81	6.32456
81	81	7.2111
83	81	10
85	81	11.6619
87	81	2.82843
89	81	5.65685
91	81	17.2047
93	81	4.47214
95	81	6.32456
97	81	7.2111
99	81	8.48528
101	81	10
103	81	14.5602
105	81	34.9285
107	81	35.4401
109	81	15.2315
111	81	15.2315
113	81	16.1245
115	81	31.305
117	81	16.1245
119	81	18.4391
121	81	18.4391
123	81	15.6205
125	81	21.2603
127	81	18.4391
129	81	10
131	81	7.2111
133	81	40
135	81	37.2022
15	83	8.24621
17	83	6.32456
19	83	18.4391
21	83	16.4924
23	83	10.7703
25	83	10.7703
27	83	22.3607
29	83	20.5913
31	83	28.6356
33	83	26.6833
35	83	26.6833
37	83	26.6833
39	83	14.4222
41	83	13.4164
43	83	29.7321
45	83	32.311
47	83	34.176
49	83	22.8035
51	83	22.8035
53	83	20.8806
55	83	18.9737
57	83	15.2315
59	83	7.2111
61	83	13.4164
63	83	8.94427
65	83	8.94427
67	83	7.2111
69	83	7.2111
71	83	6.32456
73	83	2.82843
75	83	2
77	83	4
79	83	5.65685
81	83	7.2111
83	83	8.94427
85	83	0
87	83	13.4164
89	83	14.4222
91	83	14.4222
93	83	14.4222
95	83	8.24621
97	83	8.94427
99	83	10
101	83	10
103	83	18.4391
105	83	37.3631
107	83	37.3631
109	83	15.2315
111	83	13.4164
113	83	35.7771
115	83	14.4222
117	83	15.6205
119	83	21.2603
121	83	18.4391
123	83	18.4391
125	83	17.2047
127	83	15.6205
129	83	16.9706
131	83	38.833
133	83	40
135	83	39.4462
15	85	24.3311
17	85	22.3607
19	85	14.5602
21	85	6.32456
23	85	8.24621
25	85	12.1655
27	85	12.1655
29	85	8.24621
31	85	10.198
33	85	16.1245
35	85	32.9848
37	85	31.0483
39	85	31.0483
41	85	14.4222
43	85	16.1245
45	85	31.0483
47	85	33.5261
49	85	21.5407
51	85	21.5407
53	85	20.8806
55	85	19.6977
57	85	17.088
59	85	15.2315
61	85	13.4164
63	85	10
65	85	10
67	85	10
69	85	4.47214
71	85	5.65685
73	85	4.47214
75	85	4
77	85	4.47214
79	85	6.32456
81	85	8.24621
83	85	14.4222
85	85	10.7703
87	85	11.6619
89	85	12.8062
91	85	12.8062
93	85	11.6619
95	85	8.24621
97	85	10.7703
99	85	11.6619
101	85	18.868
103	85	18.4391
105	85	21.2603
107	85	17.8885
109	85	10.7703
111	85	11.6619
113	85	11.6619
115	85	12.8062
117	85	12.8062
119	85	21.2603
121	85	21.2603
123	85	20
125	85	15.6205
127	85	14.1421
129	85	36.8782
131	85	38.2099
133	85	40
135	85	0
15	87	28.2843
17	87	26.3059
19	87	20.0998
21	87	18.1108
23	87	17.8885
25	87	8.94427
27	87	12.6491
29	87	15.2315
31	87	10.7703
33	87	10.7703
35	87	10.7703
37	87	16.4924
39	87	35.4401
41	87	35.4401
43	87	35.4401
45	87	18.868
47	87	20.5913
49	87	26
51	87	24.1661
53	87	14.4222
55	87	19.6977
57	87	17.8885
59	87	13.4164
61	87	12.8062
63	87	12.8062
65	87	7.2111
67	87	2.82843
69	87	7.2111
71	87	7.2111
73	87	6.32456
75	87	4.47214
77	87	6.32456
79	87	12.8062
81	87	11.6619
83	87	8.94427
85	87	8.94427
87	87	10
89	87	10.7703
91	87	10
93	87	10
95	87	10.198
97	87	12.6491
99	87	13.4164
101	87	20.5913
103	87	18.4391
105	87	21.2603
107	87	8.24621
109	87	8.94427
111	87	8.94427
113	87	11.3137
115	87	12.8062
117	87	24.0832
119	87	24.0832
121	87	22.8035
123	87	20
125	87	15.6205
127	87	12.8062
129	87	39.2938
131	87	37.9473
133	87	40
135	87	0
15	89	32.249
17	89	30.2655
19	89	24.0832
21	89	22.0907
23	89	20.0998
25	89	18.1108
27	89	16.1245
29	89	16.1245
31	89	16.1245
33	89	0
35	89	18.868
37	89	20.5913
39	89	22.3607
41	89	16.4924
43	89	28.6356
45	89	37.9473
47	89	28.6356
49	89	2.82843
51	89	0
53	89	22.3607
55	89	17.8885
57	89	15.6205
59	89	14.4222
61	89	8.94427
63	89	7.2111
65	89	5.65685
67	89	4.47214
69	89	7.2111
71	89	8.94427
73	89	8.24621
75	89	13.4164
77	89	13.4164
79	89	14.4222
81	89	6.32456
83	89	7.2111
85	89	7.2111
87	89	7.2111
89	89	7.2111
91	89	8.24621
93	89	8.94427
95	89	10.7703
97	89	14.5602
99	89	17.8885
101	89	22.3607
103	89	23.3238
105	89	6.32456
107	89	6.32456
109	89	7.2111
111	89	8.48528
113	89	11.6619
115	89	25.6125
117	89	26.9072
119	89	25.6125
121	89	22.8035
123	89	20
125	89	15.6205
127	89	37.5766
129	89	39.8497
131	89	38.4708
133	89	40
135	89	0
15	91	12.6491
17	91	12.6491
19	91	10.7703
21	91	26.0768
23	91	24.0832
25	91	22.0907
27	91	20.0998
29	91	18.1108
31	91	17.8885
33	91	20.5913
35	91	20.5913
37	91	22.3607
39	91	23.3238
41	91	25.0599
43	91	26.8328
45	91	2.82843
47	91	21.6333
49	91	26.8328
51	91	2.82843
53	91	5.65685
55	91	17.2047
57	91	17.2047
59	91	11.6619
61	91	10
63	91	5.65685
65	91	7.2111
67	91	10.7703
69	91	11.6619
71	91	10.7703
73	91	14.5602
75	91	15.2315
77	91	15.2315
79	91	2
81	91	4.47214
83	91	4.47214
85	91	5.65685
87	91	5.65685
89	91	6
91	91	8.24621
93	91	10.7703
95	91	12.6491
97	91	18.9737
99	91	23.4094
101	91	22.3607
103	91	25.0599
105	91	4.47214
107	91	4.47214
109	91	5.65685
111	91	7.2111
113	91	7.2111
115	91	27.2029
117	91	28.4253
119	91	25.6125
121	91	22.8035
123	91	18.4391
125	91	37.2022
127	91	37.9473
129	91	36.0555
131	91	39.598
133	91	40
135	91	0
15	93	8.24621
17	93	8.24621
19	93	8.24621
21	93	6.32456
23	93	8.24621
25	93	22
27	93	20
29	93	18
31	93	17.8885
33	93	20.5913
35	93	22.3607
37	93	25.0599
39	93	25.0599
41	93	26.8328
43	93	27.7849
45	93	2
47	93	2
49	93	4.47214
51	93	20.5913
53	93	20
55	93	2.82843
57	93	2
59	93	10
61	93	7.2111
63	93	10
65	93	13.4164
67	93	17.088
69	93	13.4164
71	93	12.6491
73	93	13.4164
75	93	17.088
77	93	2
79	93	0
81	93	2.82843
83	93	2.82843
85	93	2.82843
87	93	6.32456
89	93	7.2111
91	93	8.24621
93	93	12.6491
95	93	14.5602
97	93	22.8035
99	93	25.2982
101	93	2.82843
103	93	2.82843
105	93	2.82843
107	93	2.82843
109	93	4.47214
111	93	2.82843
113	93	2.82843
115	93	31.241
117	93	28.4253
119	93	25.6125
121	93	22.8035
123	93	40
125	93	40
127	93	40
129	93	40
131	93	40
133.01	93.01	2.81428
135	93	0
15	95	14
17	95	12
19	95	10
21	95	8
23	95	8.94427
25	95	10.7703
27	95	12.6491
29	95	14
31	95	17.8885
33	95	20.5913
35	95	22.3607
37	95	25.0599
39	95	27.7849
41	95	0
43	95	6
45	95	4
47	95	4
49	95	6
51	95	2
53	95	2
55	95	17.2047
57	95	0
59	95	2
61	95	0
63	95	20.5913
65	95	19.6977
67	95	17.088
69	95	15.2315
71	95	12.6491
73	95	15.2315
75	95	18.9737
77	95	2.82843
79	95	2
81	95	4.47214
83	95	2
85	95	4.47214
87	95	6
89	95	8.94427
91	95	8.94427
93	95	14.5602
95	95	15.2315
97	95	22.8035
99	95	7.2111
101	95	2.82843
103	95	2
105	95	0
107	95	2.82843
109	95	0
111	95	2
113	95	2.82843
115	95	2.82843
117	95	28.4253
119	95	25.6125
121	95	32.249
123	95	38.833
125	95	39.6989
127	95	39.6989
129	95	36.7151
131	95	37.3631
133	95	0
135	95	0
