15	15	4.47214
17	15	6.32456
19	15	7.2111
21	15	8.48528
23	15	14.4222
25	15	15.6205
27	15	18.868
29	15	0
31	15	2
33	15	4
35	15	4.47214
37	15	6.32456
39	15	7.2111
41	15	8.48528
43	15	10
45	15	11.6619
47	15	12.8062
49	15	12.8062
51	15	14.4222
53	15	16.1245
55	15	17.2047
57	15	18.4391
59	15	19.799
61	15	16.9706
63	15	12.8062
65	15	10
67	15	7.2111
69	15	22.6274
71	15	16.9706
73	15	14.1421
75	15	11.3137
77	15	7.2111
79	15	7.2111
81	15	0
83	15	10.198
85	15	8.24621
87	15	6.32456
89	15	6
91	15	6
93	15	4
95	15	2
97	15	2
99	15	10.198
101	15	8.24621
103	15	8
105	15	8.24621
107	15	4.47214
109	15	2
111	15	0
113	15	5.65685
115	15	4.47214
117	15	6
119	15	7.2111
121	15	6
123	15	6.32456
125	15	0
127	15	2
129	15	2.82843
131	15	2
133	15	4.47214
135	15	0
15	17	4
17	17	2.82843
19	17	4.47214
21	17	11.6619
23	17	12.8062
25	17	16.1245
27	17	17.2047
29	17	18.868
31	17	2.82843
33	17	4.47214
35	17	4.47214
37	17	4.47214
39	17	6.32456
41	17	11.6619
43	17	11.6619
45	17	10.7703
47	17	10
49	17	11.6619
51	17	12.8062
53	17	14.4222
55	17	15.6205
57	17	16.9706
59	17	15.6205
61	17	15.6205
63	17	10
65	17	22.6274
67	17	19.799
69	17	14.1421
71	17	11.3137
73	17	10
75	17	10
77	17	4.47214
79	17	24.0832
81	17	11.6619
83	17	12.8062
85	17	6.32456
87	17	10.198
89	17	8.24621
91	17	6.32456
93	17	4.47214
95	17	14.1421
97	17	12.1655
99	17	10.198
101	17	8.24621
103	17	8.24621
105	17	10.198
107	17	2.82843
109	17	2
111	17	4.47214
113	17	5.65685
115	17	4.47214
117	17	4
119	17	6.32456
121	17	6
123	17	10.198
125	17	2
127	17	2
129	17	2.82843
131	17	4.47214
133	17	4.47214
135	17	8.48528
15	19	4.47214
17	19	2.82843
19	19	6.32456
21	19	4.47214
23	19	11.6619
25	19	14.4222
27	19	15.6205
29	19	17.2047
31	19	18.4391
33	19	5.65685
35	19	7.2111
37	19	7.2111
39	19	11.6619
41	19	10.7703
43	19	10
45	19	8.94427
47	19	8.94427
49	19	10
51	19	11.6619
53	19	12.8062
55	19	14.1421
57	19	15.6205
59	19	12.8062
61	19	7.2111
63	19	19.799
65	19	16.9706
67	19	12.8062
69	19	12.8062
71	19	10
73	19	7.2111
75	19	28.2843
77	19	22.6274
79	19	8.94427
81	19	10
83	19	11.3137
85	19	11.3137
87	19	7.2111
89	19	8.94427
91	19	7.2111
93	19	16.4924
95	19	14.5602
97	19	12.6491
99	19	10.7703
101	19	8.94427
103	19	8.94427
105	19	5.65685
107	19	4.47214
109	19	4
111	19	4.47214
113	19	5.65685
115	19	2.82843
117	19	2
119	19	6.32456
121	19	6
123	19	8.24621
125	19	0
127	19	0
129	19	2.82843
131	19	2
133	19	5.65685
135	19	7.2111
15	21	0
17	21	13.4164
19	21	4.47214
21	21	6.32456
23	21	6.32456
25	21	7.2111
27	21	14.4222
29	21	15.6205
31	21	17.2047
33	21	18.868
35	21	8.48528
37	21	11.3137
39	21	10
41	21	7.2111
43	21	10
45	21	10
47	21	10
49	21	10
51	21	10
53	21	11.3137
55	21	12.8062
57	21	10
59	21	15.6205
61	21	16.9706
63	21	18.4391
65	21	15.6205
67	21	10
69	21	7.2111
71	21	24.0832
73	21	25.4558
75	21	19.799
77	21	19.799
79	21	7.2111
81	21	8.48528
83	21	10
85	21	7.2111
87	21	8.24621
89	21	8.94427
91	21	18.9737
93	21	17.088
95	21	15.2315
97	21	13.4164
99	21	11.6619
101	21	11.6619
103	21	13.4164
105	21	7.2111
107	21	6.32456
109	21	6
111	21	4.47214
113	21	5.65685
115	21	2.82843
117	21	2
119	21	5.65685
121	21	6
123	21	6.32456
125	21	6
127	21	8.24621
129	21	2.82843
131	21	2
133	21	4.47214
135	21	6.32456
15	23	6.32456
17	23	4.47214
19	23	4.47214
21	23	7.2111
23	23	8.94427
25	23	8.94427
27	23	10.7703
29	23	14.4222
31	23	16.1245
33	23	17.8885
35	23	20
37	23	11.3137
39	23	12.8062
41	23	12.8062
43	23	10
45	23	11.3137
47	23	6.32456
49	23	7.2111
51	23	10
53	23	12.8062
55	23	11.3137
57	23	12.8062
59	23	14.1421
61	23	15.6205
63	23	12.8062
65	23	11.3137
67	23	7.2111
69	23	21.2603
71	23	22.6274
73	23	16.9706
75	23	16.9706
77	23	8.48528
79	23	7.2111
81	23	7.2111
83	23	7.2111
85	23	16.9706
87	23	16.9706
89	23	16.9706
91	23	6.32456
93	23	17.8885
95	23	16.1245
97	23	13.4164
99	23	11.6619
101	23	11.6619
103	23	10
105	23	8.94427
107	23	8.24621
109	23	6.32456
111	23	6
113	23	5.65685
115	23	2
117	23	4
119	23	4.47214
121	23	4
123	23	4.47214
125	23	4
127	23	8.94427
129	23	2.82843
131	23	2
133	23	4
135	23	6
15	25	17.2047
17	25	15.6205
19	25	5.65685
21	25	7.2111
23	25	8.94427
25	25	11.6619
27	25	11.3137
29	25	12.8062
31	25	7.2111
33	25	17.2047
35	25	18.868
37	25	20
39	25	31.241
41	25	14.1421
43	25	4.47214
45	25	0
47	25	2.82843
49	25	12.8062
51	25	12.8062
53	25	14.1421
55	25	14.1421
57	25	14.1421
59	25	14.1421
61	25	14.1421
63	25	7.2111
65	25	17.2047
67	25	18.4391
69	25	19.799
71	25	15.6205
73	25	14.1421
75	25	14.1421
77	25	10
79	25	8.94427
81	25	8.24621
83	25	14.1421
85	25	14.1421
87	25	14.1421
89	25	14.1421
91	25	4.47214
93	25	5.65685
95	25	0
97	25	14.4222
99	25	13.4164
101	25	12.8062
103	25	11.6619
105	25	10.7703
107	25	8.94427
109	25	8.24621
111	25	7.2111
113	25	6
115	25	0
117	25	6
119	25	4.47214
121	25	4
123	25	2.82843
125	25	2
127	25	4.47214
129	25	6
131	25	4
133	25	4.47214
135	25	6.32456
15	27	18.4391
17	27	16.9706
19	27	15.6205
21	27	15.6205
23	27	10
25	27	7.2111
27	27	0
29	27	14.1421
31	27	15.6205
33	27	10
35	27	17.2047
37	27	18.4391
39	27	20
41	27	31.241
43	27	2.82843
45	27	2.82843
47	27	4.47214
49	27	4.47214
51	27	4.47214
53	27	16.9706
55	27	16.9706
57	27	16.9706
59	27	7.2111
61	27	12.8062
63	27	14.4222
65	27	15.6205
67	27	16.9706
69	27	18.4391
71	27	14.4222
73	27	14.1421
75	27	12.8062
77	27	11.6619
79	27	11.3137
81	27	12.1655
83	27	11.3137
85	27	11.3137
87	27	11.6619
89	27	12.8062
91	27	14.5602
93	27	7.2111
95	27	8.48528
97	27	11.6619
99	27	13.4164
101	27	11.6619
103	27	10
105	27	12.6491
107	27	10.7703
109	27	8.24621
111	27	10
113	27	6
115	27	2.82843
117	27	2.82843
119	27	2.82843
121	27	6
123	27	4.47214
125	27	2
127	27	4.47214
129	27	4.47214
131	27	0
133	27	2.82843
135	27	4.47214
15	29	4
17	29	18.4391
19	29	17.2047
21	29	17.2047
23	29	14.4222
25	29	14.4222
27	29	10
29	29	7.2111
31	29	7.2111
33	29	12.8062
35	29	5.65685
37	29	4.47214
39	29	18.868
41	29	28.4253
43	29	22.8035
45	29	2.82843
47	29	5.65685
49	29	5.65685
51	29	5.65685
53	29	4.47214
55	29	19.799
57	29	8.94427
59	29	12.8062
61	29	12.8062
63	29	14.1421
65	29	19.799
67	29	18.4391
69	29	17.2047
71	29	16.9706
73	29	15.6205
75	29	14.4222
77	29	13.4164
79	29	11.6619
81	29	11.3137
83	29	10.7703
85	29	11.6619
87	29	13.4164
89	29	14.4222
91	29	15.6205
93	29	8.94427
95	29	13.4164
97	29	11.6619
99	29	10
101	29	8.48528
103	29	7.2111
105	29	5.65685
107	29	7.2111
109	29	8.24621
111	29	8.94427
113	29	7.2111
115	29	4
117	29	2.82843
119	29	2
121	29	6.32456
123	29	4.47214
125	29	0
127	29	2.82843
129	29	4
131	29	2
133	29	0
135	29	2
15	31	2
17	31	0
19	31	20
21	31	17.2047
23	31	17.2047
25	31	15.6205
27	31	16.9706
29	31	17.8885
31	31	4.47214
33	31	4.47214
35	31	4.47214
37	31	2.82843
39	31	4.47214
41	31	18.868
43	31	14.4222
45	31	22.8035
47	31	5.65685
49	31	8.48528
51	31	8.48528
53	31	7.2111
55	31	7.2111
57	31	7.2111
59	31	14.1421
61	31	16.9706
63	31	19.799
65	31	21.2603
67	31	20
69	31	19.799
71	31	18.4391
73	31	17.2047
75	31	16.1245
77	31	14.4222
79	31	14.1421
81	31	12.8062
83	31	11.6619
85	31	13.4164
87	31	15.2315
89	31	16.1245
91	31	16.4924
93	31	17.8885
95	31	12.6491
97	31	10.7703
99	31	8.94427
101	31	7.2111
103	31	5.65685
105	31	5.65685
107	31	7.2111
109	31	10.7703
111	31	8.94427
113	31	8.24621
115	31	6
117	31	4
119	31	6
121	31	8.48528
123	31	6.32456
125	31	2
127	31	4
129	31	4.47214
131	31	4.47214
133	31	2.82843
135	31	0
15	33	4
17	33	4.47214
19	33	2.82843
21	33	20
23	33	17.2047
25	33	17.2047
27	33	13.4164
29	33	11.6619
31	33	10
33	33	11.6619
35	33	4.47214
37	33	0
39	33	5.65685
41	33	5.65685
43	33	4.47214
45	33	17.2047
47	33	14.4222
49	33	0
51	33	7.2111
53	33	12.8062
55	33	15.6205
57	33	16.9706
59	33	4.47214
61	33	22.6274
63	33	24.0832
65	33	22.8035
67	33	21.6333
69	33	21.2603
71	33	20
73	33	18.868
75	33	17.8885
77	33	16.9706
79	33	15.6205
81	33	14.4222
83	33	13.4164
85	33	15.2315
87	33	16.1245
89	33	15.2315
91	33	17.088
93	33	18.9737
95	33	12.1655
97	33	10.198
99	33	8.24621
101	33	6.32456
103	33	4.47214
105	33	4.47214
107	33	6.32456
109	33	10.198
111	33	10.198
113	33	6.32456
115	33	4.47214
117	33	6
119	33	6.32456
121	33	8.24621
123	33	4
125	33	4
127	33	0
129	33	2.82843
131	33	7.2111
133	33	6.32456
135	33	0
15	35	4.47214
17	35	6.32456
19	35	7.2111
21	35	7.2111
23	35	17.8885
25	35	16.1245
27	35	14.4222
29	35	12.8062
31	35	11.3137
33	35	10.7703
35	35	11.6619
37	35	13.4164
39	35	4.47214
41	35	4.47214
43	35	8.48528
45	35	4.47214
47	35	28.4253
49	35	29.7321
51	35	5.65685
53	35	4.47214
55	35	19.799
57	35	22.6274
59	35	22.6274
61	35	7.2111
63	35	7.2111
65	35	24.4131
67	35	24.0832
69	35	22.8035
71	35	21.6333
73	35	20.5913
75	35	18.868
77	35	18.4391
79	35	17.2047
81	35	16.1245
83	35	14.4222
85	35	14.4222
87	35	14.5602
89	35	16.1245
91	35	17.8885
93	35	19.6977
95	35	21.5407
97	35	10.198
99	35	8.24621
101	35	6.32456
103	35	4.47214
105	35	4.47214
107	35	6.32456
109	35	8.24621
111	35	10.198
113	35	6.32456
115	35	4
117	35	2.82843
119	35	5.65685
121	35	8.94427
123	35	2
125	35	6.32456
127	35	2.82843
129	35	2.82843
131	35	5.65685
133	35	4.47214
135	35	4
15	37	6.32456
17	37	8.24621
19	37	8.94427
21	37	10.7703
23	37	4.47214
25	37	17.2047
27	37	15.6205
29	37	14.1421
31	37	12.8062
33	37	11.6619
35	37	10.7703
37	37	11.6619
39	37	13.4164
41	37	13.4164
43	37	2
45	37	2
47	37	5.65685
49	37	4.47214
51	37	28.4253
53	37	5.65685
55	37	7.2111
57	37	25.4558
59	37	29.7321
61	37	28.4253
63	37	0
65	37	0
67	37	0
69	37	0
71	37	0
73	37	0
75	37	0
77	37	0
79	37	0
81	37	0
83	37	0
85	37	0
87	37	0
89	37	0
91	37	0
93	37	0
95	37	0
97	37	0
99	37	0
101	37	0
103	37	0
105	37	0
107	37	0
109	37	0
111	37	0
113	37	0
115	37	0
117	37	0
119	37	0
121	37	0
123	37	2
125	37	4.47214
127	37	7.2111
129	37	8.48528
131	37	7.2111
133	37	2.82843
135	37	2
15	39	0
17	39	8.24621
19	39	8.24621
21	39	8.94427
23	39	2.82843
25	39	2.82843
27	39	16.9706
29	39	15.6205
31	39	14.4222
33	39	11.6619
35	39	10
37	39	10.7703
39	39	13.4164
41	39	14.4222
43	39	15.6205
45	39	17.2047
47	39	4.47214
49	39	4.47214
51	39	4.47214
53	39	17.2047
55	39	8.48528
57	39	2.82843
59	39	31.241
61	39	30
63	39	0
65	39	0
67	39	0
69	39	0
71	39	0
73	39	0
75	39	0
77	39	0
79	39	0
81	39	0
83	39	0
85	39	0
87	39	0
89	39	0
91	39	0
93	39	0
95	39	0
97	39	0
99	39	0
101	39	0
103	39	0
105	39	0
107	39	0
109	39	0
111	39	0
113	39	0
115	39	0
117	39	0
119	39	0
121	39	0
123	39	4
125	39	4.47214
127	39	6.32456
129	39	7.2111
131	39	5.65685
133	39	4.47214
135	39	0
15	41	8.94427
17	41	7.2111
19	41	6.32456
21	41	7.2111
23	41	8.94427
25	41	4.47214
27	41	18.4391
29	41	17.2047
31	41	14.4222
33	41	12.8062
35	41	11.6619
37	41	10.7703
39	41	11.6619
41	41	12.8062
43	41	14.4222
45	41	16.1245
47	41	17.8885
49	41	17.2047
51	41	7.2111
53	41	2.82843
55	41	4
57	41	2.82843
59	41	32.8024
61	41	6.32456
63	41	0
65	41	0
67	41	0
69	41	0
71	41	0
73	41	0
75	41	0
77	41	0
79	41	0
81	41	0
83	41	0
85	41	0
87	41	0
89	41	0
91	41	0
93	41	0
95	41	0
97	41	0
99	41	0
101	41	0
103	41	0
105	41	0
107	41	0
109	41	0
111	41	0
113	41	0
115	41	0
117	41	0
119	41	0
121	41	0
123	41	6.32456
125	41	8.94427
127	41	8.24621
129	41	0
131	41	4.47214
133	41	4.47214
135	41	4
15	43	10
17	43	8.94427
19	43	7.2111
21	43	7.2111
23	43	7.2111
25	43	8.94427
27	43	7.2111
29	43	18.868
31	43	16.1245
33	43	13.4164
35	43	11.6619
37	43	10
39	43	10
41	43	11.6619
43	43	13.4164
45	43	14.4222
47	43	16.1245
49	43	17.8885
51	43	25.6125
53	43	4
55	43	2.82843
57	43	4.47214
59	43	5.65685
61	43	4.47214
63	43	0
65	43	0
67	43	0
69	43	0
71	43	0
73	43	0
75	43	0
77	43	0
79	43	0
81	43	0
83	43	0
85	43	0
87	43	0
89	43	0
91	43	0
93	43	0
95	43	0
97	43	0
99	43	0
101	43	0
103	43	0
105	43	0
107	43	0
109	43	0
111	43	0
113	43	0
115	43	0
117	43	0
119	43	0
121	43	0
123	43	8.24621
125	43	0
127	43	5.65685
129	43	6.32456
131	43	7.2111
133	43	7.2111
135	43	4
15	45	4.47214
17	45	2.82843
19	45	8.94427
21	45	8.48528
23	45	8.94427
25	45	10
27	45	11.3137
29	45	10
31	45	16.1245
33	45	14.4222
35	45	12.8062
37	45	11.3137
39	45	10
41	45	10.7703
43	45	11.6619
45	45	13.4164
47	45	16.1245
49	45	17.2047
51	45	24.0832
53	45	25.6125
55	45	25.6125
57	45	4.47214
59	45	4.47214
61	45	2.82843
63	45	0
65	45	0
67	45	0
69	45	0
71	45	0
73	45	0
75	45	0
77	45	0
79	45	0
81	45	0
83	45	0
85	45	0
87	45	0
89	45	0
91	45	0
93	45	0
95	45	0
97	45	0
99	45	0
101	45	0
103	45	0
105	45	0
107	45	0
109	45	0
111	45	0
113	45	0
115	45	0
117	45	0
119	45	0
121	45	0
123	45	2
125	45	2.82843
127	45	4.47214
129	45	4.47214
131	45	7.2111
133	45	6.32456
135	45	6
15	47	2.82843
17	47	2.82843
19	47	4.47214
21	47	4.47214
23	47	4.47214
25	47	11.6619
27	47	8.24621
29	47	8.94427
31	47	5.65685
33	47	15.6205
35	47	14.1421
37	47	12.8062
39	47	11.6619
41	47	8.94427
43	47	10.7703
45	47	13.4164
47	47	14.4222
49	47	16.1245
51	47	16.9706
53	47	22.8035
55	47	22.8035
57	47	22.8035
59	47	20
61	47	2
63	47	0
65	47	4
67	47	2
69	47	2
71	47	4.47214
73	47	4
75	47	4.47214
77	47	6.32456
79	47	10.7703
81	47	33.2866
83	47	8.24621
85	47	2
87	47	2.82843
89	47	17.2047
91	47	14.4222
93	47	11.6619
95	47	13.4164
97	47	6.32456
99	47	13.4164
101	47	18.868
103	47	20
105	47	21.6333
107	47	8.24621
109	47	25.0599
111	47	25.0599
113	47	4
115	47	2
117	47	2
119	47	0
121	47	0
123	47	0
125	47	2
127	47	4.47214
129	47	4
131	47	8.94427
133	47	8.24621
135	47	6.32456
15	49	4.47214
17	49	4.47214
19	49	5.65685
21	49	5.65685
23	49	7.2111
25	49	7.2111
27	49	5.65685
29	49	6.32456
31	49	4.47214
33	49	2.82843
35	49	15.6205
37	49	14.4222
39	49	11.6619
41	49	10
43	49	10.7703
45	49	11.6619
47	49	12.8062
49	49	14.1421
51	49	15.6205
53	49	17.2047
55	49	20
57	49	17.2047
59	49	4.47214
61	49	2.82843
63	49	6.32456
65	49	4.47214
67	49	4.47214
69	49	6.32456
71	49	4.47214
73	49	6.32456
75	49	8.24621
77	49	10
79	49	8.94427
81	49	32.249
83	49	6.32456
85	49	2
87	49	21.2603
89	49	17.2047
91	49	14.4222
93	49	11.6619
95	49	11.6619
97	49	10.7703
99	49	0
101	49	17.2047
103	49	18.868
105	49	18.868
107	49	17.8885
109	49	15.2315
111	49	6.32456
113	49	21.6333
115	49	22.8035
117	49	2.82843
119	49	0
121	49	4
123	49	2
125	49	0
127	49	6.32456
129	49	0
131	49	10.7703
133	49	10.198
135	49	8.24621
15	51	7.2111
17	51	6.32456
19	51	8.48528
21	51	7.2111
23	51	7.2111
25	51	4.47214
27	51	4.47214
29	51	4.47214
31	51	4.47214
33	51	0
35	51	5.65685
37	51	16.1245
39	51	12.8062
41	51	11.6619
43	51	8.94427
45	51	10
47	51	11.3137
49	51	12.8062
51	51	14.4222
53	51	14.4222
55	51	14.4222
57	51	7.2111
59	51	17.2047
61	51	18.4391
63	51	19.799
65	51	21.2603
67	51	6.32456
69	51	7.2111
71	51	8.94427
73	51	7.2111
75	51	8.94427
77	51	8.94427
79	51	8.94427
81	51	8.94427
83	51	6
85	51	6.32456
87	51	21.2603
89	51	18.4391
91	51	0
93	51	10
95	51	10.7703
97	51	10.7703
99	51	16.4924
101	51	16.4924
103	51	14.5602
105	51	12.6491
107	51	10.7703
109	51	18.4391
111	51	18.868
113	51	20
115	51	21.2603
117	51	22.6274
119	51	2
121	51	7.2111
123	51	4
125	51	4
127	51	2.82843
129	51	2.82843
131	51	6
133	51	10.198
135	51	8.24621
15	53	8.48528
17	53	7.2111
19	53	7.2111
21	53	6.32456
23	53	6.32456
25	53	4.47214
27	53	5.65685
29	53	7.2111
31	53	7.2111
33	53	4.47214
35	53	2.82843
37	53	2.82843
39	53	14.4222
41	53	11.6619
43	53	10.7703
45	53	8.94427
47	53	10
49	53	11.6619
51	53	11.6619
53	53	13.4164
55	53	15.6205
57	53	14.4222
59	53	15.6205
61	53	16.9706
63	53	18.4391
65	53	20
67	53	21.6333
69	53	8.48528
71	53	10
73	53	11.6619
75	53	10
77	53	11.6619
79	53	11.6619
81	53	4.47214
83	53	0
85	53	6.32456
87	53	6.32456
89	53	18.4391
91	53	15.6205
93	53	10
95	53	8.24621
97	53	2.82843
99	53	18.9737
101	53	17.088
103	53	17.088
105	53	17.088
107	53	15.6205
109	53	16.1245
111	53	17.2047
113	53	18.4391
115	53	19.799
117	53	21.2603
119	53	4
121	53	4.47214
123	53	4.47214
125	53	5.65685
127	53	2.82843
129	53	2
131	53	4
133	53	11.6619
135	53	13.4164
15	55	10
17	55	10
19	55	8.48528
21	55	7.2111
23	55	7.2111
25	55	6.32456
27	55	7.2111
29	55	8.48528
31	55	8.48528
33	55	6
35	55	2.82843
37	55	2.82843
39	55	2
41	55	4.47214
43	55	10.7703
45	55	8.94427
47	55	7.2111
49	55	8.94427
51	55	14.1421
53	55	12.8062
55	55	11.6619
57	55	14.4222
59	55	14.1421
61	55	15.6205
63	55	17.2047
65	55	17.2047
67	55	17.2047
69	55	18.868
71	55	18.868
73	55	12.8062
75	55	0
77	55	12.8062
79	55	14.4222
81	55	2.82843
83	55	2.82843
85	55	26
87	55	6.32456
89	55	16.9706
91	55	15.6205
93	55	4.47214
95	55	2.82843
97	55	2
99	55	16.1245
101	55	19.6977
103	55	19.6977
105	55	16.1245
107	55	14.4222
109	55	14.4222
111	55	15.6205
113	55	16.9706
115	55	18.4391
117	55	22.3607
119	55	24.1661
121	55	2
123	55	2
125	55	6.32456
127	55	6
129	55	0
131	55	2.82843
133	55	4
135	55	12.6491
15	57	11.3137
17	57	11.3137
19	57	10
21	57	10
23	57	8.48528
25	57	8.24621
27	57	8.94427
29	57	6.32456
31	57	6.32456
33	57	4.47214
35	57	5.65685
37	57	6.32456
39	57	2.82843
41	57	0
43	57	2
45	57	0
47	57	10
49	57	12.8062
51	57	10
53	57	8.94427
55	57	10
57	57	11.3137
59	57	14.1421
61	57	14.4222
63	57	14.4222
65	57	14.4222
67	57	0
69	57	16.1245
71	57	16.1245
73	57	16.1245
75	57	16.1245
77	57	17.2047
79	57	15.6205
81	57	0
83	57	4.47214
85	57	24.1661
87	57	6.32456
89	57	8.94427
91	57	7.2111
93	57	12.8062
95	57	6.32456
97	57	15.6205
99	57	17.2047
101	57	22.3607
103	57	18.868
105	57	17.2047
107	57	14.4222
109	57	12.8062
111	57	14.1421
113	57	15.6205
115	57	17.2047
117	57	19.6977
119	57	0
121	57	4.47214
123	57	8.48528
125	57	4.47214
127	57	4.47214
129	57	6.32456
131	57	2.82843
133	57	4.47214
135	57	8.48528
15	59	12.8062
17	59	12.8062
19	59	11.6619
21	59	11.3137
23	59	10.198
25	59	10
27	59	8.94427
29	59	8.94427
31	59	7.2111
33	59	6.32456
35	59	6.32456
37	59	4.47214
39	59	4
41	59	2
43	59	2
45	59	0
47	59	4.47214
49	59	7.2111
51	59	6.32456
53	59	7.2111
55	59	8.48528
57	59	10
59	59	8.24621
61	59	15.6205
63	59	14.4222
65	59	12.8062
67	59	11.6619
69	59	13.4164
71	59	14.4222
73	59	15.6205
75	59	17.2047
77	59	18.4391
79	59	2.82843
81	59	2
83	59	0
85	59	2
87	59	11.6619
89	59	14.4222
91	59	13.4164
93	59	10.7703
95	59	8.24621
97	59	16.9706
99	59	6.32456
101	59	21.6333
103	59	18.868
105	59	17.2047
107	59	15.6205
109	59	14.1421
111	59	12.8062
113	59	14.4222
115	59	16.1245
117	59	17.8885
119	59	7.2111
121	59	7.2111
123	59	7.2111
125	59	5.65685
127	59	4.47214
129	59	6
131	59	10.198
133	59	8.94427
135	59	4.47214
15	61	14.4222
17	61	14.4222
19	61	13.4164
21	61	12.8062
23	61	11.6619
25	61	11.3137
27	61	11.6619
29	61	10
31	61	8.94427
33	61	8.94427
35	61	7.2111
37	61	6.32456
39	61	4.47214
41	61	7.2111
43	61	5.65685
45	61	7.2111
47	61	7.2111
49	61	5.65685
51	61	0
53	61	4
55	61	4
57	61	4
59	61	10.7703
61	61	17.2047
63	61	15.6205
65	61	14.4222
67	61	13.4164
69	61	15.2315
71	61	16.1245
73	61	17.2047
75	61	18.4391
77	61	10.7703
79	61	2
81	61	2
83	61	2
85	61	22.8035
87	61	24.4131
89	61	34.9285
91	61	15.2315
93	61	10.7703
95	61	8.24621
97	61	7.2111
99	61	6.32456
101	61	21.6333
103	61	20
105	61	18.4391
107	61	16.9706
109	61	15.6205
111	61	11.6619
113	61	13.4164
115	61	15.2315
117	61	15.2315
119	61	4.47214
121	61	10
123	61	8.48528
125	61	7.2111
127	61	6.32456
129	61	6.32456
131	61	8.48528
133	61	8.24621
135	61	4
15	63	0
17	63	16.1245
19	63	15.2315
21	63	14.4222
23	63	13.4164
25	63	7.2111
27	63	10
29	63	8.94427
31	63	11.6619
33	63	10
35	63	8.94427
37	63	7.2111
39	63	5.65685
41	63	4.47214
43	63	0
45	63	2.82843
47	63	6.32456
49	63	4.47214
51	63	2.82843
53	63	4.47214
55	63	4.47214
57	63	6.32456
59	63	8.24621
61	63	8.24621
63	63	17.2047
65	63	14.4222
67	63	15.2315
69	63	16.1245
71	63	17.8885
73	63	10.7703
75	63	8.94427
77	63	7.2111
79	63	6.32456
81	63	4.47214
83	63	6.32456
85	63	27.2029
87	63	25.6125
89	63	34
91	63	33.5261
93	63	8.94427
95	63	7.2111
97	63	5.65685
99	63	4.47214
101	63	22.8035
103	63	21.2603
105	63	19.799
107	63	18.4391
109	63	17.2047
111	63	11.6619
113	63	14.1421
115	63	11.6619
117	63	13.4164
119	63	2.82843
121	63	11.3137
123	63	10
125	63	14.4222
127	63	5.65685
129	63	7.2111
131	63	6.32456
133	63	8.24621
135	63	7.2111
15	65	2
17	65	4.47214
19	65	5.65685
21	65	10
23	65	10
25	65	8.48528
27	65	8.48528
29	65	10
31	65	12.8062
33	65	11.6619
35	65	0
37	65	8.48528
39	65	7.2111
41	65	4.47214
43	65	4
45	65	2
47	65	0
49	65	4.47214
51	65	2.82843
53	65	4.47214
55	65	6.32456
57	65	8.24621
59	65	10.7703
61	65	10.7703
63	65	10.7703
65	65	10.7703
67	65	0
69	65	10.7703
71	65	13.4164
73	65	11.6619
75	65	21.6333
77	65	8.94427
79	65	6.32456
81	65	6.32456
83	65	0
85	65	28.4253
87	65	30
89	65	28.4253
91	65	11.6619
93	65	8.24621
95	65	10.7703
97	65	4.47214
99	65	4
101	65	2
103	65	22.6274
105	65	21.2603
107	65	20
109	65	11.6619
111	65	7.2111
113	65	8.94427
115	65	10.7703
117	65	0
119	65	14.1421
121	65	12.8062
123	65	11.6619
125	65	12.8062
127	65	4.47214
129	65	8.48528
131	65	5.65685
133	65	4.47214
135	65	7.2111
15	67	4.47214
17	67	8.48528
19	67	8.48528
21	67	4.47214
23	67	2.82843
25	67	2.82843
27	67	4.47214
29	67	8.48528
31	67	0
33	67	0
35	67	0
37	67	0
39	67	0
41	67	0
43	67	0
45	67	0
47	67	0
49	67	0
51	67	0
53	67	0
55	67	0
57	67	0
59	67	0
61	67	0
63	67	0
65	67	0
67	67	0
69	67	0
71	67	0
73	67	0
75	67	0
77	67	0
79	67	0
81	67	0
83	67	0
85	67	0
87	67	0
89	67	0
91	67	6
93	67	6.32456
95	67	8.94427
97	67	10
99	67	7.2111
101	67	2
103	67	24.0832
105	67	22.8035
107	67	2.82843
109	67	4.47214
111	67	7.2111
113	67	8.24621
115	67	8.24621
117	67	8.94427
119	67	15.6205
121	67	12.8062
123	67	10
125	67	11.3137
127	67	12.8062
129	67	6.32456
131	67	7.2111
133	67	4.47214
135	67	5.65685
15	69	0
17	69	4.47214
19	69	2.82843
21	69	2.82843
23	69	2
25	69	2
27	69	5.65685
29	69	5.65685
31	69	0
33	69	0
35	69	0
37	69	0
39	69	0
41	69	0
43	69	0
45	69	0
47	69	0
49	69	0
51	69	0
53	69	0
55	69	0
57	69	0
59	69	0
61	69	0
63	69	0
65	69	0
67	69	0
69	69	0
71	69	0
73	69	0
75	69	0
77	69	0
79	69	0
81	69	0
83	69	0
85	69	0
87	69	0
89	69	0
91	69	4
93	69	10
95	69	8.94427
97	69	5.65685
99	69	5.65685
101	69	7.2111
103	69	7.2111
105	69	2.82843
107	69	5.65685
109	69	4.47214
111	69	8.48528
113	69	39.4462
115	69	4.47214
117	69	18.4391
119	69	15.6205
121	69	10
123	69	10
125	69	10
127	69	11.6619
129	69	16.4924
131	69	7.2111
133	69	4.47214
135	69	4.47214
15	71	2
17	71	2.82843
19	71	4.47214
21	71	4.47214
23	71	0
25	71	4.47214
27	71	4.47214
29	71	4.47214
31	71	0
33	71	0
35	71	0
37	71	0
39	71	0
41	71	0
43	71	0
45	71	0
47	71	0
49	71	0
51	71	0
53	71	0
55	71	0
57	71	0
59	71	0
61	71	0
63	71	0
65	71	0
67	71	0
69	71	0
71	71	0
73	71	0
75	71	0
77	71	0
79	71	0
81	71	0
83	71	0
85	71	0
87	71	0
89	71	0
91	71	2
93	71	4.47214
95	71	10.7703
97	71	7.2111
99	71	6.32456
101	71	4.47214
103	71	10
105	71	7.2111
107	71	8.94427
109	71	40
111	71	39.4462
113	71	39.4462
115	71	0
117	71	18.4391
119	71	14.4222
121	71	11.6619
123	71	10
125	71	8.94427
127	71	12.1655
129	71	8.94427
131	71	4.47214
133	71	4.47214
135	71	4
15	73	2
17	73	2
19	73	2
21	73	4.47214
23	73	4.47214
25	73	4.47214
27	73	2.82843
29	73	4.47214
31	73	0
33	73	0
35	73	0
37	73	0
39	73	0
41	73	0
43	73	0
45	73	0
47	73	0
49	73	0
51	73	0
53	73	0
55	73	0
57	73	0
59	73	0
61	73	0
63	73	0
65	73	0
67	73	0
69	73	0
71	73	0
73	73	0
75	73	0
77	73	0
79	73	0
81	73	0
83	73	0
85	73	0
87	73	0
89	73	0
91	73	4
93	73	4.47214
95	73	0
97	73	4.47214
99	73	7.2111
101	73	11.6619
103	73	13.4164
105	73	26.0768
107	73	40
109	73	39.4462
111	73	39.4462
113	73	4.47214
115	73	22.8035
117	73	20
119	73	14.4222
121	73	14.4222
123	73	11.6619
125	73	10.7703
127	73	8.94427
129	73	7.2111
131	73	8.94427
133	73	4.47214
135	73	4.47214
15	75	4.47214
17	75	0
19	75	4.47214
21	75	2.82843
23	75	2.82843
25	75	0
27	75	4.47214
29	75	4.47214
31	75	0
33	75	0
35	75	0
37	75	0
39	75	0
41	75	0
43	75	0
45	75	0
47	75	0
49	75	0
51	75	0
53	75	0
55	75	0
57	75	0
59	75	0
61	75	0
63	75	0
65	75	0
67	75	0
69	75	0
71	75	0
73	75	0
75	75	0
77	75	0
79	75	0
81	75	0
83	75	0
85	75	0
87	75	0
89	75	0
91	75	6
93	75	2.82843
95	75	2.82843
97	75	4.47214
99	75	11.6619
101	75	23.3238
103	75	23.3238
105	75	23.3238
107	75	40
109	75	38.833
111	75	39.4462
113	75	22.3607
115	75	22.3607
117	75	18.868
119	75	13.4164
121	75	14.4222
123	75	11.6619
125	75	11.6619
127	75	10
129	75	8.48528
131	75	8.24621
133	75	10.198
135	75	7.2111
15	77	2.82843
17	77	2.82843
19	77	4.47214
21	77	4.47214
23	77	2.82843
25	77	2
27	77	2
29	77	0
31	77	5.65685
33	77	5.65685
35	77	4.47214
37	77	5.65685
39	77	5.65685
41	77	5.65685
43	77	2.82843
45	77	6
47	77	6
49	77	6
51	77	6
53	77	6.32456
55	77	8.24621
57	77	6
59	77	6
61	77	6
63	77	8
65	77	6
67	77	4
69	77	2
71	77	0
73	77	2.82843
75	77	4.47214
77	77	6.32456
79	77	8.24621
81	77	10.198
83	77	8.94427
85	77	10.7703
87	77	12.6491
89	77	17.088
91	77	2
93	77	0
95	77	2.82843
97	77	6
99	77	6.32456
101	77	18.868
103	77	20.5913
105	77	20.5913
107	77	21.6333
109	77	38.833
111	77	19.6977
113	77	19.6977
115	77	20.5913
117	77	21.6333
119	77	22.8035
121	77	14.4222
123	77	12.6491
125	77	12.8062
127	77	11.3137
129	77	10
131	77	8
133	77	10
135	77	7.2111
15	79	2
17	79	2
19	79	2
21	79	2
23	79	4.47214
25	79	2.82843
27	79	2.82843
29	79	2.82843
31	79	2.82843
33	79	2.82843
35	79	2.82843
37	79	2.82843
39	79	2.82843
41	79	2.82843
43	79	2.82843
45	79	2.82843
47	79	10.198
49	79	10.198
51	79	10.198
53	79	10.198
55	79	10.198
57	79	12.1655
59	79	12.1655
61	79	10.198
63	79	10.198
65	79	0
67	79	6.32456
69	79	4.47214
71	79	2.82843
73	79	2.82843
75	79	4.47214
77	79	6.32456
79	79	4.47214
81	79	6.32456
83	79	10.7703
85	79	12.6491
87	79	14.5602
89	79	0
91	79	2.82843
93	79	2
95	79	4.47214
97	79	5.65685
99	79	7.2111
101	79	8.94427
103	79	19.6977
105	79	20
107	79	18.868
109	79	20.5913
111	79	17.8885
113	79	17.8885
115	79	18.868
117	79	20
119	79	21.2603
121	79	22.6274
123	79	21.2603
125	79	14.1421
127	79	12.8062
129	79	11.6619
131	79	8.94427
133	79	8.94427
135	79	10
15	81	2
17	81	0
19	81	4.47214
21	81	2.82843
23	81	2.82843
25	81	2.82843
27	81	2
29	81	4.47214
31	81	5.65685
33	81	5.65685
35	81	5.65685
37	81	2
39	81	14.5602
41	81	14.5602
43	81	14.5602
45	81	14.5602
47	81	14.5602
49	81	14.5602
51	81	14.5602
53	81	16.4924
55	81	16.4924
57	81	16.4924
59	81	14.5602
61	81	12.6491
63	81	10.7703
65	81	8.94427
67	81	7.2111
69	81	5.65685
71	81	4.47214
73	81	4.47214
75	81	0
77	81	0
79	81	6.32456
81	81	8.24621
83	81	10.198
85	81	12.1655
87	81	2.82843
89	81	5.65685
91	81	15.2315
93	81	4.47214
95	81	4.47214
97	81	7.2111
99	81	8.48528
101	81	10
103	81	14.4222
105	81	24.1661
107	81	18.868
109	81	15.2315
111	81	15.2315
113	81	16.1245
115	81	17.2047
117	81	18.4391
119	81	18.4391
121	81	18.4391
123	81	19.799
125	81	21.2603
127	81	21.2603
129	81	11.6619
131	81	8.94427
133	81	6.32456
135	81	8.24621
15	83	2
17	83	2
19	83	2.82843
21	83	2
23	83	2.82843
25	83	2
27	83	7.2111
29	83	10
31	83	13.4164
33	83	14.4222
35	83	13.4164
37	83	12.6491
39	83	2.82843
41	83	5.65685
43	83	12.6491
45	83	12.6491
47	83	10.7703
49	83	20.8806
51	83	20.8806
53	83	20.8806
55	83	18.9737
57	83	17.088
59	83	7.2111
61	83	13.4164
63	83	11.6619
65	83	10
67	83	8.48528
69	83	7.2111
71	83	6.32456
73	83	2.82843
75	83	2
77	83	4
79	83	6
81	83	7.2111
83	83	8.94427
85	83	0
87	83	13.4164
89	83	13.4164
91	83	13.4164
93	83	13.4164
95	83	6
97	83	7.2111
99	83	8.48528
101	83	11.3137
103	83	14.4222
105	83	26.8328
107	83	18.868
109	83	13.4164
111	83	13.4164
113	83	14.4222
115	83	15.6205
117	83	15.6205
119	83	18.868
121	83	16.9706
123	83	15.6205
125	83	18.4391
127	83	18.4391
129	83	20
131	83	21.6333
133	83	6.32456
135	83	6.32456
15	85	11.6619
17	85	11.6619
19	85	2.82843
21	85	2
23	85	2
25	85	2.82843
27	85	2.82843
29	85	2.82843
31	85	2.82843
33	85	10
35	85	11.6619
37	85	10.7703
39	85	10.7703
41	85	5.65685
43	85	4.47214
45	85	10.7703
47	85	8.94427
49	85	25.2982
51	85	23.4094
53	85	21.5407
55	85	19.6977
57	85	17.8885
59	85	16.1245
61	85	14.4222
63	85	11.6619
65	85	11.3137
67	85	8.94427
69	85	4.47214
71	85	5.65685
73	85	4.47214
75	85	4
77	85	4.47214
79	85	6.32456
81	85	8.24621
83	85	14.4222
85	85	10.7703
87	85	10.198
89	85	10.7703
91	85	10.7703
93	85	11.6619
95	85	4.47214
97	85	6
99	85	8.48528
101	85	10
103	85	14.4222
105	85	16.1245
107	85	17.8885
109	85	10.7703
111	85	11.6619
113	85	12.8062
115	85	12.8062
117	85	12.8062
119	85	15.6205
121	85	12.8062
123	85	14.1421
125	85	15.6205
127	85	15.6205
129	85	17.2047
131	85	18.868
133	85	14.1421
135	85	22.3607
15	87	10
17	87	10
19	87	10
21	87	10
23	87	10
25	87	2.82843
27	87	2
29	87	7.2111
31	87	2.82843
33	87	2.82843
35	87	2
37	87	2
39	87	11.6619
41	87	11.6619
43	87	11.6619
45	87	5.65685
47	87	5.65685
49	87	7.2111
51	87	24.1661
53	87	14.4222
55	87	20.5913
57	87	18.868
59	87	16.1245
61	87	14.4222
63	87	11.6619
65	87	7.2111
67	87	2.82843
69	87	8.48528
71	87	7.2111
73	87	6.32456
75	87	6
77	87	6.32456
79	87	7.2111
81	87	10
83	87	8.94427
85	87	8.94427
87	87	8.94427
89	87	10.7703
91	87	10.198
93	87	14.4222
95	87	16.1245
97	87	8
99	87	4.47214
101	87	5.65685
103	87	10
105	87	11.6619
107	87	8.24621
109	87	8.94427
111	87	10
113	87	10
115	87	10
117	87	18.4391
119	87	20
121	87	17.2047
123	87	11.3137
125	87	12.8062
127	87	12.8062
129	87	14.4222
131	87	16.1245
133	87	11.3137
135	87	19.6977
15	89	12.8062
17	89	11.6619
19	89	10.7703
21	89	10.198
23	89	10.7703
25	89	11.6619
27	89	11.6619
29	89	11.6619
31	89	7.2111
33	89	0
35	89	5.65685
37	89	5.65685
39	89	5.65685
41	89	4.47214
43	89	2
45	89	13.4164
47	89	4.47214
49	89	2.82843
51	89	0
53	89	23.3238
55	89	20.5913
57	89	18.868
59	89	14.4222
61	89	8.94427
63	89	7.2111
65	89	5.65685
67	89	4.47214
69	89	8.48528
71	89	8.94427
73	89	8.24621
75	89	8
77	89	6.32456
79	89	6.32456
81	89	6.32456
83	89	7.2111
85	89	7.2111
87	89	8.48528
89	89	10
91	89	12.1655
93	89	13.4164
95	89	15.2315
97	89	10
99	89	6.32456
101	89	4.47214
103	89	6.32456
105	89	6.32456
107	89	6.32456
109	89	7.2111
111	89	7.2111
113	89	11.6619
115	89	25.6125
117	89	22.8035
119	89	20
121	89	14.1421
123	89	11.3137
125	89	10
127	89	10
129	89	11.6619
131	89	13.4164
133	89	8.48528
135	89	17.088
15	91	5.65685
17	91	5.65685
19	91	5.65685
21	91	12.1655
23	91	12.6491
25	91	13.4164
27	91	13.4164
29	91	13.4164
31	91	11.6619
33	91	11.6619
35	91	10
37	91	7.2111
39	91	5.65685
41	91	5.65685
43	91	4.47214
45	91	2.82843
47	91	0
49	91	10.7703
51	91	2.82843
53	91	5.65685
55	91	18.868
57	91	15.2315
59	91	11.6619
61	91	10
63	91	5.65685
65	91	7.2111
67	91	10.7703
69	91	10
71	91	14.1421
73	91	14
75	91	10
77	91	8.24621
79	91	2
81	91	4.47214
83	91	4.47214
85	91	6.32456
87	91	7.2111
89	91	8.94427
91	91	14.1421
93	91	12.6491
95	91	14.5602
97	91	20.3961
99	91	8
101	91	6.32456
103	91	5.65685
105	91	4.47214
107	91	4.47214
109	91	5.65685
111	91	7.2111
113	91	7.2111
115	91	26.9072
117	91	24.0832
119	91	21.2603
121	91	15.6205
123	91	12.8062
125	91	12.8062
127	91	10
129	91	8.94427
131	91	10.7703
133	91	5.65685
135	91	14.5602
15	93	4.47214
17	93	2.82843
19	93	4.47214
21	93	4.47214
23	93	4.47214
25	93	15.2315
27	93	15.2315
29	93	15.2315
31	93	13.4164
33	93	13.4164
35	93	11.6619
37	93	10
39	93	10
41	93	7.2111
43	93	5.65685
45	93	2
47	93	2
49	93	4.47214
51	93	17.088
53	93	18.868
55	93	2.82843
57	93	2
59	93	10
61	93	8.48528
63	93	7.2111
65	93	13.4164
67	93	17.088
69	93	16.4924
71	93	16.1245
73	93	16
75	93	12
77	93	2
79	93	0
81	93	2.82843
83	93	2.82843
85	93	4.47214
87	93	6.32456
89	93	8.24621
91	93	10.198
93	93	14
95	93	12.1655
97	93	13.4164
99	93	10
101	93	4.47214
103	93	2.82843
105	93	2.82843
107	93	2.82843
109	93	4.47214
111	93	2.82843
113	93	4.47214
115	93	28.2843
117	93	25.4558
119	93	22.6274
121	93	17.2047
123	93	16.9706
125	93	14.1421
127	93	11.3137
129	93	8.48528
131	93	8.24621
133.01	93.01	2.84257
135	93	12.1655
15	95	5.65685
17	95	4.47214
19	95	5.65685
21	95	5.65685
23	95	5.65685
25	95	4.47214
27	95	4.47214
29	95	2
31	95	17.8885
33	95	16.1245
35	95	16.1245
37	95	11.6619
39	95	11.6619
41	95	0
43	95	4.47214
45	95	4
47	95	4
49	95	4.47214
51	95	2
53	95	2
55	95	14.4222
57	95	0
59	95	2
61	95	0
63	95	18.9737
65	95	18.9737
67	95	18.9737
69	95	18.4391
71	95	18.1108
73	95	18
75	95	14
77	95	2.82843
79	95	2
81	95	4.47214
83	95	4
85	95	4.47214
87	95	6
89	95	8.24621
91	95	8.94427
93	95	16
95	95	12.8062
97	95	14.5602
99	95	8.94427
101	95	4
103	95	2
105	95	0
107	95	2.82843
109	95	0
111	95	2
113	95	4
115	95	4.47214
117	95	26.9072
119	95	24.0832
121	95	21.2603
123	95	18.4391
125	95	15.6205
127	95	12.8062
129	95	10
131	95	7.2111
133	95	6.32456
135	95	8.48528
