15	15	4.47214
17	15	6.32456
19	15	7.2111
21	15	8.48528
23	15	14.4222
25	15	17.8885
27	15	18.868
29	15	0
31	15	2
33	15	4
35	15	6
37	15	6.32456
39	15	8.24621
41	15	8.94427
43	15	10
45	15	12.8062
47	15	12.8062
49	15	14.4222
51	15	14.4222
53	15	16.1245
55	15	17.2047
57	15	18.4391
59	15	19.799
61	15	21.2603
63	15	18.4391
65	15	12.8062
67	15	11.6619
69	15	26.9072
71	15	24.0832
73	15	18.4391
75	15	15.6205
77	15	12.8062
79	15	7.2111
81	15	0
83	15	10.198
85	15	10
87	15	10
89	15	8
91	15	6
93	15	4
95	15	2
97	15	2
99	15	10.198
101	15	8.24621
103	15	8
105	15	10
107	15	4.47214
109	15	2
111	15	0
113	15	7.2111
115	15	6.32456
117	15	6
119	15	7.2111
121	15	10
123	15	10.198
125	15	0
127	15	2
129	15	4.47214
131	15	6.32456
133	15	6.32456
135	15	0
15	17	4
17	17	2.82843
19	17	4.47214
21	17	11.6619
23	17	15.2315
25	17	16.1245
27	17	17.2047
29	17	18.868
31	17	2.82843
33	17	4.47214
35	17	6.32456
37	17	6.32456
39	17	6.32456
41	17	12.6491
43	17	11.6619
45	17	10.7703
47	17	11.6619
49	17	11.6619
51	17	13.4164
53	17	14.4222
55	17	15.6205
57	17	17.2047
59	17	18.4391
61	17	17.2047
63	17	14.4222
65	17	22.6274
67	17	24.0832
69	17	21.2603
71	17	15.6205
73	17	12.8062
75	17	11.6619
77	17	8.94427
79	17	25.4558
81	17	11.6619
83	17	12.8062
85	17	8
87	17	10.198
89	17	8.24621
91	17	6.32456
93	17	4.47214
95	17	14.1421
97	17	12.1655
99	17	10.198
101	17	8.24621
103	17	8.24621
105	17	10.198
107	17	2.82843
109	17	2
111	17	4.47214
113	17	7.2111
115	17	6.32456
117	17	4
119	17	7.2111
121	17	10
123	17	10.198
125	17	2
127	17	2
129	17	4.47214
131	17	4.47214
133	17	7.2111
135	17	8.48528
15	19	4.47214
17	19	2.82843
19	19	6.32456
21	19	6
23	19	13.4164
25	19	14.4222
27	19	15.6205
29	19	17.2047
31	19	18.4391
33	19	5.65685
35	19	7.2111
37	19	8.94427
39	19	11.6619
41	19	10.7703
43	19	10.198
45	19	8.94427
47	19	8.94427
49	19	10.7703
51	19	11.6619
53	19	12.8062
55	19	14.4222
57	19	15.6205
59	19	17.2047
61	19	14.4222
63	19	19.799
65	19	21.2603
67	19	18.4391
69	19	12.8062
71	19	11.6619
73	19	11.6619
75	19	28.2843
77	19	26.9072
79	19	8.94427
81	19	10
83	19	11.3137
85	19	12.8062
87	19	8
89	19	8.94427
91	19	7.2111
93	19	16.4924
95	19	14.5602
97	19	12.6491
99	19	10.7703
101	19	8.94427
103	19	8.94427
105	19	5.65685
107	19	4.47214
109	19	4
111	19	4.47214
113	19	6.32456
115	19	6.32456
117	19	2
119	19	7.2111
121	19	8
123	19	8.24621
125	19	0
127	19	0
129	19	4.47214
131	19	4
133	19	6.32456
135	19	7.2111
15	21	0
17	21	13.4164
19	21	6
21	21	6.32456
23	21	8.24621
25	21	8.24621
27	21	14.4222
29	21	15.6205
31	21	17.2047
33	21	18.868
35	21	8.48528
37	21	11.3137
39	21	11.6619
41	21	11.6619
43	21	11.6619
45	21	11.6619
47	21	11.6619
49	21	11.6619
51	21	10
53	21	11.6619
55	21	12.8062
57	21	14.4222
59	21	15.6205
61	21	17.2047
63	21	18.4391
65	21	17.2047
67	21	14.4222
69	21	11.6619
71	21	24.0832
73	21	25.4558
75	21	26.9072
77	21	21.2603
79	21	8
81	21	8.48528
83	21	10
85	21	10
87	21	8.94427
89	21	8.94427
91	21	18.9737
93	21	17.088
95	21	15.2315
97	21	13.4164
99	21	11.6619
101	21	11.6619
103	21	13.4164
105	21	7.2111
107	21	6.32456
109	21	6
111	21	6.32456
113	21	7.2111
115	21	4.47214
117	21	2
119	21	6.32456
121	21	6
123	21	7.2111
125	21	6
127	21	8.24621
129	21	2.82843
131	21	2
133	21	4.47214
135	21	6.32456
15	23	6.32456
17	23	4.47214
19	23	4.47214
21	23	7.2111
23	23	8.94427
25	23	10.7703
27	23	12.6491
29	23	14.4222
31	23	16.1245
33	23	17.8885
35	23	20.5913
37	23	11.3137
39	23	12.8062
41	23	14.4222
43	23	11.6619
45	23	12.8062
47	23	8.94427
49	23	11.6619
51	23	14.4222
53	23	12.8062
55	23	12.8062
57	23	12.8062
59	23	14.4222
61	23	15.6205
63	23	17.2047
65	23	14.4222
67	23	8.94427
69	23	21.2603
71	23	22.6274
73	23	24.0832
75	23	18.4391
77	23	8.94427
79	23	7.2111
81	23	7.2111
83	23	8.94427
85	23	18.4391
87	23	18.4391
89	23	18.4391
91	23	6.32456
93	23	17.8885
95	23	16.1245
97	23	14.4222
99	23	12.8062
101	23	12.8062
103	23	10
105	23	8.94427
107	23	8.24621
109	23	8
111	23	6.32456
113	23	7.2111
115	23	2
117	23	4
119	23	4.47214
121	23	4
123	23	4.47214
125	23	4
127	23	10
129	23	2.82843
131	23	2
133	23	4
135	23	6
15	25	17.2047
17	25	15.6205
19	25	5.65685
21	25	7.2111
23	25	8.94427
25	25	11.6619
27	25	11.6619
29	25	12.8062
31	25	14.4222
33	25	17.8885
35	25	18.868
37	25	20
39	25	31.241
41	25	15.6205
43	25	4.47214
45	25	0
47	25	2.82843
49	25	14.4222
51	25	15.6205
53	25	15.6205
55	25	15.6205
57	25	15.6205
59	25	15.6205
61	25	15.6205
63	25	11.6619
65	25	17.2047
67	25	18.4391
69	25	19.799
71	25	21.2603
73	25	15.6205
75	25	15.6205
77	25	10
79	25	8.94427
81	25	8.24621
83	25	15.6205
85	25	15.6205
87	25	15.6205
89	25	15.6205
91	25	4.47214
93	25	5.65685
95	25	0
97	25	14.4222
99	25	14.4222
101	25	12.8062
103	25	11.6619
105	25	10.7703
107	25	10.198
109	25	8.24621
111	25	8
113	25	7.2111
115	25	0
117	25	6
119	25	6.32456
121	25	4
123	25	4.47214
125	25	2
127	25	4.47214
129	25	6
131	25	4
133	25	4.47214
135	25	7.2111
15	27	18.4391
17	27	16.9706
19	27	15.6205
21	27	15.6205
23	27	10
25	27	11.6619
27	27	0
29	27	14.4222
31	27	15.6205
33	27	17.2047
35	27	18.4391
37	27	18.4391
39	27	20
41	27	31.241
43	27	2.82843
45	27	2.82843
47	27	4.47214
49	27	4.47214
51	27	6.32456
53	27	18.4391
55	27	18.4391
57	27	18.4391
59	27	11.6619
61	27	13.4164
63	27	14.4222
65	27	18.4391
67	27	17.2047
69	27	18.4391
71	27	17.2047
73	27	14.4222
75	27	12.8062
77	27	11.6619
79	27	14.1421
81	27	12.8062
83	27	12.8062
85	27	12.8062
87	27	12.8062
89	27	12.8062
91	27	14.5602
93	27	7.2111
95	27	8.48528
97	27	11.6619
99	27	14.4222
101	27	12.8062
103	27	10
105	27	12.6491
107	27	12.1655
109	27	10.198
111	27	10
113	27	8.48528
115	27	2.82843
117	27	2.82843
119	27	4.47214
121	27	6
123	27	6.32456
125	27	2
127	27	4.47214
129	27	4.47214
131	27	0
133	27	6.32456
135	27	7.2111
15	29	4
17	29	18.4391
19	29	17.2047
21	29	17.2047
23	29	16.1245
25	29	14.4222
27	29	14.4222
29	29	11.6619
31	29	7.2111
33	29	18.4391
35	29	5.65685
37	29	4.47214
39	29	18.868
41	29	30
43	29	30
45	29	2.82843
47	29	5.65685
49	29	7.2111
51	29	7.2111
53	29	7.2111
55	29	21.2603
57	29	14.4222
59	29	14.4222
61	29	15.6205
63	29	21.2603
65	29	19.799
67	29	18.4391
69	29	18.4391
71	29	16.9706
73	29	15.6205
75	29	14.4222
77	29	13.4164
79	29	12.8062
81	29	11.6619
83	29	11.6619
85	29	12.6491
87	29	13.4164
89	29	14.4222
91	29	15.6205
93	29	8.94427
95	29	13.4164
97	29	11.6619
99	29	10
101	29	8.48528
103	29	8.48528
105	29	7.2111
107	29	8.48528
109	29	12.1655
111	29	10.198
113	29	8
115	29	4.47214
117	29	4.47214
119	29	4.47214
121	29	8
123	29	4.47214
125	29	0
127	29	2.82843
129	29	4
131	29	2
133	29	0
135	29	2
15	31	2
17	31	0
19	31	20
21	31	18.868
23	31	17.2047
25	31	16.1245
27	31	16.9706
29	31	18.4391
31	31	6.32456
33	31	4.47214
35	31	4.47214
37	31	2.82843
39	31	4.47214
41	31	19.6977
43	31	21.6333
45	31	30
47	31	5.65685
49	31	8.48528
51	31	10
53	31	11.6619
55	31	7.2111
57	31	7.2111
59	31	18.4391
61	31	21.2603
63	31	22.6274
65	31	21.2603
67	31	20
69	31	19.799
71	31	18.4391
73	31	17.2047
75	31	16.1245
77	31	15.6205
79	31	14.1421
81	31	12.8062
83	31	12.6491
85	31	13.4164
87	31	15.2315
89	31	16.1245
91	31	16.4924
93	31	18.4391
95	31	12.6491
97	31	10.7703
99	31	8.94427
101	31	7.2111
103	31	5.65685
105	31	7.2111
107	31	7.2111
109	31	10.7703
111	31	8.94427
113	31	8.24621
115	31	6
117	31	4.47214
119	31	7.2111
121	31	8.48528
123	31	6.32456
125	31	2
127	31	4
129	31	4.47214
131	31	4.47214
133	31	2.82843
135	31	0
15	33	4
17	33	4.47214
19	33	2.82843
21	33	20.5913
23	33	18.868
25	33	17.2047
27	33	13.4164
29	33	11.6619
31	33	10.198
33	33	11.6619
35	33	4.47214
37	33	0
39	33	5.65685
41	33	7.2111
43	33	7.2111
45	33	21.6333
47	33	18.868
49	33	0
51	33	7.2111
53	33	17.2047
55	33	18.4391
57	33	21.2603
59	33	4.47214
61	33	25.4558
63	33	24.0832
65	33	22.8035
67	33	22.6274
69	33	21.2603
71	33	20
73	33	18.868
75	33	18.4391
77	33	16.9706
79	33	15.6205
81	33	14.4222
83	33	13.4164
85	33	15.2315
87	33	17.088
89	33	18.1108
91	33	17.2047
93	33	18.9737
95	33	12.1655
97	33	10.198
99	33	8.24621
101	33	6.32456
103	33	4.47214
105	33	4.47214
107	33	6.32456
109	33	10.198
111	33	10.198
113	33	7.2111
115	33	4.47214
117	33	6
119	33	7.2111
121	33	10.198
123	33	4
125	33	4
127	33	0
129	33	2.82843
131	33	7.2111
133	33	6.32456
135	33	0
15	35	6
17	35	6.32456
19	35	7.2111
21	35	7.2111
23	35	17.8885
25	35	16.1245
27	35	14.4222
29	35	12.8062
31	35	11.3137
33	35	10.7703
35	35	12.6491
37	35	13.4164
39	35	7.2111
41	35	4.47214
43	35	10
45	35	10
47	35	28.4253
49	35	30
51	35	5.65685
53	35	4.47214
55	35	24.0832
57	35	24.0832
59	35	28.2843
61	35	7.2111
63	35	7.2111
65	35	25.4558
67	35	24.0832
69	35	22.8035
71	35	21.6333
73	35	20.5913
75	35	19.799
77	35	18.4391
79	35	17.2047
81	35	16.1245
83	35	15.6205
85	35	17.088
87	35	14.5602
89	35	16.4924
91	35	18.4391
93	35	20.3961
95	35	21.6333
97	35	10.198
99	35	8.24621
101	35	6.32456
103	35	4.47214
105	35	4.47214
107	35	6.32456
109	35	8.24621
111	35	11.3137
113	35	7.2111
115	35	4.47214
117	35	4.47214
119	35	7.2111
121	35	8.94427
123	35	2
125	35	6.32456
127	35	2.82843
129	35	2.82843
131	35	5.65685
133	35	4.47214
135	35	4
15	37	6.32456
17	37	8.24621
19	37	10.198
21	37	10.7703
23	37	4.47214
25	37	17.2047
27	37	15.6205
29	37	14.1421
31	37	12.8062
33	37	11.6619
35	37	10.7703
37	37	12.6491
39	37	13.4164
41	37	15.2315
43	37	2
45	37	2
47	37	5.65685
49	37	6
51	37	30
53	37	5.65685
55	37	7.2111
57	37	31.1127
59	37	29.7321
61	37	28.4253
63	37	0
65	37	0
67	37	0
69	37	0
71	37	0
73	37	0
75	37	0
77	37	0
79	37	0
81	37	0
83	37	0
85	37	0
87	37	0
89	37	0
91	37	0
93	37	0
95	37	0
97	37	0
99	37	0
101	37	0
103	37	0
105	37	0
107	37	0
109	37	0
111	37	0
113	37	0
115	37	0
117	37	0
119	37	0
121	37	0
123	37	2
125	37	4.47214
127	37	7.2111
129	37	8.48528
131	37	7.2111
133	37	2.82843
135	37	2
15	39	0
17	39	8.94427
19	39	8.24621
21	39	8.94427
23	39	2.82843
25	39	2.82843
27	39	16.9706
29	39	15.6205
31	39	14.4222
33	39	13.4164
35	39	10.7703
37	39	10.7703
39	39	13.4164
41	39	14.4222
43	39	15.6205
45	39	17.2047
47	39	4.47214
49	39	6.32456
51	39	6.32456
53	39	21.6333
55	39	8.48528
57	39	4.47214
59	39	31.241
61	39	31.1127
63	39	0
65	39	0
67	39	0
69	39	0
71	39	0
73	39	0
75	39	0
77	39	0
79	39	0
81	39	0
83	39	0
85	39	0
87	39	0
89	39	0
91	39	0
93	39	0
95	39	0
97	39	0
99	39	0
101	39	0
103	39	0
105	39	0
107	39	0
109	39	0
111	39	0
113	39	0
115	39	0
117	39	0
119	39	0
121	39	0
123	39	4
125	39	4.47214
127	39	6.32456
129	39	7.2111
131	39	5.65685
133	39	4.47214
135	39	0
15	41	8.94427
17	41	8.24621
19	41	6.32456
21	41	7.2111
23	41	8.94427
25	41	4.47214
27	41	18.4391
29	41	17.2047
31	41	16.1245
33	41	13.4164
35	41	11.6619
37	41	10.7703
39	41	11.6619
41	41	12.8062
43	41	14.4222
45	41	16.1245
47	41	17.8885
49	41	24.4131
51	41	7.2111
53	41	4.47214
55	41	4.47214
57	41	2.82843
59	41	33.9411
61	41	6.32456
63	41	0
65	41	0
67	41	0
69	41	0
71	41	0
73	41	0
75	41	0
77	41	0
79	41	0
81	41	0
83	41	0
85	41	0
87	41	0
89	41	0
91	41	0
93	41	0
95	41	0
97	41	0
99	41	0
101	41	0
103	41	0
105	41	0
107	41	0
109	41	0
111	41	0
113	41	0
115	41	0
117	41	0
119	41	0
121	41	0
123	41	6.32456
125	41	8.94427
127	41	8.24621
129	41	0
131	41	4.47214
133	41	4.47214
135	41	4
15	43	10.7703
17	43	8.94427
19	43	7.2111
21	43	7.2111
23	43	8.94427
25	43	8.94427
27	43	7.2111
29	43	18.868
31	43	17.8885
33	43	13.4164
35	43	11.6619
37	43	10.198
39	43	10
41	43	11.6619
43	43	13.4164
45	43	15.2315
47	43	17.088
49	43	17.8885
51	43	25.6125
53	43	4.47214
55	43	4.47214
57	43	7.2111
59	43	5.65685
61	43	4.47214
63	43	0
65	43	0
67	43	0
69	43	0
71	43	0
73	43	0
75	43	0
77	43	0
79	43	0
81	43	0
83	43	0
85	43	0
87	43	0
89	43	0
91	43	0
93	43	0
95	43	0
97	43	0
99	43	0
101	43	0
103	43	0
105	43	0
107	43	0
109	43	0
111	43	0
113	43	0
115	43	0
117	43	0
119	43	0
121	43	0
123	43	8.24621
125	43	0
127	43	5.65685
129	43	6.32456
131	43	7.2111
133	43	7.2111
135	43	4
15	45	4.47214
17	45	2.82843
19	45	8.94427
21	45	8.48528
23	45	10
25	45	10
27	45	11.3137
29	45	10
31	45	16.1245
33	45	14.4222
35	45	12.8062
37	45	11.3137
39	45	10
41	45	10.7703
43	45	12.6491
45	45	13.4164
47	45	16.1245
49	45	17.8885
51	45	24.4131
53	45	25.6125
55	45	27.2029
57	45	6.32456
59	45	4.47214
61	45	2.82843
63	45	0
65	45	0
67	45	0
69	45	0
71	45	0
73	45	0
75	45	0
77	45	0
79	45	0
81	45	0
83	45	0
85	45	0
87	45	0
89	45	0
91	45	0
93	45	0
95	45	0
97	45	0
99	45	0
101	45	0
103	45	0
105	45	0
107	45	0
109	45	0
111	45	0
113	45	0
115	45	0
117	45	0
119	45	0
121	45	0
123	45	2
125	45	2.82843
127	45	4.47214
129	45	4.47214
131	45	7.2111
133	45	6.32456
135	45	6
15	47	4
17	47	2.82843
19	47	4.47214
21	47	6.32456
23	47	6.32456
25	47	11.6619
27	47	8.24621
29	47	8.94427
31	47	5.65685
33	47	15.6205
35	47	14.1421
37	47	12.8062
39	47	11.6619
41	47	10.7703
43	47	10.7703
45	47	13.4164
47	47	15.2315
49	47	16.1245
51	47	16.9706
53	47	24.4131
55	47	24.4131
57	47	24.4131
59	47	24.4131
61	47	2
63	47	0
65	47	4
67	47	2
69	47	2
71	47	4.47214
73	47	6
75	47	8
77	47	8
79	47	10.7703
81	47	33.2866
83	47	8.24621
85	47	2
87	47	2.82843
89	47	18.868
91	47	16.1245
93	47	13.4164
95	47	14.5602
97	47	12.6491
99	47	15.2315
101	47	20.5913
103	47	20.5913
105	47	22.3607
107	47	8.24621
109	47	25.0599
111	47	26.8328
113	47	4
115	47	2
117	47	2
119	47	0
121	47	0
123	47	0
125	47	2
127	47	4.47214
129	47	4
131	47	8.94427
133	47	8.24621
135	47	8
15	49	4.47214
17	49	4.47214
19	49	5.65685
21	49	7.2111
23	49	7.2111
25	49	7.2111
27	49	6.32456
29	49	8.24621
31	49	4.47214
33	49	2.82843
35	49	15.6205
37	49	14.4222
39	49	13.4164
41	49	10.7703
43	49	10.7703
45	49	12.6491
47	49	12.8062
49	49	14.1421
51	49	15.6205
53	49	17.2047
55	49	21.6333
57	49	21.6333
59	49	4.47214
61	49	2.82843
63	49	6.32456
65	49	4.47214
67	49	4.47214
69	49	6.32456
71	49	4.47214
73	49	6.32456
75	49	8.24621
77	49	10
79	49	8.94427
81	49	32.311
83	49	8
85	49	2
87	49	22.8035
89	49	20
91	49	14.4222
93	49	13.4164
95	49	12.6491
97	49	12.6491
99	49	0
101	49	17.8885
103	49	18.868
105	49	20.5913
107	49	22.3607
109	49	19.6977
111	49	6.32456
113	49	21.6333
115	49	22.8035
117	49	2.82843
119	49	0
121	49	4
123	49	2
125	49	0
127	49	6.32456
129	49	0
131	49	10.7703
133	49	10.198
135	49	10
15	51	7.2111
17	51	6.32456
19	51	8.48528
21	51	7.2111
23	51	7.2111
25	51	6.32456
27	51	4.47214
29	51	6.32456
31	51	6.32456
33	51	0
35	51	5.65685
37	51	16.1245
39	51	15.2315
41	51	11.6619
43	51	10.198
45	51	10
47	51	11.3137
49	51	12.8062
51	51	14.4222
53	51	14.4222
55	51	18.868
57	51	7.2111
59	51	17.2047
61	51	18.4391
63	51	19.799
65	51	21.2603
67	51	6.32456
69	51	7.2111
71	51	8.94427
73	51	7.2111
75	51	8.94427
77	51	10.7703
79	51	10.7703
81	51	10.7703
83	51	6
85	51	6.32456
87	51	21.2603
89	51	20
91	51	0
93	51	11.6619
95	51	10.7703
97	51	10.7703
99	51	18.4391
101	51	18.4391
103	51	17.8885
105	51	15.2315
107	51	17.088
109	51	18.4391
111	51	18.868
113	51	20
115	51	21.2603
117	51	22.6274
119	51	2
121	51	7.2111
123	51	4
125	51	4
127	51	2.82843
129	51	2.82843
131	51	7.2111
133	51	12.1655
135	51	10.198
15	53	8.94427
17	53	8.94427
19	53	7.2111
21	53	8.24621
23	53	6.32456
25	53	6
27	53	6.32456
29	53	7.2111
31	53	7.2111
33	53	6.32456
35	53	4.47214
37	53	4.47214
39	53	15.2315
41	53	12.6491
43	53	10.7703
45	53	8.94427
47	53	10
49	53	11.6619
51	53	11.6619
53	53	13.4164
55	53	15.6205
57	53	14.4222
59	53	15.6205
61	53	16.9706
63	53	18.4391
65	53	20
67	53	21.6333
69	53	8.48528
71	53	10
73	53	11.6619
75	53	10
77	53	11.6619
79	53	13.4164
81	53	4.47214
83	53	0
85	53	6.32456
87	53	6.32456
89	53	18.4391
91	53	17.2047
93	53	14.4222
95	53	8.24621
97	53	2.82843
99	53	18.9737
101	53	17.088
103	53	17.088
105	53	18.9737
107	53	15.6205
109	53	16.1245
111	53	17.2047
113	53	18.4391
115	53	19.799
117	53	21.2603
119	53	4
121	53	6.32456
123	53	4.47214
125	53	7.2111
127	53	2.82843
129	53	2
131	53	4
133	53	11.6619
135	53	13.4164
15	55	11.6619
17	55	10
19	55	8.94427
21	55	8.94427
23	55	8.24621
25	55	6.32456
27	55	7.2111
29	55	8.48528
31	55	10
33	55	6
35	55	4.47214
37	55	2.82843
39	55	2
41	55	4.47214
43	55	10.7703
45	55	8.94427
47	55	7.2111
49	55	8.94427
51	55	14.1421
53	55	12.8062
55	55	11.6619
57	55	14.4222
59	55	14.1421
61	55	15.6205
63	55	17.2047
65	55	18.868
67	55	20.5913
69	55	20.5913
71	55	20.5913
73	55	12.8062
75	55	0
77	55	12.8062
79	55	14.4222
81	55	2.82843
83	55	2.82843
85	55	26
87	55	8.24621
89	55	16.9706
91	55	15.6205
93	55	4.47214
95	55	2.82843
97	55	2
99	55	16.1245
101	55	21.5407
103	55	21.5407
105	55	16.1245
107	55	14.4222
109	55	14.4222
111	55	15.6205
113	55	16.9706
115	55	18.4391
117	55	22.3607
119	55	24.1661
121	55	6.32456
123	55	6.32456
125	55	7.2111
127	55	6.32456
129	55	0
131	55	2.82843
133	55	4
135	55	12.6491
15	57	12.8062
17	57	11.3137
19	57	11.6619
21	57	10
23	57	8.94427
25	57	8.24621
27	57	8.94427
29	57	8.24621
31	57	6.32456
33	57	6
35	57	6.32456
37	57	6.32456
39	57	2.82843
41	57	0
43	57	2
45	57	0
47	57	11.6619
49	57	14.4222
51	57	10
53	57	8.94427
55	57	10
57	57	11.3137
59	57	14.1421
61	57	14.4222
63	57	16.1245
65	57	16.1245
67	57	8.24621
69	57	17.8885
71	57	17.8885
73	57	17.8885
75	57	17.8885
77	57	17.2047
79	57	15.6205
81	57	0
83	57	4.47214
85	57	25.2982
87	57	10.7703
89	57	8.94427
91	57	7.2111
93	57	12.8062
95	57	10.198
97	57	15.6205
99	57	17.2047
101	57	24.1661
103	57	18.868
105	57	17.2047
107	57	14.4222
109	57	12.8062
111	57	14.1421
113	57	15.6205
115	57	17.2047
117	57	21.5407
119	57	0
121	57	8.94427
123	57	10
125	57	4.47214
127	57	4.47214
129	57	6.32456
131	57	2.82843
133	57	4.47214
135	57	8.94427
15	59	14.1421
17	59	12.8062
19	59	12.8062
21	59	11.6619
23	59	11.6619
25	59	10.198
27	59	10.7703
29	59	8.94427
31	59	8.24621
33	59	8.24621
35	59	6.32456
37	59	6
39	59	4
41	59	2
43	59	2
45	59	0
47	59	8.94427
49	59	8.24621
51	59	6.32456
53	59	7.2111
55	59	8.48528
57	59	10
59	59	8.24621
61	59	15.6205
63	59	14.4222
65	59	13.4164
67	59	13.4164
69	59	14.5602
71	59	15.2315
73	59	16.1245
75	59	17.2047
77	59	18.868
79	59	2.82843
81	59	2
83	59	0
85	59	2
87	59	28.6356
89	59	14.4222
91	59	13.4164
93	59	12.6491
95	59	10.198
97	59	16.9706
99	59	8.24621
101	59	21.6333
103	59	18.868
105	59	17.2047
107	59	15.6205
109	59	14.1421
111	59	12.8062
113	59	14.4222
115	59	17.088
117	59	18.9737
119	59	11.6619
121	59	7.2111
123	59	7.2111
125	59	5.65685
127	59	4.47214
129	59	6
131	59	10.198
133	59	8.94427
135	59	7.2111
15	61	15.6205
17	61	14.4222
19	61	14.1421
21	61	12.8062
23	61	12.8062
25	61	11.6619
27	61	11.6619
29	61	10.7703
31	61	10.7703
33	61	8.94427
35	61	8.24621
37	61	6.32456
39	61	4.47214
41	61	7.2111
43	61	5.65685
45	61	8.94427
47	61	7.2111
49	61	5.65685
51	61	0
53	61	4
55	61	4
57	61	6
59	61	10.7703
61	61	17.2047
63	61	16.1245
65	61	14.4222
67	61	14.5602
69	61	15.2315
71	61	16.1245
73	61	17.2047
75	61	18.868
77	61	10.7703
79	61	2
81	61	2
83	61	2
85	61	22.8035
87	61	24.4131
89	61	34.9285
91	61	15.2315
93	61	12.6491
95	61	10.198
97	61	7.2111
99	61	6.32456
101	61	21.6333
103	61	20
105	61	18.4391
107	61	16.9706
109	61	15.6205
111	61	14.4222
113	61	13.4164
115	61	15.2315
117	61	17.088
119	61	4.47214
121	61	10
123	61	8.48528
125	61	7.2111
127	61	8
129	61	7.2111
131	61	8.48528
133	61	10.198
135	61	5.65685
15	63	0
17	63	16.1245
19	63	15.6205
21	63	14.5602
23	63	14.1421
25	63	8.94427
27	63	12.8062
29	63	13.4164
31	63	11.6619
33	63	10.7703
35	63	8.94427
37	63	7.2111
39	63	6.32456
41	63	6.32456
43	63	0
45	63	2.82843
47	63	6.32456
49	63	4.47214
51	63	2.82843
53	63	4.47214
55	63	4.47214
57	63	6.32456
59	63	8.24621
61	63	10.198
63	63	17.2047
65	63	16.1245
67	63	15.2315
69	63	17.088
71	63	17.8885
73	63	10.7703
75	63	8.94427
77	63	10.198
79	63	6.32456
81	63	6
83	63	6.32456
85	63	27.2029
87	63	25.6125
89	63	34
91	63	33.5261
93	63	10.7703
95	63	7.2111
97	63	5.65685
99	63	4.47214
101	63	22.8035
103	63	21.2603
105	63	19.799
107	63	18.4391
109	63	17.2047
111	63	16.1245
113	63	14.1421
115	63	11.6619
117	63	13.4164
119	63	2.82843
121	63	11.3137
123	63	11.6619
125	63	14.4222
127	63	6.32456
129	63	7.2111
131	63	7.2111
133	63	8.24621
135	63	8.94427
15	65	2
17	65	4.47214
19	65	8.24621
21	65	11.3137
23	65	10
25	65	8.48528
27	65	10
29	65	11.6619
31	65	13.4164
33	65	11.6619
35	65	8.24621
37	65	8.48528
39	65	7.2111
41	65	6
43	65	4
45	65	2
47	65	0
49	65	4.47214
51	65	2.82843
53	65	4.47214
55	65	6.32456
57	65	8.24621
59	65	10.7703
61	65	10.7703
63	65	12.6491
65	65	14.5602
67	65	0
69	65	15.2315
71	65	13.4164
73	65	11.6619
75	65	21.6333
77	65	8.94427
79	65	8.24621
81	65	6.32456
83	65	0
85	65	28.8444
87	65	30
89	65	28.4253
91	65	13.4164
93	65	8.24621
95	65	10.7703
97	65	4.47214
99	65	4
101	65	2
103	65	22.6274
105	65	21.2603
107	65	20
109	65	18.868
111	65	7.2111
113	65	8.94427
115	65	10.7703
117	65	0
119	65	14.1421
121	65	14.4222
123	65	11.6619
125	65	12.8062
127	65	7.2111
129	65	8.48528
131	65	7.2111
133	65	6.32456
135	65	7.2111
15	67	6.32456
17	67	10
19	67	10
21	67	4.47214
23	67	4
25	67	4
27	67	4.47214
29	67	10
31	67	0
33	67	0
35	67	0
37	67	0
39	67	0
41	67	0
43	67	0
45	67	0
47	67	0
49	67	0
51	67	0
53	67	0
55	67	0
57	67	0
59	67	0
61	67	0
63	67	0
65	67	0
67	67	0
69	67	0
71	67	0
73	67	0
75	67	0
77	67	0
79	67	0
81	67	0
83	67	0
85	67	0
87	67	0
89	67	0
91	67	6
93	67	6.32456
95	67	8.94427
97	67	10
99	67	7.2111
101	67	2
103	67	24.0832
105	67	22.8035
107	67	2.82843
109	67	4.47214
111	67	7.2111
113	67	8.24621
115	67	10.198
117	67	13.4164
119	67	17.2047
121	67	14.4222
123	67	11.6619
125	67	11.3137
127	67	12.8062
129	67	7.2111
131	67	8.94427
133	67	6.32456
135	67	6.32456
15	69	7.2111
17	69	4.47214
19	69	4
21	69	4
23	69	2
25	69	2
27	69	7.2111
29	69	7.2111
31	69	0
33	69	0
35	69	0
37	69	0
39	69	0
41	69	0
43	69	0
45	69	0
47	69	0
49	69	0
51	69	0
53	69	0
55	69	0
57	69	0
59	69	0
61	69	0
63	69	0
65	69	0
67	69	0
69	69	0
71	69	0
73	69	0
75	69	0
77	69	0
79	69	0
81	69	0
83	69	0
85	69	0
87	69	0
89	69	0
91	69	4
93	69	10
95	69	8.94427
97	69	5.65685
99	69	5.65685
101	69	7.2111
103	69	7.2111
105	69	2.82843
107	69	5.65685
109	69	4.47214
111	69	8.48528
113	69	39.4462
115	69	4.47214
117	69	20
119	69	17.2047
121	69	14.4222
123	69	11.6619
125	69	10
127	69	11.6619
129	69	16.4924
131	69	8.94427
133	69	4.47214
135	69	4.47214
15	71	4.47214
17	71	4.47214
19	71	6.32456
21	71	4.47214
23	71	0
25	71	4.47214
27	71	6.32456
29	71	6.32456
31	71	0
33	71	0
35	71	0
37	71	0
39	71	0
41	71	0
43	71	0
45	71	0
47	71	0
49	71	0
51	71	0
53	71	0
55	71	0
57	71	0
59	71	0
61	71	0
63	71	0
65	71	0
67	71	0
69	71	0
71	71	0
73	71	0
75	71	0
77	71	0
79	71	0
81	71	0
83	71	0
85	71	0
87	71	0
89	71	0
91	71	2
93	71	4.47214
95	71	10.7703
97	71	7.2111
99	71	6.32456
101	71	4.47214
103	71	11.6619
105	71	11.6619
107	71	8.94427
109	71	40
111	71	40
113	71	40
115	71	0
117	71	20
119	71	17.2047
121	71	13.4164
123	71	11.6619
125	71	8.94427
127	71	14.1421
129	71	8.94427
131	71	4.47214
133	71	4.47214
135	71	4
15	73	2
17	73	2
19	73	6.32456
21	73	6.32456
23	73	6.32456
25	73	4.47214
27	73	4
29	73	4.47214
31	73	0
33	73	0
35	73	0
37	73	0
39	73	0
41	73	0
43	73	0
45	73	0
47	73	0
49	73	0
51	73	0
53	73	0
55	73	0
57	73	0
59	73	0
61	73	0
63	73	0
65	73	0
67	73	0
69	73	0
71	73	0
73	73	0
75	73	0
77	73	0
79	73	0
81	73	0
83	73	0
85	73	0
87	73	0
89	73	0
91	73	4
93	73	4.47214
95	73	0
97	73	4.47214
99	73	12.8062
101	73	14.4222
103	73	16.1245
105	73	27.2029
107	73	40
109	73	40
111	73	40
113	73	4.47214
115	73	24.4131
117	73	21.6333
119	73	18.868
121	73	16.1245
123	73	13.4164
125	73	10.7703
127	73	8.94427
129	73	7.2111
131	73	8.94427
133	73	6.32456
135	73	4.47214
15	75	4.47214
17	75	0
19	75	5.65685
21	75	5.65685
23	75	4.47214
25	75	0
27	75	4.47214
29	75	5.65685
31	75	0
33	75	0
35	75	0
37	75	0
39	75	0
41	75	0
43	75	0
45	75	0
47	75	0
49	75	0
51	75	0
53	75	0
55	75	0
57	75	0
59	75	0
61	75	0
63	75	0
65	75	0
67	75	0
69	75	0
71	75	0
73	75	0
75	75	0
77	75	0
79	75	0
81	75	0
83	75	0
85	75	0
87	75	0
89	75	0
91	75	6
93	75	2.82843
95	75	2.82843
97	75	4.47214
99	75	11.6619
101	75	23.3238
103	75	24.4131
105	75	24.4131
107	75	40
109	75	40
111	75	39.4462
113	75	22.3607
115	75	22.3607
117	75	21.6333
119	75	16.1245
121	75	16.1245
123	75	13.4164
125	75	11.6619
127	75	10
129	75	8.48528
131	75	8.24621
133	75	10.198
135	75	7.2111
15	77	4
17	77	2.82843
19	77	4.47214
21	77	6.32456
23	77	4.47214
25	77	4.47214
27	77	2
29	77	0
31	77	5.65685
33	77	5.65685
35	77	5.65685
37	77	5.65685
39	77	5.65685
41	77	5.65685
43	77	4.47214
45	77	8
47	77	10
49	77	10
51	77	10
53	77	10
55	77	10
57	77	10
59	77	10
61	77	10
63	77	8
65	77	6
67	77	4
69	77	2
71	77	0
73	77	2.82843
75	77	4.47214
77	77	6.32456
79	77	8.24621
81	77	10.198
83	77	8.94427
85	77	10.7703
87	77	12.6491
89	77	17.2047
91	77	2
93	77	0
95	77	2.82843
97	77	6
99	77	6.32456
101	77	21.6333
103	77	21.6333
105	77	38.4187
107	77	40
109	77	40
111	77	19.6977
113	77	19.6977
115	77	20.5913
117	77	21.6333
119	77	22.8035
121	77	16.1245
123	77	14.4222
125	77	12.8062
127	77	11.3137
129	77	10
131	77	8.94427
133	77	10
135	77	8.94427
15	79	2
17	79	2
19	79	2
21	79	2
23	79	6.32456
25	79	4.47214
27	79	4.47214
29	79	4.47214
31	79	4.47214
33	79	4.47214
35	79	4.47214
37	79	4.47214
39	79	4.47214
41	79	4.47214
43	79	4.47214
45	79	4.47214
47	79	14.1421
49	79	14.1421
51	79	14.1421
53	79	14.1421
55	79	16.1245
57	79	14.1421
59	79	12.1655
61	79	10.198
63	79	10.198
65	79	0
67	79	6.32456
69	79	4.47214
71	79	2.82843
73	79	2.82843
75	79	4.47214
77	79	6.32456
79	79	4.47214
81	79	6.32456
83	79	10.7703
85	79	12.6491
87	79	14.5602
89	79	0
91	79	2.82843
93	79	2
95	79	4.47214
97	79	5.65685
99	79	7.2111
101	79	8.94427
103	79	20.5913
105	79	21.6333
107	79	20
109	79	24.4131
111	79	17.8885
113	79	17.8885
115	79	18.868
117	79	20
119	79	21.2603
121	79	22.6274
123	79	21.2603
125	79	14.1421
127	79	12.8062
129	79	11.6619
131	79	10.7703
133	79	8.94427
135	79	12.1655
15	81	2
17	81	0
19	81	4.47214
21	81	4
23	81	4.47214
25	81	4.47214
27	81	4.47214
29	81	5.65685
31	81	5.65685
33	81	5.65685
35	81	5.65685
37	81	4.47214
39	81	15.2315
41	81	15.2315
43	81	15.2315
45	81	15.2315
47	81	18.4391
49	81	18.4391
51	81	20.3961
53	81	20.3961
55	81	18.4391
57	81	16.4924
59	81	14.5602
61	81	12.6491
63	81	10.7703
65	81	8.94427
67	81	7.2111
69	81	5.65685
71	81	4.47214
73	81	4.47214
75	81	0
77	81	0
79	81	6.32456
81	81	8.24621
83	81	10.198
85	81	12.1655
87	81	2.82843
89	81	5.65685
91	81	16.1245
93	81	4.47214
95	81	6.32456
97	81	7.2111
99	81	8.48528
101	81	10
103	81	15.6205
105	81	25.0599
107	81	18.868
109	81	15.2315
111	81	15.2315
113	81	16.1245
115	81	17.2047
117	81	18.4391
119	81	19.799
121	81	18.4391
123	81	19.799
125	81	21.2603
127	81	22.8035
129	81	13.4164
131	81	10.7703
133	81	8.24621
135	81	10.198
15	83	2
17	83	4.47214
19	83	4.47214
21	83	4.47214
23	83	2.82843
25	83	7.2111
27	83	8.48528
29	83	10
31	83	14.4222
33	83	14.4222
35	83	13.4164
37	83	13.4164
39	83	7.2111
41	83	7.2111
43	83	13.4164
45	83	13.4164
47	83	13.4164
49	83	24.7386
51	83	22.8035
53	83	20.8806
55	83	18.9737
57	83	17.088
59	83	7.2111
61	83	13.4164
63	83	11.6619
65	83	10
67	83	8.48528
69	83	7.2111
71	83	6.32456
73	83	2.82843
75	83	2
77	83	4
79	83	6
81	83	8
83	83	10
85	83	0
87	83	13.4164
89	83	13.4164
91	83	14.4222
93	83	14.4222
95	83	6.32456
97	83	8.94427
99	83	10
101	83	11.3137
103	83	15.6205
105	83	26.8328
107	83	18.868
109	83	15.2315
111	83	13.4164
113	83	16.1245
115	83	15.6205
117	83	16.9706
119	83	18.868
121	83	17.2047
123	83	18.4391
125	83	20
127	83	20
129	83	21.6333
131	83	23.3238
133	83	8.24621
135	83	7.2111
15	85	12.8062
17	85	12.8062
19	85	4.47214
21	85	4.47214
23	85	2
25	85	4.47214
27	85	4.47214
29	85	4.47214
31	85	4.47214
33	85	11.3137
35	85	11.6619
37	85	11.3137
39	85	11.3137
41	85	7.2111
43	85	7.2111
45	85	10.7703
47	85	10
49	85	25.2982
51	85	23.4094
53	85	21.5407
55	85	19.6977
57	85	17.8885
59	85	16.1245
61	85	14.4222
63	85	12.8062
65	85	11.3137
67	85	10
69	85	4.47214
71	85	5.65685
73	85	4.47214
75	85	4
77	85	4.47214
79	85	6.32456
81	85	8.24621
83	85	14.4222
85	85	11.6619
87	85	10.7703
89	85	11.6619
91	85	11.6619
93	85	15.6205
95	85	8.24621
97	85	8.24621
99	85	10
101	85	12.8062
103	85	15.6205
105	85	17.2047
107	85	17.8885
109	85	10.7703
111	85	11.6619
113	85	12.8062
115	85	14.1421
117	85	12.8062
119	85	20
121	85	15.6205
123	85	15.6205
125	85	17.2047
127	85	17.2047
129	85	18.868
131	85	20.5913
133	85	15.6205
135	85	24.1661
15	87	11.3137
17	87	10
19	87	10
21	87	10
23	87	11.3137
25	87	4.47214
27	87	4.47214
29	87	10
31	87	7.2111
33	87	4.47214
35	87	4.47214
37	87	4
39	87	11.6619
41	87	12.8062
43	87	12.8062
45	87	7.2111
47	87	7.2111
49	87	10
51	87	24.1661
53	87	14.4222
55	87	20.5913
57	87	18.868
59	87	17.2047
61	87	14.4222
63	87	12.8062
65	87	7.2111
67	87	2.82843
69	87	8.48528
71	87	7.2111
73	87	6.32456
75	87	6
77	87	6.32456
79	87	11.3137
81	87	12.8062
83	87	8.94427
85	87	8.94427
87	87	10
89	87	11.3137
91	87	12.8062
93	87	14.4222
95	87	16.1245
97	87	8.24621
99	87	10
101	87	11.3137
103	87	12.8062
105	87	17.2047
107	87	8.24621
109	87	8.94427
111	87	10
113	87	11.3137
115	87	11.3137
117	87	22.8035
119	87	20
121	87	17.2047
123	87	15.6205
125	87	14.4222
127	87	14.4222
129	87	16.1245
131	87	17.8885
133	87	12.8062
135	87	21.5407
15	89	12.8062
17	89	11.6619
19	89	11.3137
21	89	10.198
23	89	10.7703
25	89	11.6619
27	89	11.6619
29	89	11.6619
31	89	10
33	89	0
35	89	8.48528
37	89	7.2111
39	89	7.2111
41	89	4.47214
43	89	2
45	89	14.4222
47	89	10
49	89	2.82843
51	89	0
53	89	23.3238
55	89	21.6333
57	89	18.868
59	89	17.2047
61	89	8.94427
63	89	7.2111
65	89	5.65685
67	89	4.47214
69	89	10
71	89	8.94427
73	89	8.24621
75	89	12.1655
77	89	8.24621
79	89	10.198
81	89	6.32456
83	89	7.2111
85	89	7.2111
87	89	8.48528
89	89	10
91	89	12.1655
93	89	13.4164
95	89	15.2315
97	89	10.198
99	89	10.198
101	89	7.2111
103	89	8.48528
105	89	6.32456
107	89	6.32456
109	89	7.2111
111	89	8.48528
113	89	11.6619
115	89	26.9072
117	89	24.0832
119	89	21.2603
121	89	18.4391
123	89	12.8062
125	89	11.6619
127	89	11.6619
129	89	13.4164
131	89	15.2315
133	89	10
135	89	18.9737
15	91	7.2111
17	91	7.2111
19	91	7.2111
21	91	12.1655
23	91	12.6491
25	91	13.4164
27	91	14.4222
29	91	14.4222
31	91	14.4222
33	91	12.8062
35	91	10
37	91	8.48528
39	91	8.48528
41	91	7.2111
43	91	7.2111
45	91	2.82843
47	91	0
49	91	13.4164
51	91	2.82843
53	91	5.65685
55	91	21.6333
57	91	17.2047
59	91	11.6619
61	91	10
63	91	8.48528
65	91	7.2111
67	91	11.3137
69	91	11.6619
71	91	14.1421
73	91	14.1421
75	91	14.1421
77	91	10.198
79	91	2
81	91	4.47214
83	91	4.47214
85	91	6.32456
87	91	7.2111
89	91	8.94427
91	91	14.1421
93	91	14
95	91	14.5602
97	91	22.3607
99	91	10.198
101	91	8.48528
103	91	7.2111
105	91	4.47214
107	91	4.47214
109	91	5.65685
111	91	7.2111
113	91	7.2111
115	91	28.2843
117	91	25.4558
119	91	22.6274
121	91	19.799
123	91	14.4222
125	91	14.1421
127	91	11.3137
129	91	10.7703
131	91	12.6491
133	91	7.2111
135	91	16.4924
15	93	4.47214
17	93	4.47214
19	93	4.47214
21	93	4.47214
23	93	4.47214
25	93	15.2315
27	93	16.1245
29	93	16.1245
31	93	16.1245
33	93	14.4222
35	93	14.4222
37	93	12.8062
39	93	11.3137
41	93	11.3137
43	93	8.48528
45	93	2
47	93	2
49	93	6.32456
51	93	17.8885
53	93	24.4131
55	93	2.82843
57	93	2
59	93	12.8062
61	93	11.3137
63	93	10
65	93	13.4164
67	93	17.088
69	93	16.4924
71	93	16.1245
73	93	16.1245
75	93	16.1245
77	93	2
79	93	0
81	93	2.82843
83	93	2.82843
85	93	4.47214
87	93	6.32456
89	93	8.24621
91	93	10.198
93	93	16
95	93	14.1421
97	93	16.1245
99	93	12.1655
101	93	4.47214
103	93	2.82843
105	93	2.82843
107	93	2.82843
109	93	4.47214
111	93	2.82843
113	93	4.47214
115	93	29.7321
117	93	26.9072
119	93	24.0832
121	93	21.2603
123	93	18.4391
125	93	15.6205
127	93	12.8062
129	93	10
131	93	8.24621
133.01	93.01	4.48555
135	93	12.1655
15	95	5.65685
17	95	4.47214
19	95	5.65685
21	95	7.2111
23	95	7.2111
25	95	7.2111
27	95	4.47214
29	95	4
31	95	18.868
33	95	18.868
35	95	16.1245
37	95	17.2047
39	95	12.8062
41	95	0
43	95	6
45	95	4
47	95	4
49	95	6
51	95	2
53	95	2
55	95	17.2047
57	95	0
59	95	2
61	95	0
63	95	19.6977
65	95	19.6977
67	95	18.9737
69	95	18.4391
71	95	18.1108
73	95	18.1108
75	95	18.1108
77	95	2.82843
79	95	2
81	95	4.47214
83	95	4
85	95	4.47214
87	95	6
89	95	8.94427
91	95	10
93	95	18
95	95	16.1245
97	95	14.5602
99	95	8.94427
101	95	4
103	95	2
105	95	0
107	95	2.82843
109	95	0
111	95	2
113	95	4
115	95	6
117	95	28.4253
119	95	25.6125
121	95	22.8035
123	95	20
125	95	17.2047
127	95	14.4222
129	95	11.6619
131	95	8.94427
133	95	8.24621
135	95	10
