1	121	74	120.277	72.7761	1.42171
1	121	74	121.709	71.1375	2.94888
1	121	74	121.593	75.182	1.32245
1	121	74	115.539	80.2698	8.31437
1	121	74	124.254	74.2113	3.26053
1	121	74	118.355	75.3843	2.98531
1	121	74	126.354	77.2701	6.27335
1	121	74	121.502	78.0772	4.10808
1	121	74	95.8119	97.4373	34.4056
1	121	74	120.494	71.415	2.63412
1	121	74	116.458	75.6024	4.81658
1	121	74	117.919	74.5663	3.13258
1	121	74	97.487	97.4376	33.1992
1	121	74	107.211	97.3463	27.1142
1	121	74	121.348	75.2499	1.29736
1	121	74	105.74	90.4486	22.4374
1	121	74	120.551	72.8047	1.27693
1	121	74	124.808	74.0345	3.80864
1	121	74	122.721	72.6386	2.19467
1	121	74	123.161	75.7739	2.79543
1	121	74	110.415	66.6125	12.9084
1	121	74	102.798	87.8582	22.8774
1	121	74	136.085	85.7084	19.0956
1	121	74	137.205	85.1653	19.6788
1	121	74	109.747	97.1208	25.7138
1	121	74	118.973	75.9065	2.78262
1	121	74	107.94	95.4428	25.1068
1	121	74	86.2616	53.6953	40.2373
1	121	74	105.081	94.0744	25.6202
1	121	74	118.81	78.1912	4.72877
1	121	74	98.5393	72.1272	22.5387
1	121	74	125.025	74.2315	4.0313
1	121	74	108.338	97.1982	26.4287
1	121	74	122.47	73.3744	1.59798
1	121	74	121.225	77.5286	3.5358
1	121	74	125.548	73.3507	4.59394
1	121	74	107.143	94.9537	25.121
1	121	74	122.442	73.9136	1.44411
1	121	74	121.261	76.0379	2.05451
1	121	74	119.433	73.3533	1.69507
1	121	74	109.813	95.7542	24.4622
1	121	74	120.409	75.7066	1.80609
1	121	74	104.872	90.7585	23.2583
1	121	74	101.193	97.4384	30.6865
1	121	74	121.089	74.2551	0.270129
1	121	74	122.289	73.7311	1.31687
1	121	74	132.511	85.586	16.3323
1	121	74	119.142	75.2516	2.24059
1	121	74	108.487	89.611	20.0068
1	121	74	118.594	74.2491	2.41882
1	121	74	122.862	74.1171	1.86591
1	121	74	118.587	74.1743	2.41937
1	121	74	119.186	77.1371	3.62361
1	121	74	106.549	93.2019	24.0321
1	121	74	109.504	97.4224	26.0916
1	121	74	135.166	79.3871	15.1559
1	121	74	109.486	97.4843	26.155
1	121	74	119.85	76.2866	2.55974
1	121	74	110.885	97.4005	25.4931
1	121	74	138.647	86.9748	21.9035
1	121	74	131.256	81.6566	12.7988
1	121	74	124.835	73.9458	3.8355
1	121	74	109.732	95.855	24.5889
1	121	74	130.895	78.5063	10.8733
1	121	74	111.413	95.0865	23.1634
1	121	74	122.208	72.0202	2.31931
1	121	74	111.251	97.3431	25.2972
1	121	74	105.198	97.4392	28.2682
1	121	74	105.488	61.7407	19.7718
1	121	74	122.144	74.201	1.16172
1	121	74	106.376	95.3201	25.8536
1	121	74	119.791	73.5247	1.29948
1	121	74	140.924	86.8164	23.6899
1	121	74	108.004	91.6984	21.9575
1	121	74	106.468	94.0031	24.7243
1	121	74	118.343	73.7637	2.66729
1	121	74	136.977	85.8348	19.8825
1	121	74	107.781	90.2912	20.9796
1	121	74	109.165	69.5695	12.6367
1	121	74	120.01	78.7669	4.86863
1	121	74	135.02	83.2488	16.7958
1	121	74	104.903	91.1979	23.5557
1	121	74	121.52	75.185	1.29398
1	121	74	118.576	80.9873	7.39583
1	121	74	119.35	76.8029	3.25258
1	121	74	122.03	74.415	1.11056
1	121	74	105.764	87.8669	20.6015
1	121	74	121.917	75.4801	1.74093
1	121	74	119.715	76.8234	3.10196
1	121	74	108.641	90.1632	20.3467
1	121	74	118.429	77.2412	4.13722
1	121	74	124.689	72.7501	3.89468
1	121	74	126.509	65.5894	10.0539
1	121	74	120.331	79.0772	5.12102
1	121	74	120.683	71.9087	2.11515
1	121	74	109.43	97.3248	26.0366
1	121	74	119.287	73.1092	1.93112
1	121	74	101.567	97.4385	30.4469
1	121	74	58.7757	45.6057	68.3966
1	121	74	122.227	74.3531	1.27712
1	121	74	121.973	79.7198	5.80188
1	121	74	118.238	76.1282	3.48671
1	121	74	119.275	74.7729	1.88997
1	121	74	107.618	68.5567	14.4464
1	121	74	120.273	78.2092	4.27153
1	121	74	138.558	85.0277	20.7341
1	121	74	118.675	77.54	4.23525
1	121	74	104.271	92.7589	25.135
1	121	74	120.21	78.681	4.74725
1	121	74	121.506	72.4447	1.63548
1	121	74	123.972	76.0682	3.62041
1	121	74	123.019	73.5067	2.07817
1	121	74	110.991	93.9094	22.2838
1	121	74	108.091	94.7176	24.4105
1	121	74	111.189	96.7537	24.7788
1	121	74	122.444	77.9099	4.16808
1	121	74	107.045	91.0788	22.0554
1	121	74	140.268	81.6221	20.7204
1	121	74	121.244	75.0773	1.10453
1	121	74	106.264	93.6763	24.5826
1	121	74	120.242	72.3453	1.81989
1	121	74	123.135	75.3259	2.51296
1	121	74	105.851	85.2757	18.8845
1	121	74	122.068	78.938	5.05224
1	121	74	117.752	75.2273	3.47241
1	121	74	102.152	79.3044	19.5798
1	121	74	94.1997	64.4802	28.4409
1	121	74	120.982	74.8635	0.863726
1	121	74	100.67	82.7797	22.145
1	121	74	120.166	74.2564	0.872463
1	121	74	109.568	96.0516	24.8387
1	121	74	117.559	77.0413	4.59231
1	121	74	119.708	74.508	1.3885
1	121	74	118.423	74.3264	2.59739
1	121	74	122.794	76.2364	2.86682
1	121	74	122.58	77.4795	3.82152
1	121	74	107.246	94.5056	24.6912
1	121	74	121.142	73.8998	0.174035
1	121	74	121.937	74.7822	1.22082
1	121	74	126.927	75.6705	6.15838
1	121	74	98.2624	97.4378	32.6547
1	121	74	107.906	97.2423	26.6771
1	121	74	104.585	93.3851	25.4017
1	121	74	107.165	96.1972	26.1559
1	121	74	142.292	86.2541	24.5667
1	121	74	122.615	76.0223	2.58779
1	121	74	137.906	82.5727	18.9557
1	121	74	123.007	75.4731	2.48933
1	121	74	129.273	65.568	11.8124
1	121	74	106.488	69.0201	15.3431
1	121	74	121.124	79.2103	5.21181
1	121	74	104.862	91.0571	23.4812
1	121	74	113.678	86.898	14.8312
1	121	74	122.258	77.5005	3.71957
1	121	74	120.055	76.3768	2.55759
1	121	74	121.642	76.5353	2.61537
1	121	74	123.171	76.1269	3.03901
1	121	74	120.724	74.1114	0.297299
1	121	74	119.365	76.3927	2.89822
1	121	74	120.23	74.7355	1.06467
1	121	74	121.652	76.1089	2.20739
1	121	74	121.961	75.8811	2.11261
1	121	74	122.221	79.2266	5.36719
1	121	74	129.219	65.1188	12.1007
1	121	74	120.422	71.6479	2.42208
1	121	74	95.9866	97.4373	34.278
1	121	74	107.703	97.4889	26.9914
1	121	74	109.579	97.3372	25.982
1	121	74	122.069	76.1169	2.37143
1	121	74	121.607	75.9765	2.06764
1	121	74	107.24	94.3656	24.5784
1	121	74	105.306	91.5516	23.5446
1	121	74	122.772	73.445	1.85686
1	121	74	122.244	70.8437	3.39277
1	121	74	105.134	90.918	23.194
1	121	74	119.691	74.2207	1.32796
1	121	74	107.797	95.2011	24.9761
1	121	74	120.858	74.6224	0.638402
1	121	74	125.065	74.5453	4.10129
1	121	74	124.551	74.3966	3.57326
1	121	74	120.477	76.2309	2.29131
1	121	74	122.072	78.8841	5.00027
1	121	74	118.459	74.2269	2.55153
1	121	74	98.8463	97.4379	32.2509
1	121	74	127.893	80.036	9.16228
1	121	74	136.261	86.5112	19.7338
1	121	74	121.337	74.0014	0.337216
1	121	74	104.17	87.1323	21.3471
1	121	74	120.472	75.7001	1.78019
1	121	74	122.835	76.688	3.25476
1	121	74	120.557	77.7738	3.79966
1	121	74	108.463	96.1905	25.487
1	121	74	122.076	72.0143	2.25849
1	121	74	103.675	88.2106	22.4075
1	121	74	119.492	76.0273	2.52638
1	121	74	119.491	73.9011	1.51274
1	121	74	104.977	94.4501	25.9799
1	121	74	139.583	86.2232	22.2426
1	121	74	107.33	97.2641	26.983
1	121	74	111.676	95.0911	23.0602
1	121	74	119.74	77.98	4.17464
1	121	74	108.136	96.945	26.3049
1	121	74	139.439	85.4953	21.7287
1	121	74	120.114	77.0555	3.18131
1	121	74	111.604	97.3599	25.1789
1	121	74	121.441	72.5831	1.48393
1	121	74	106.556	97.3517	27.4578
1	121	74	120.187	77.9755	4.05784
1	121	74	117.536	76.4904	4.26618
1	121	74	121.581	78.2392	4.27887
1	121	74	110.685	96.4009	24.6615
1	121	74	113.212	74.8609	7.83543
1	121	74	97.7912	62.8817	25.7345
1	121	74	124.415	75.2678	3.64229
1	121	74	105.007	61.0385	20.5861
1	121	74	138.719	85.1158	20.9174
1	121	74	93.4466	59.8388	30.9795
1	121	74	106.517	94.9929	25.5039
1	121	74	119.196	77.926	4.32049
1	121	74	118.963	74.5436	2.10803
1	121	74	119.854	74.5075	1.25341
1	121	74	119.398	75.9607	2.53199
1	121	74	121.759	75.9818	2.12228
1	121	74	122.34	76.6512	2.97073
1	121	74	110.422	97.3428	25.6277
1	121	74	114.442	91.2168	18.4236
1	121	74	119.148	74.5201	1.92355
1	121	74	125.064	75.093	4.20873
1	121	74	118.298	76.1712	3.4664
1	121	74	125.175	75.1423	4.32868
1	121	74	122.05	74.2646	1.08242
1	121	74	127.815	74.939	6.87981
1	121	74	105.704	61.4627	19.7772
1	121	74	123.495	73.5764	2.53119
1	121	74	118.802	77.9958	4.56052
1	121	74	98.4261	80.4611	23.4804
1	121	74	122.532	75.9712	2.49627
1	121	74	120.024	75.1227	1.48762
1	121	74	142.294	83.8827	23.4757
1	121	74	120.123	71.1757	2.95744
1	121	74	125.006	74.1974	4.01102
1	121	74	121.424	77.388	3.41439
1	121	74	107.058	93.4913	23.9644
1	121	74	113.781	84.4411	12.6935
1	121	74	119.38	78.6655	4.93875
1	121	74	122.025	72.3966	1.903
1	121	74	123.036	76.0518	2.8903
1	121	74	122.556	72.0694	2.47936
1	121	74	125.792	74.6866	4.84083
1	121	74	120.622	79.2361	5.24975
1	121	74	121.888	74.97	1.31524
1	121	74	120.103	75.4097	1.67094
1	121	74	123.32	78.0573	4.67381
1	121	74	121.089	78.0264	4.02741
1	121	74	128.274	65.2755	11.3593
1	121	74	107.88	92.4148	22.6106
1	121	74	122.596	80.9883	7.16829
1	121	74	108.424	94.8989	24.3912
1	121	74	118.704	73.3823	2.37752
1	121	74	123.838	76.3225	3.66719
1	121	74	124.182	78.7425	5.71126
1	121	74	118.93	74.3757	2.10348
1	121	74	113.265	97.4409	24.684
1	121	74	121.599	74.3404	0.689154
1	121	74	123.364	72.6099	2.74259
1	121	74	125	76.1291	4.53092
1	121	74	120.989	72.3625	1.63753
1	121	74	123.454	75.3707	2.81112
1	121	74	108.81	92.6667	22.2945
1	121	74	120.835	76.2337	2.23979
1	121	74	106.615	97.4485	27.5093
1	121	74	110.682	97.2251	25.414
1	121	74	118.828	73.3723	2.26053
1	121	74	119.564	72.881	1.82051
1	121	74	101.469	84.2057	22.0371
1	121	74	138.15	85.957	20.907
1	121	74	120.208	75.3793	1.59039
1	121	74	108.808	97.2911	26.2893
1	121	74	121.517	74.4925	0.714229
1	121	74	90.7172	57.7501	34.3672
1	121	74	119.949	75.2506	1.63331
1	121	74	124.467	75.1183	3.64336
1	121	74	125	73.532	4.02752
1	121	74	127.306	77.5072	7.21588
1	121	74	122.512	73.415	1.62169
1	121	74	117.724	72.2953	3.69306
1	121	74	118.748	77.9735	4.56747
1	121	74	121.66	74.5865	0.882948
1	121	74	130.698	66.5822	12.2094
1	121	74	121.636	75.2294	1.38439
1	121	74	112.821	68.0591	10.1093
1	121	74	124.901	74.2842	3.91147
1	121	74	121.798	76.056	2.20551
1	121	74	142.003	85.4831	23.9369
1	121	74	141.004	86.8062	23.7523
1	121	74	122.877	79.4323	5.74756
1	121	74	107.559	93.0609	23.3232
1	121	74	94.5554	56.4024	31.7646
1	121	74	120.968	75.3526	1.35296
1	121	74	119.696	74.7604	1.50954
1	121	74	138.308	87.6874	22.0661
1	121	74	141.994	84.4975	23.4726
1	121	74	107.523	92.4497	22.8478
1	121	74	120.372	76.9369	3.00336
1	121	74	118.348	74.0961	2.65388
1	121	74	121.657	77.6864	3.74453
1	121	74	107.27	95.1187	25.1894
1	121	74	121.573	73.2111	0.974815
1	121	74	107.255	94.356	24.5619
1	121	74	124.935	73.4875	3.96786
1	121	74	118.101	76.4363	3.78668
1	121	74	115.732	75.22	5.40791
1	121	74	127.905	81.415	10.132
1	121	74	133.828	83.7149	16.0917
1	121	74	110.225	69.1761	11.8054
1	121	74	122.658	77.8722	4.21228
1	121	74	111.512	95.6589	23.646
1	121	74	137.054	80.9826	17.5069
1	121	74	104.088	91.7053	24.4842
1	121	74	126.401	75.6969	5.66117
1	121	74	121.29	72.6726	1.3587
1	121	74	109.021	97.3252	26.2216
1	121	74	125.953	73.6418	4.96629
1	121	74	119.632	77.1796	3.46154
1	121	74	121.193	77.648	3.65314
1	121	74	120.067	74.5655	1.09081
1	121	74	140.427	86.7392	23.2311
1	121	74	103.68	92.15	25.088
1	121	74	89.0458	65.5586	33.0504
1	121	74	122.323	75.587	2.0662
1	121	74	116.934	75.0958	4.21125
1	121	74	119.287	73.9586	1.71356
1	121	74	123.008	73.6534	2.0376
1	121	74	130.322	81.5452	11.993
1	121	74	120.945	77.8805	3.88093
1	121	74	123.419	73.6667	2.44177
1	121	74	121.205	77.6064	3.61226
1	121	74	134.054	85.2179	17.212
1	121	74	123.766	72.1166	3.34617
1	121	74	107.092	97.3387	27.1683
1	121	74	111.694	87.0353	16.0165
1	121	74	121.889	72.9307	1.39088
1	121	74	124.046	73.0156	3.2012
1	121	74	118.915	72.6826	2.46606
1	121	74	107.039	68.9878	14.8334
1	121	74	126.585	74.2927	5.59249
1	121	74	119.19	75.7557	2.52148
1	121	74	122.084	77.3972	3.56602
1	121	74	123.329	74.3364	2.35274
1	121	74	109.861	97.3886	25.9056
1	121	74	120.797	75.3723	1.38714
1	121	74	141.726	86.7556	24.3366
1	121	74	120.246	73.1691	1.12219
1	121	74	123.361	72.9745	2.57435
1	121	74	123.455	78.7539	5.35045
1	121	74	98.7307	97.4379	32.3304
1	121	74	104.899	93.6095	25.3729
1	121	74	117.441	81.4953	8.29742
1	121	74	117.003	87.6162	14.1907
1	121	74	111.26	97.4853	25.4251
1	121	74	121.828	74.3497	0.898627
1	121	74	138.18	81.7309	18.8391
1	121	74	103.252	89.2937	23.428
1	121	74	110.786	97.3223	25.4607
1	121	74	107.649	95.1584	25.0187
1	121	74	123.183	73.2537	2.30736
1	121	74	103.68	91.9197	24.922
1	121	74	106.336	90.5281	22.0957
1	121	74	109.569	97.415	26.0561
1	121	74	122.766	73.5206	1.82964
1	121	74	119.311	76.2472	2.8114
1	121	74	120.894	73.3778	0.631067
1	121	74	119.604	77.3259	3.60683
1	121	74	121.409	75.8931	1.93674
1	121	74	121.467	75.7677	1.82824
1	121	74	123.557	76.7912	3.7852
1	121	74	114.733	74.9925	6.34515
1	121	74	121.76	76.8154	2.91611
1	121	74	123.22	73.7425	2.23477
1	121	74	110.093	95.486	24.0959
1	121	74	120.908	74.8228	0.827962
1	121	74	110.817	97.3491	25.4732
1	121	74	123.785	75.1025	2.99493
1	121	74	124.678	75.5043	3.97407
1	121	74	108.361	67.9682	14.0049
1	121	74	93.8139	92.0034	32.6068
1	121	74	106.377	91.9347	23.1404
1	121	74	122.81	73.6399	1.84568
1	121	74	123.724	74.9051	2.87003
1	121	74	119.143	78.1827	4.57632
1	121	74	122.322	78.8212	4.99913
1	121	74	109.567	97.4844	26.1196
1	121	74	104.21	84.2349	19.664
1	121	74	119.231	73.2191	1.93359
1	121	74	125.801	75.1314	4.93204
1	121	74	120.953	72.4162	1.58449
1	121	74	120.786	69.6392	4.36607
1	121	74	122.453	75.6728	2.21553
1	121	74	123.595	72.9753	2.79017
1	121	74	127.972	75.6051	7.15411
1	121	74	119.366	76.2439	2.77576
1	121	74	118.162	77.8175	4.75657
1	121	74	118.111	75.8639	3.43817
1	121	74	123.917	78.3452	5.23381
1	121	74	119.427	78.744	4.99791
1	121	74	122.723	75.2674	2.13917
1	121	74	105.537	89.4495	21.8585
1	121	74	122.728	71.7526	2.83492
1	121	74	110.286	91.1296	20.2043
1	121	74	121.271	72.7841	1.24578
1	121	74	117.032	76.6118	4.75002
1	121	74	115.868	83.0791	10.4292
1	121	74	119.826	74.0303	1.17432
1	121	74	125.333	73.7038	4.34319
1	121	74	122.884	73.1632	2.0617
1	121	74	121.961	75.2236	1.55611
1	121	74	122.738	75.8241	2.51928
1	121	74	120.67	73.0555	1.00052
1	121	74	120.532	77.5421	3.57296
1	121	74	121.323	76.4915	2.51232
1	121	74	88.5156	54.1996	38.0433
1	121	74	107.597	91.2712	21.8617
1	121	74	105.317	92.3553	24.143
1	121	74	109.855	70.5161	11.6768
1	121	74	123.418	75.3307	2.75997
1	121	74	128.951	80.2704	10.1262
1	121	74	110.843	97.485	25.5874
1	121	74	108.392	97.3298	26.5184
1	121	74	120.154	71.7044	2.44651
1	121	74	127.641	66.8634	9.74822
1	121	74	124.241	78.098	5.2246
1	121	74	121.474	75.9957	2.05116
1	121	74	120.08	77.328	3.45287
1	121	74	122.358	72.2202	2.2386
1	121	74	119	73.3317	2.10861
1	121	74	118.104	74.5179	2.94232
1	121	74	85.0893	54.6935	40.7715
1	121	74	108.125	92.013	22.1412
1	121	74	120.447	72.9438	1.19197
1	121	74	122.161	74.1378	1.16918
1	121	74	118.168	75.942	3.43388
1	121	74	105.475	90.4005	22.5834
1	121	74	126.126	78.5888	6.87956
1	121	74	120.071	77.9922	4.09887
1	121	74	87.1453	51.0538	40.8982
1	121	74	107.669	94.6548	24.5834
1	121	74	107.629	95.2487	25.1053
1	121	74	139.135	87.9495	22.8795
1	121	74	106.288	93.8285	24.6904
1	121	74	107.924	97.4834	26.8785
1	121	74	118.015	75.4991	3.34062
1	121	74	102.693	97.4387	29.741
1	121	74	121.313	73.8718	0.338105
1	121	74	121.284	74.9844	1.02468
1	121	74	124.289	73.2644	3.37064
1	121	74	106.991	96.7489	26.7164
1	121	74	124.746	74.645	3.80103
1	121	74	75.0731	55.2272	49.6155
1	121	74	120.169	76.0076	2.17266
1	121	74	118.853	76.2278	3.09394
1	121	74	123.867	77.2731	4.35115
1	121	74	119.068	77.6107	4.09503
1	121	74	119.979	76.2868	2.50426
1	121	74	107.096	96.895	26.7864
1	121	74	106.898	97.4472	27.3611
1	121	74	138.926	87.1252	22.2176
1	121	74	118.024	77.0086	4.23147
1	121	74	123.827	71.6758	3.66011
1	121	74	118.476	76.2827	3.40337
1	121	74	137.055	86.4365	20.3087
1	121	74	120.773	71.9101	2.10218
1	121	74	112.472	85.7301	14.5027
1	121	74	118.497	76.9386	3.8604
1	121	74	107.648	97.2344	26.7978
1	121	74	123.375	73.315	2.472
1	121	74	101.638	85.5434	22.542
1	121	74	122.286	78.8664	5.03357
1	121	74	119.587	77.5949	3.86266
1	121	74	90.405	63.3177	32.4062
1	121	74	121.495	72.3533	1.71936
1	121	74	121.454	77.7524	3.77987
1	121	74	107.745	90.9815	21.5424
1	121	74	120.561	76.2258	2.26869
1	121	74	105.459	93.5712	24.991
1	121	74	124.226	71.8875	3.85637
1	121	74	109.719	97.291	25.8791
1	121	74	124.385	74.1127	3.38689
1	121	74	111.108	97.4095	25.4136
1	121	74	112.929	68.5612	9.73289
1	121	74	118.665	73.4966	2.38865
1	121	74	120.58	72.5386	1.52055
1	121	74	101.91	97.4385	30.2292
1	121	74	119.223	72.8521	2.11582
1	121	74	121.936	73.2557	1.19576
1	121	74	142.058	83.7182	23.1922
1	121	74	112.835	97.3551	24.7413
1	121	74	141.659	85.025	23.4171
1	121	74	121.032	75.8802	1.88046
1	121	74	109.192	95.522	24.5483
1	121	74	106.15	93.6201	24.6064
1	121	74	119.071	74.6314	2.02925
1	121	74	122.885	75.5828	2.46105
1	121	74	105.286	95.0671	26.282
1	121	74	112.115	93.3062	21.2526
1	121	74	119.487	72.3946	2.20619
1	121	74	118.732	78.7652	5.2774
1	121	74	107.055	95.4025	25.5446
1	121	74	120.725	74.562	0.625508
1	121	74	105.686	93.7003	24.9525
1	121	74	101.664	97.4385	30.3847
1	121	74	121.781	74.2043	0.807685
1	121	74	138.476	85.4717	20.9049
1	121	74	119.966	73.3621	1.21506
1	121	74	119.863	76.7415	2.96803
1	121	74	137.688	84.7727	19.8631
1	121	74	111.077	96.1032	24.2286
1	121	74	121.822	74.6564	1.05204
1	121	74	117.858	75.132	3.34003
1	121	74	106.982	97.1256	27.0426
1	121	74	122.646	73.9745	1.64627
1	121	74	118.058	84.174	10.5909
1	121	74	119.851	74.5808	1.28725
1	121	74	118.641	75.8412	2.99229
1	121	74	111.711	97.4256	25.2003
1	121	74	120.438	75.2292	1.3517
1	121	74	122.231	79.3875	5.52646
1	121	74	107.52	95.8594	25.6817
1	121	74	125.824	76.3533	5.36732
1	121	74	120.49	71.3975	2.65192
1	121	74	121.107	75.0958	1.10106
1	121	74	119.62	74.2501	1.40269
1	121	74	118.902	73.2842	2.21704
1	121	74	107.777	95.0243	24.8371
1	121	74	120.175	73.357	1.04569
1	121	74	121.136	71.5871	2.41673
1	121	74	125.285	74.8174	4.36256
1	121	74	113.56	68.5571	9.21867
1	121	74	122.492	72.834	1.89366
1	121	74	142.076	86.3597	24.4327
1	121	74	103.095	91.0738	24.7407
1	121	74	121.473	74.7617	0.896862
1	121	74	102.508	84.0672	21.0549
1	121	74	110.918	69.1929	11.1694
1	121	74	97.0327	97.4375	33.5224
1	121	74	109.603	95.3621	24.2121
1	121	74	92.9363	59.0649	31.7904
1	121	74	105.718	86.0411	19.4559
1	121	74	123.466	75.5749	2.92575
1	121	74	109.961	95.5489	24.2119
1	121	74	96.512	97.4374	33.8965
1	121	74	115.24	75.5517	5.96569
1	121	74	119.796	76.907	3.14642
1	121	74	120.827	73.2122	0.806433
1	121	74	125.909	80.5883	8.21628
1	121	74	140.397	87.3783	23.5635
1	121	74	106.438	94.7975	25.3888
1	121	74	118.966	73.7702	2.04661
1	121	74	113.13	92.2934	19.9144
1	121	74	120.884	74.064	0.132787
1	121	74	124.566	73.4785	3.6043
1	121	74	130.556	81.029	11.8626
1	121	74	137.698	85.8518	20.4768
1	121	74	106.153	90.6653	22.3197
1	121	74	121.096	73.5737	0.436967
1	121	74	123.442	75.8201	3.04605
1	121	74	110.467	97.323	25.591
1	121	74	121.928	74.0914	0.932971
1	121	74	106.616	93.0733	23.8893
1	121	74	105.339	97.4393	28.19
1	121	74	116.853	77.5485	5.45825
1	121	74	123.498	75.2738	2.8038
1	121	74	110.541	95.3768	23.7982
1	121	74	119.154	74.9808	2.09069
1	121	74	108.291	68.5891	13.813
1	121	74	119.391	74.6727	1.74394
1	121	74	121.315	73.2667	0.798285
1	121	74	110.193	96.2271	24.715
1	121	74	121.304	74.8881	0.938693
1	121	74	125.308	74.0724	4.30835
1	121	74	119.915	72.4257	1.91178
1	121	74	121.711	78.3995	4.45661
1	121	74	110.439	96.9669	25.2786
1	121	74	142.076	86.4653	24.4865
1	121	74	100.16	97.4382	31.3632
1	121	74	117.399	77.087	4.74293
1	121	74	120.185	75.8391	2.01166
1	121	74	121.895	74.8466	1.23208
1	121	74	121.689	76.8433	2.9257
1	121	74	98.7987	97.4379	32.2837
1	121	74	124.712	76.0316	4.23194
1	121	74	118.331	78.3784	5.12769
1	121	74	125.283	74.885	4.37319
1	121	74	122.664	73.2493	1.82504
1	121	74	118.92	73.1307	2.25454
1	121	74	112.472	86.2443	14.9213
1	121	74	135.107	84.1532	17.3811
1	121	74	119.902	75.24	1.65645
1	121	74	121.728	74.1692	0.747142
1	121	74	121.006	75.1529	1.15293
1	121	74	94.8916	97.4371	35.0848
1	121	74	103.442	91.4796	24.7751
1	121	74	123.369	74.5533	2.43244
1	121	74	123.637	75.9098	3.25562
1	121	74	123.465	72.5537	2.85808
1	121	74	119.02	78.3469	4.77676
1	121	74	121.714	74.6748	0.982637
1	121	74	123.226	73.556	2.27008
1	121	74	128.193	65.8252	10.8887
1	121	74	138.269	85.3574	20.6693
1	121	74	105.381	97.4393	28.1664
1	121	74	123.03	73.415	2.11277
1	121	74	119.936	76.8192	3.01331
1	121	74	101.467	86.4202	23.1469
1	121	74	102.413	87.7972	23.1479
1	121	74	122.068	74.9907	1.45679
1	121	74	106.241	95.7027	26.2454
1	121	74	106.413	94.8704	25.463
1	121	74	122.094	74.0115	1.09407
1	121	74	121.791	73.2585	1.08422
1	121	74	120.729	76.5356	2.55005
1	121	74	104.393	88.5584	22.0846
1	121	74	121.036	74.7978	0.798615
1	121	74	99.0511	97.438	32.1106
1	121	74	113.592	67.4232	9.90631
1	121	74	103.277	84.3935	20.5455
1	121	74	123.852	74.8322	2.97086
1	121	74	124.702	76.592	4.519
1	121	74	107.099	93.8908	24.2667
1	121	74	106.299	90.9126	22.409
1	121	74	110.254	95.4587	23.9992
1	121	74	110.615	97.4769	25.6712
1	121	74	100.494	97.4383	31.1421
1	121	74	108.415	92.5342	22.403
1	121	74	95.8166	97.4373	34.4022
1	121	74	106.582	97.4793	27.5528
1	121	74	142.081	83.0802	22.9531
1	121	74	118.091	75.1044	3.11122
1	121	74	118.787	74.9941	2.42579
1	121	74	120.899	74.1598	0.188861
1	121	74	124.206	76.0604	3.81115
1	121	74	118.491	73.5837	2.54325
1	121	74	89.2214	65.7314	32.8367
1	121	74	111.083	97.3574	25.3755
1	121	74	105.838	91.8027	23.3842
1	121	74	120.108	76.2529	2.42297
1	121	74	100.241	97.4382	31.3096
1	121	74	107.013	93.3644	23.8877
1	121	74	118.652	73.954	2.34856
1	121	74	116.372	77.9923	6.11219
1	121	74	108.259	97.4181	26.6596
1	121	74	114.584	72.1604	6.67494
1	121	74	130.377	80.7563	11.5578
1	121	74	121.551	78.0907	4.12759
1	121	74	138.27	83.9734	19.9434
1	121	74	124.572	75.9183	4.05459
1	121	74	117.825	77.5824	4.78694
1	121	74	133.363	77.8853	12.9592
1	121	74	121.241	74.468	0.526386
1	121	74	104.001	65.4521	19.0271
1	121	74	142.193	86.1434	24.4257
1	121	74	109.166	95.1938	24.2737
1	121	74	116.52	82.5632	9.66433
1	121	74	122.632	77.9681	4.29048
1	121	74	119.952	74.6662	1.24196
1	121	74	107.771	94.9933	24.814
1	121	74	119.681	76.2003	2.56523
1	121	74	111.414	97.4854	25.3665
1	121	74	105.787	92.1829	23.7073
1	121	74	131.787	78.5658	11.7132
1	121	74	121.466	72.5306	1.54147
1	121	74	118.884	77.6428	4.21278
1	121	74	86.2807	55.2492	39.4592
1	121	74	123.048	73.4788	2.11346
1	121	74	125.018	75.1505	4.179
1	121	74	121.174	74.994	1.00917
1	121	74	122.543	77.2704	3.61596
1	121	74	140.629	87.0264	23.5578
1	121	74	124.671	76.296	4.32973
1	121	74	121.383	77.0445	3.06846
1	121	74	112.024	97.3964	25.0592
1	121	74	126.166	74.4112	5.18218
1	121	74	107.87	90.9799	21.4641
1	121	74	124.511	75.3931	3.77714
1	121	74	88.7485	56.9473	36.4822
1	121	74	106.682	93.9938	24.5919
1	121	74	119.041	72.8392	2.27724
1	121	74	108.988	91.9325	21.5839
1	121	74	118.64	77.9558	4.60639
1	121	74	121.706	76.0516	2.1697
1	121	74	125.048	73.38	4.09475
1	121	74	126.311	73.4578	5.33897
1	121	74	112.95	93.7281	21.3074
1	121	74	105.885	92.0361	23.5323
1	121	74	118.616	74.7155	2.48885
1	121	74	96.2067	97.4374	34.1177
1	121	74	106.199	94.0336	24.908
1	121	74	121.026	74.1273	0.129983
1	121	74	103.849	94.1233	26.4408
1	121	74	106.544	97.2591	27.3854
1	121	74	123.629	76.3078	3.49802
1	121	74	122.775	75.6319	2.41121
1	121	74	129.337	66.2705	11.3691
1	121	74	128.606	78.265	8.72038
1	121	74	108.945	94.9785	24.1954
1	121	74	121.947	78.9292	5.01933
1	121	74	102.554	97.4387	29.8265
1	121	74	92.5173	58.5593	32.3988
1	121	74	107.283	91.6545	22.3572
1	121	74	106.162	96.5563	26.9992
1	121	74	124.026	74.4482	3.05944
1	121	74	125.582	74.2598	4.58956
1	121	74	100.551	97.4383	31.1051
1	121	74	121.515	72.9279	1.18923
1	121	74	126.183	80.3326	8.18324
1	121	74	119.523	74.3023	1.50746
1	121	74	125.127	72.7206	4.32086
1	121	74	125.352	73.2448	4.41746
1	121	74	133.124	82.411	14.756
1	121	74	98.9783	83.0508	23.8091
1	121	74	120.317	72.3849	1.75355
1	121	74	118.248	76.6423	3.81515
1	121	74	98.0713	97.4378	32.788
1	121	74	125.039	74.5042	4.07077
1	121	74	120.166	73.6661	0.898076
1	121	74	114.31	86.1205	13.8442
1	121	74	107.154	92.8807	23.4136
1	121	74	105.578	93.5506	24.9008
1	121	74	119.659	78.1282	4.34048
1	121	74	120.688	75.4591	1.49203
1	121	74	121.369	78.795	4.80919
1	121	74	124.604	76.0044	4.12381
1	121	74	120.255	74.3827	0.83748
1	121	74	116.34	79.4807	7.19435
1	121	74	110.858	97.3266	25.436
1	121	74	120.477	70.6159	3.42421
1	121	74	106.475	97.4407	27.576
1	121	74	104.95	91.8523	24.0064
1	121	74	120.461	78.0823	4.11776
1	121	74	114.868	84.2712	11.9624
1	121	74	139.353	84.439	21.1143
1	121	74	108.775	96.8759	25.9378
1	121	74	129.593	81.84	11.6319
1	121	74	103.684	91.7657	24.8082
1	121	74	110.241	92.4134	21.3261
1	121	74	119.854	74.5371	1.26587
1	121	74	121.288	77.3291	3.34158
1	121	74	119.955	73.8799	1.05158
1	121	74	105.486	87.9398	20.8571
1	121	74	109.949	97.3483	25.8314
1	121	74	109.777	97.2888	25.852
1	121	74	111.69	97.4234	25.2057
1	121	74	119.773	77.2735	3.49589
1	121	74	124.084	75.1662	3.29737
1	121	74	118.935	74.521	2.12968
1	121	74	119.268	72.5877	2.23506
1	121	74	108.241	68.6563	13.8325
1	121	74	123.615	76.3968	3.54745
1	121	74	108.628	93.3292	22.9495
1	121	74	120.138	79.6537	5.719
1	121	74	102.854	88.1838	23.0314
1	121	74	118.601	75.5844	2.87512
1	121	74	119.987	74.2718	1.04932
1	121	74	117.416	76.2492	4.23143
1	121	74	107.178	94.3737	24.6196
1	121	74	121.474	76.2939	2.3424
1	121	74	124.648	76.9319	4.68042
1	121	74	109.466	97.337	26.0317
1	121	74	120.912	78.2675	4.26842
1	121	74	121.024	74.6844	0.684784
1	121	74	140.062	85.6977	22.3649
1	121	74	107.682	97.3728	26.9011
1	121	74	108.318	90.3819	20.7173
1	121	74	116.161	73.5351	4.86172
1	121	74	104.419	93.1512	25.3319
1	121	74	122.728	77.6808	4.06608
1	121	74	121.571	72.3552	1.74109
1	121	74	123.127	73.4666	2.19312
1	121	74	123.075	74.3601	2.10648
1	121	74	109.367	97.2653	26.0114
1	121	74	122.496	76.0932	2.5728
1	121	74	123.061	75.6741	2.65487
1	121	74	107.789	91.7562	22.1314
1	121	74	105.706	95.6857	26.5365
1	121	74	120.97	72.86	1.1404
1	121	74	119.987	71.9126	2.32032
1	121	74	120.362	77.9213	3.97297
1	121	74	141.726	86.9525	24.4406
1	121	74	125.226	75.9999	4.67516
1	121	74	106.899	97.4499	27.3629
1	121	74	107.737	92.341	22.6339
1	121	74	121.27	76.124	2.14118
1	121	74	123	76.9807	3.58941
1	121	74	121.531	79.1638	5.19109
1	121	74	120.935	77.1591	3.15976
1	121	74	121.727	76.1243	2.2454
1	121	74	107	96.6038	26.5879
1	121	74	121.814	77.3431	3.44087
1	121	74	108.541	95.7039	25.0256
1	121	74	129.489	77.3451	9.12454
1	121	74	124.631	75.7123	4.01484
1	121	74	107.8	97.3788	26.848
1	121	74	105.314	92.0798	23.9357
1	121	74	121.858	73.7144	0.904122
1	121	74	110.068	97.3754	25.8052
1	121	74	123.516	77.0833	3.97958
1	121	74	119.004	75.9527	2.79243
1	121	74	140.381	82.3742	21.1127
1	121	74	119.896	78.6046	4.73507
1	121	74	107.27	91.8986	22.5581
1	121	74	112.662	68.3352	10.08
1	121	74	124.739	75.0448	3.88197
1	121	74	104.083	65.6094	18.8836
1	121	74	107.838	97.4398	26.8823
1	121	74	105.484	94.4394	25.6615
1	121	74	118.463	75.0305	2.73796
1	121	74	126.155	70.7556	6.09112
1	121	74	118.341	75.5113	3.05868
1	121	74	120.36	76.2766	2.36475
1	121	74	109.425	68.8369	12.6742
1	121	74	123.678	73.3759	2.74971
1	121	74	140.429	85.9873	22.8291
1	121	74	142.054	85.5751	24.0258
1	121	74	139.308	86.1132	21.9525
1	121	74	124.698	73.017	3.82616
1	121	74	121.791	74.3305	0.857449
1	121	74	107.782	91.8761	22.2322
1	121	74	108.746	97.3653	26.3835
1	121	74	121.097	73.476	0.532932
1	121	74	108.75	96.759	25.8462
1	121	74	122.029	71.4227	2.77503
1	121	74	140.191	86.2446	22.7648
1	121	74	120.15	72.1761	2.01202
1	121	74	118.54	73.9645	2.46019
1	121	74	136.704	84.4865	18.8837
1	121	74	118.154	72.6362	3.15584
1	121	74	123.801	73.9427	2.8014
1	121	74	108.359	92.0244	22.015
1	121	74	119	75.6146	2.57067
1	121	74	99.8394	83.8562	23.3434
1	121	74	111.454	97.3586	25.2339
1	121	74	127.206	74.8704	6.26634
1	121	74	118.083	77.6558	4.67721
1	121	74	122.524	76.1268	2.61622
1	121	74	107.81	97.3866	26.8498
1	121	74	121.225	76.3592	2.36996
1	121	74	103.984	88.3046	22.2296
1	121	74	121.796	76.4915	2.61542
1	121	74	106.343	66.8747	16.2974
1	121	74	121.761	73.08	1.19423
1	121	74	107.35	94.3457	24.5003
1	121	74	124.533	74.8807	3.64075
1	121	74	109.925	97.3357	25.8303
1	121	74	120.918	77.4066	3.40758
1	121	74	122.644	73.6873	1.6738
1	121	74	89.2054	65.5065	32.9095
1	121	74	119.771	71.9261	2.4109
1	121	74	141.196	86.9335	23.9827
1	121	74	131.709	83.1283	14.0714
1	121	74	134.721	85.1919	17.7067
1	121	74	118.586	75.3332	2.75744
1	121	74	123.649	76.845	3.88722
1	121	74	113.041	68.2918	9.79458
1	121	74	122.166	78.5967	4.74233
1	121	74	133.321	79.0821	13.3281
1	121	74	121.913	73.0751	1.29993
1	121	74	105.668	94.6773	25.7416
1	121	74	88.0727	61.044	35.3845
1	121	74	123.091	76.003	2.89581
1	121	74	109.443	97.4913	26.1804
1	121	74	115.671	81.3128	9.0483
1	121	74	122.045	73.4825	1.16626
1	121	74	108.8	97.3915	26.3818
1	121	74	103.192	97.4388	29.4366
1	121	74	134.627	88.5155	19.9098
1	121	74	111.153	97.4723	25.4541
1	121	74	130.889	76.4416	10.1859
1	121	74	107.429	96.8388	26.5666
1	121	74	118.997	77.0806	3.6746
1	121	74	123.415	71.7693	3.28769
1	121	74	119.347	73.5411	1.71539
1	121	74	107.889	97.3199	26.7527
1	121	74	107.146	97.1666	26.9931
1	121	74	118.202	74.7531	2.89765
1	121	74	110.43	97.4037	25.6798
1	121	74	120.613	74.8338	0.919156
1	121	74	122.086	75.662	1.98543
1	121	74	97.5554	60.1337	27.2383
1	121	74	128.261	77.6469	8.12568
1	121	74	121.002	75.1775	1.17749
1	121	74	116.559	75.2734	4.61986
1	121	74	124.297	72.4564	3.64015
1	121	74	120.827	75.8803	1.88826
1	121	74	103.903	84.5393	20.0841
1	121	74	106.32	92.3116	23.4697
1	121	74	118.739	74.7562	2.38418
1	121	74	109.508	91.1932	20.6802
1	121	74	107.64	96.9858	26.5866
1	121	74	120.284	76.541	2.63994
1	121	74	107.99	97.4834	26.8462
1	121	74	120.327	76.9946	3.06932
1	121	74	125.496	73.8277	4.49921
1	121	74	125.755	73.4748	4.78365
1	121	74	121.943	74.9559	1.34252
1	121	74	117.331	77.6429	5.17062
1	121	74	109.383	92.0187	21.4389
1	121	74	119.993	73.1258	1.33383
1	121	74	121.022	77.8685	3.86855
1	121	74	137.974	86.4013	21.0213
1	121	74	116.197	75.5506	5.0471
1	121	74	121.479	75.892	1.95168
1	121	74	116.183	76.8985	5.62222
1	121	74	131.799	82.6747	13.8519
1	121	74	118.126	72.0731	3.46048
1	121	74	120.542	75.3849	1.45885
1	121	74	119.379	72.6302	2.12213
1	121	74	119.806	76.8939	3.13043
1	121	74	122.987	72.2447	2.65123
1	121	74	120.827	74.6985	0.71967
1	121	74	109.593	96.6563	25.3659
1	121	74	121.012	71.8732	2.12683
1	121	74	110.036	96.3658	24.9087
1	121	74	85.4315	54.1559	40.7297
1	121	74	118.465	74.8726	2.68105
1	121	74	121.333	75.5696	1.60459
1	121	74	140.866	86.7195	23.5887
1	121	74	107.027	92.8101	23.4321
1	121	74	123.318	76.3782	3.32079
1	121	74	119.371	76.7395	3.18704
1	121	74	121.389	76.4408	2.47166
1	121	74	110.716	95.4989	23.8319
1	121	74	108.93	97.484	26.4041
1	121	74	108.899	91.4478	21.2334
1	121	74	106.106	93.4625	24.5077
1	121	74	119.755	74.1573	1.25448
1	121	74	109.795	63.3269	15.4748
1	121	74	124.908	75.6551	4.2442
1	121	74	106.862	94.972	25.2926
1	121	74	85.4831	52.3665	41.5868
1	121	74	118.561	75.1414	2.69309
1	121	74	128.459	64.9771	11.7066
1	121	74	120.664	76.6091	2.63062
1	121	74	136.912	85.3763	19.5602
1	121	74	121.449	74.4781	0.655746
1	121	74	129.23	83.1675	12.32
1	121	74	106.726	95.9507	26.1837
1	121	74	118.725	75.9873	3.02088
1	121	74	123.207	74.9435	2.40045
1	121	74	124.876	75.3565	4.10618
1	121	74	104.19	82.0893	18.6552
1	121	74	111.385	97.3632	25.2644
1	121	74	120.279	73.6586	0.79771
1	121	74	105.55	97.4453	28.0784
1	121	74	109.392	97.2754	26.0094
1	121	74	122.4	73.2816	1.57396
1	121	74	106.165	92.872	24.0051
1	121	74	118.313	74.1192	2.68939
1	121	74	105.759	93.6279	24.8504
1	121	74	65.0734	58.0782	58.1489
1	121	74	121.007	72.7816	1.21844
1	121	74	122.728	73.8878	1.73213
1	121	74	101.375	85.1068	22.5497
1	121	74	117.469	76.556	4.359
1	121	74	103.247	87.7472	22.4532
1	121	74	105.181	93.0535	24.7645
1	121	74	137.517	82.9893	18.8045
1	121	74	108.472	68.8592	13.542
1	121	74	121.827	76.4162	2.55371
1	121	74	108.668	70.6849	12.7696
1	121	74	105.364	91.4498	23.43
1	121	74	80.4107	89.3969	43.4115
1	121	74	106.48	95.7266	26.132
1	121	74	125.406	69.3224	6.42627
1	121	74	119.698	74.7441	1.49922
1	121	74	108.724	68.465	13.4664
