1	121	74	122.438	78.0084	4.25859
1	121	74	121.242	74.3536	0.428394
1	121	74	118.995	77.6648	4.17731
1	121	74	120.96	78.5331	4.53329
1	121	74	96.1709	53.9996	31.8826
1	121	74	123.428	74.9523	2.60788
1	121	74	103.993	97.439	28.959
1	121	74	113.373	92.5292	20.0374
1	121	74	121.565	72.1572	1.92755
1	121	74	130.588	82.7138	12.9559
1	121	74	122.002	76.0325	2.26617
1	121	74	141.689	87.0745	24.4742
1	121	74	117.78	76.1823	3.89006
1	121	74	119.983	79.4046	5.49941
1	121	74	120.625	82.1176	8.12631
1	121	74	122.433	76.3247	2.73081
1	121	74	119.051	73.3586	2.05173
1	121	74	119.602	73.5416	1.47114
1	121	74	118.963	78.3039	4.76143
1	121	74	119.432	73.3128	1.71235
1	121	74	136.756	86.9056	20.3666
1	121	74	119.026	78.3803	4.80436
1	121	74	123.229	75.3495	2.6061
1	121	74	123.471	73.211	2.59398
1	121	74	123.809	78.0046	4.89183
1	121	74	117.691	75.8243	3.77852
1	121	74	119.134	74.437	1.91658
1	121	74	119.829	76.0827	2.38945
1	121	74	123.638	77.0007	3.99566
1	121	74	122.243	78.9415	5.09534
1	121	74	116.327	75.4396	4.88987
1	121	74	118.208	74.6638	2.87023
1	121	74	118.404	75.1133	2.82469
1	121	74	108.835	69.6698	12.9126
1	121	74	122.693	73.0119	1.96048
1	121	74	121.482	75.8222	1.8849
1	121	74	124.981	75.1857	4.15351
1	121	74	137.635	87.7544	21.5847
1	121	74	118.954	74.5901	2.12962
1	121	74	118.322	75.3456	2.99718
1	121	74	142.192	85.4431	24.0844
1	121	74	118.76	74.3947	2.27484
1	121	74	114.553	86.308	13.894
1	121	74	122.028	79.2809	5.38006
1	121	74	120.956	76.7845	2.78483
1	121	74	114.905	84.6924	12.3076
1	121	74	120.033	71.6443	2.54651
1	121	74	123.874	73.4656	2.92332
1	121	74	121.878	72.8223	1.46888
1	121	74	106.948	87.2942	19.3442
1	121	74	114.305	83.3698	11.5157
1	121	74	123.187	72.246	2.80329
1	121	74	124.312	72.862	3.5023
1	121	74	118.919	78.8298	5.25922
1	121	74	123.106	74.7378	2.2319
1	121	74	121.813	74.2493	0.849994
1	121	74	122.19	74.9204	1.50433
1	121	74	103.939	90.8907	24.0076
1	121	74	123.027	74.7383	2.15743
1	121	74	121.26	77.0137	3.0249
1	121	74	104.236	88.54	22.1907
1	121	74	121.994	76.4902	2.68137
1	121	74	117.983	77.0762	4.30839
1	121	74	124.016	75.2172	3.2521
1	121	74	124.839	79.0783	6.36619
1	121	74	122.066	75.0244	1.47839
1	121	74	122.014	77.0993	3.26105
1	121	74	124.403	76.8141	4.41618
1	121	74	121.95	78.2494	4.35423
1	121	74	118.409	73.5961	2.62242
1	121	74	118.345	75.0698	2.86277
1	121	74	120.323	73.388	0.912599
1	121	74	117.33	76.0672	4.21234
1	121	74	123.212	73.4517	2.27889
1	121	74	106.992	68.2575	15.1391
1	121	74	107.196	62.2736	18.1125
1	121	74	121.714	78.6674	4.72163
1	121	74	123.354	76.2819	3.2783
1	121	74	105.979	89.9977	21.9444
1	121	74	121.025	74.9871	0.987429
1	121	74	120.842	71.4444	2.56048
1	121	74	107.866	95.8454	25.4894
1	121	74	123.274	73.2861	2.3838
1	121	74	121.406	74.7249	0.830884
1	121	74	122.537	74.954	1.80894
1	121	74	111.488	97.3109	25.177
1	121	74	121.133	70.6812	3.32148
1	121	74	121.967	77.3146	3.45281
1	121	74	124.053	74.5796	3.10772
1	121	74	122.895	74.2406	1.90987
1	121	74	117.183	76.8712	4.77604
1	121	74	119.466	77.1749	3.52588
1	121	74	124.235	77.1768	4.53414
1	121	74	123.724	72.6854	3.02441
1	121	74	118.02	75.4482	3.31327
1	121	74	121.133	78.4875	4.48948
1	121	74	122.74	73.463	1.82057
1	121	74	121.485	72.5106	1.56624
1	121	74	120.546	74.4201	0.618589
1	121	74	124.639	75.9594	4.13279
1	121	74	125.011	75.5049	4.28417
1	121	74	120.652	78.1512	4.16574
1	121	74	126.216	76.4354	5.75655
1	121	74	121.974	72.9247	1.4509
1	121	74	120.819	69.9416	4.06238
1	121	74	120.966	75.8604	1.86071
1	121	74	122.998	75.9164	2.76869
1	121	74	119.95	77.8732	4.01317
1	121	74	122.858	78.3735	4.75182
1	121	74	122.152	75.229	1.68435
1	121	74	140.478	86.2344	23.0019
1	121	74	119.902	78.7335	4.85916
1	121	74	126.258	74.4349	5.27589
1	121	74	121.899	75.5126	1.75975
1	121	74	120.607	72.6151	1.43949
1	121	74	120.533	74.1971	0.507063
1	121	74	107.623	67.7704	14.7566
1	121	74	120.713	74.1543	0.325408
1	121	74	121.582	76.7487	2.80968
1	121	74	118.053	75.3195	3.22871
1	121	74	114.926	81.1939	9.41485
1	121	74	121.215	76.9367	2.94457
1	121	74	133.623	78.4255	13.376
1	121	74	120.307	71.4657	2.62734
1	121	74	117.813	77.3705	4.63878
1	121	74	126.034	74.6446	5.07556
1	121	74	103.503	83.5795	19.9479
1	121	74	117.83	74.8391	3.2794
1	121	74	118.748	78.4462	4.9838
1	121	74	104.024	65.4794	18.9943
1	121	74	119.496	77.9861	4.26027
1	121	74	122.3	73.9971	1.29961
1	121	74	121.275	70.558	3.45295
1	121	74	121.408	72.7244	1.33913
1	121	74	122.298	73.8726	1.30437
1	121	74	120.898	75.7232	1.72615
1	121	74	123.598	76.0969	3.33895
1	121	74	120.906	74.9945	0.998934
1	121	74	125.688	76.6509	5.38573
1	121	74	126.097	79.4731	7.47891
1	121	74	141.609	86.7226	24.2194
1	121	74	121.171	80.3106	6.31289
1	121	74	124.596	73.6932	3.60864
1	121	74	122.78	74.051	1.7812
1	121	74	119.891	77.8766	4.03218
1	121	74	119.202	72.8208	2.15021
1	121	74	123.501	75.8333	3.10101
1	121	74	118.04	75.4918	3.31439
1	121	74	121.456	75.9138	1.96736
1	121	74	124.793	74.0189	3.7928
1	121	74	125.994	76.8193	5.73484
1	121	74	141.854	83.9452	23.1044
1	121	74	121.413	76.5701	2.60303
1	121	74	122.793	73.8349	1.80103
1	121	74	119.707	76.2934	2.63298
1	121	74	121.899	80.5368	6.59833
1	121	74	122.475	79.4685	5.66396
1	121	74	105.069	90.7338	23.1046
1	121	74	119.523	74.7822	1.67157
1	121	74	137.508	83.8346	19.2153
1	121	74	119.993	74.6818	1.21593
1	121	74	120.094	73.8277	0.922252
1	121	74	122.793	77.2661	3.72581
1	121	74	119.904	72.5062	1.85251
1	121	74	118.956	74.1802	2.05217
1	121	74	108.329	97.4432	26.6483
1	121	74	122.621	77.2701	3.64963
1	121	74	124.923	74.8831	4.02074
1	121	74	121.008	74.4468	0.446892
1	121	74	122.017	76.0672	2.30406
1	121	74	121.576	77.5713	3.61748
1	121	74	121.397	74.8005	0.893722
1	121	74	123.435	73.397	2.50824
1	121	74	140.828	87.2202	23.8313
1	121	74	121.62	74.0752	0.62458
1	121	74	110.886	97.3491	25.4454
1	121	74	123.249	73.9923	2.24869
1	121	74	121.913	73.6629	0.973229
1	121	74	121.244	73.4996	0.556916
1	121	74	108.897	97.0659	26.0485
1	121	74	120.458	76.3155	2.378
1	121	74	121.033	76.5221	2.52235
1	121	74	122.961	75.6084	2.53601
1	121	74	119.225	72.4537	2.35409
1	121	74	118.962	76.0743	2.9079
1	121	74	120.778	77.4864	3.49343
1	121	74	121.389	74.3919	0.552469
1	121	74	113.393	71.4105	8.03548
1	121	74	120.68	75.7976	1.82592
1	121	74	117.504	77.1194	4.68526
1	121	74	124.202	77.1412	4.48581
1	121	74	114.909	86.9564	14.3166
1	121	74	120.17	77.6343	3.72777
1	121	74	119.599	77.741	3.9949
1	121	74	118.005	75.6205	3.40516
1	121	74	105.324	88.4746	21.3366
1	121	74	122.839	76.05	2.75395
1	121	74	120.376	78.1142	4.16129
1	121	74	107.144	93.6173	24.017
1	121	74	120.25	78.8198	4.87783
1	121	74	108.381	93.8772	23.5447
1	121	74	120.188	75.9453	2.10786
1	121	74	123.578	77.7273	4.53176
1	121	74	121.598	75.2484	1.38429
1	121	74	118.398	75.1574	2.84812
1	121	74	118.194	77.4088	4.4153
1	121	74	119.904	73.9444	1.09771
1	121	74	117.34	75.8741	4.11163
1	121	74	114.662	85.1564	12.8309
1	121	74	119.531	74.5182	1.55798
1	121	74	125.391	72.5294	4.63031
1	121	74	125.742	73.4192	4.77708
1	121	74	134.501	78.3289	14.1784
1	121	74	105.061	66.422	17.6492
1	121	74	107.962	97.3343	26.7298
1	121	74	122.157	77.2786	3.47672
1	121	74	120.93	76.9798	2.98063
1	121	74	119.591	75.4474	2.02009
1	121	74	120.033	79.0393	5.13122
1	121	74	119.349	76.7112	3.17439
1	121	74	117.832	76.6108	4.10521
1	121	74	125.661	76.3529	5.22138
1	121	74	135.375	85.4762	18.394
1	121	74	122.408	71.9958	2.44948
1	121	74	118.542	75.1637	2.71945
1	121	74	123.439	78.9694	5.53559
1	121	74	111.331	92.2813	20.6808
1	121	74	110.997	93.9221	22.2924
1	121	74	135.251	89.6195	21.1438
1	121	74	119.31	81.4751	7.66363
1	121	74	119.644	75.9589	2.38258
1	121	74	120.113	70.7216	3.3964
1	121	74	123.938	73.3025	3.01927
1	121	74	120.531	74.3075	0.560547
1	121	74	123.451	76.5839	3.56122
1	121	74	117.52	84.7878	11.3354
1	121	74	118.512	76.0224	3.20598
1	121	74	132.535	82.6896	14.4418
1	121	74	122.411	77.8269	4.07877
1	121	74	124.312	75.4627	3.62065
1	121	74	119.571	75.4162	2.01216
1	121	74	122.658	73.9267	1.65975
1	121	74	121.161	74.2494	0.296875
1	121	74	118.551	75.8333	3.05911
1	121	74	119.083	73.3751	2.01599
1	121	74	137.746	86.0784	20.6471
1	121	74	117.592	76.827	4.42817
1	121	74	123.914	73.6107	2.94011
1	121	74	123.706	73.7553	2.71744
1	121	74	119.496	73.8894	1.50814
1	121	74	125.304	77.1465	5.33182
1	121	74	120.141	75.4406	1.67701
1	121	74	124.335	72.8927	3.51393
1	121	74	115.855	82.5634	9.98995
1	121	74	123.413	73.1126	2.57066
1	121	74	120.065	74.4873	1.0542
1	121	74	118.747	76.6018	3.4418
1	121	74	106.369	95.969	26.395
1	121	74	96.0695	54.7388	31.5044
1	121	74	124.074	78.0476	5.08273
1	121	74	121.894	74.3159	0.947767
1	121	74	124.19	75.4277	3.49477
1	121	74	118.136	74.9715	3.02449
1	121	74	121.119	83.8154	9.81611
1	121	74	119.07	76.738	3.3501
1	121	74	119.053	73.5306	2.00247
1	121	74	120.861	76.6105	2.61419
1	121	74	120.361	72.4883	1.64109
1	121	74	124.192	74.4074	3.2177
1	121	74	124.187	72.7235	3.43283
1	121	74	106.006	92.2058	23.5857
1	121	74	108.471	97.4008	26.5439
1	121	74	119.795	75.2475	1.73467
1	121	74	106.501	93.8507	24.582
1	121	74	120.761	73.7955	0.31456
1	121	74	114.175	87.1357	14.8032
1	121	74	119.146	73.0983	2.06133
1	121	74	119.396	73.0728	1.85282
1	121	74	123.881	74.8986	3.01814
1	121	74	124.208	75.1271	3.40042
1	121	74	119.322	72.7404	2.09801
1	121	74	117.933	74.9346	3.20603
1	121	74	120.662	74.8039	0.872232
1	121	74	120.756	72.0473	1.96795
1	121	74	123.26	78.0582	4.64521
1	121	74	120.473	71.1845	2.86444
1	121	74	106.932	97.4828	27.3742
1	121	74	111.914	95.9108	23.7199
1	121	74	106.391	95.2515	25.7888
1	121	74	114.732	84.4351	12.1726
1	121	74	124.916	75.6262	4.24062
1	121	74	117.72	78.0103	5.18066
1	121	74	119.671	75.1019	1.72648
1	121	74	128.674	80.878	10.3054
1	121	74	120.228	76.3401	2.46422
1	121	74	107.565	97.4831	27.0545
1	121	74	120.384	77.2291	3.28729
1	121	74	121.548	73.9668	0.548936
1	121	74	109.677	91.8767	21.161
1	121	74	120.162	79.0375	5.10662
1	121	74	121.549	76.5724	2.63024
1	121	74	124.419	76.576	4.28087
1	121	74	118.446	72.0385	3.22014
1	121	74	120.747	73.8782	0.280368
1	121	74	122.162	76.2068	2.49393
1	121	74	120.03	78.817	4.91381
1	121	74	139.816	87.2107	22.9904
1	121	74	136.899	85.527	19.6381
1	121	74	120.651	76.6975	2.71998
1	121	74	121.718	77.6929	3.76206
1	121	74	121.999	75.531	1.82807
1	121	74	124.768	76.337	4.43385
1	121	74	124.496	75.1312	3.67418
1	121	74	137.089	84.7223	19.3345
1	121	74	122.133	75.6449	1.99716
1	121	74	124.115	73.013	3.26747
1	121	74	120.326	75.7074	1.83565
1	121	74	124.061	76.4523	3.92245
1	121	74	119.646	74.4595	1.42962
1	121	74	125.426	73.9213	4.42677
1	121	74	118.49	77.1104	3.99684
1	121	74	124.755	75.9627	4.23698
1	121	74	122.099	77.1137	3.30184
1	121	74	119.582	75.2929	1.91922
1	121	74	117.704	74.4375	3.32467
1	121	74	140.415	84.4395	22.0434
1	121	74	118.801	75.9578	2.94396
1	121	74	123.645	75.5111	3.04609
1	121	74	119.817	72.1597	2.18771
1	121	74	118.915	77.7621	4.30124
1	121	74	123.372	77.451	4.18743
1	121	74	123.911	77.7957	4.78359
1	121	74	123.211	73.1952	2.35257
1	121	74	120.956	73.7748	0.229543
1	121	74	111.082	95.1432	23.3536
1	121	74	93.2052	97.4367	36.357
1	121	74	104.398	97.4391	28.7234
1	121	74	118.53	74.1908	2.47762
1	121	74	121.781	74.5039	0.9297
1	121	74	119.422	72.7653	2.00368
1	121	74	117.571	76.8555	4.46194
1	121	74	106.786	96.3219	26.4632
1	121	74	118.642	73.6462	2.38488
1	121	74	120.129	75.0915	1.39658
1	121	74	122.121	77.744	3.90822
1	121	74	117.546	75.1454	3.63921
1	121	74	118.553	81.9655	8.33294
1	121	74	125.713	76.8693	5.51744
1	121	74	120.178	76.3583	2.49753
1	121	74	116.457	80.4257	7.86941
1	121	74	120.224	73.4047	0.978248
1	121	74	119.441	76.3832	2.84772
1	121	74	123.887	72.3951	3.30285
1	121	74	120.432	79.6523	5.68081
1	121	74	125.232	74.362	4.24754
1	121	74	122.001	77.14	3.29573
1	121	74	120.454	73.7082	0.619358
1	121	74	119.315	74.4817	1.75214
1	121	74	108.594	92.1889	22.0168
1	121	74	123.439	75.8375	3.05332
1	121	74	122.423	78.9119	5.11395
1	121	74	117.932	75.8245	3.56984
1	121	74	123.027	74.7673	2.16708
1	121	74	124.047	75.0449	3.22073
1	121	74	119.762	76.2046	2.5282
1	121	74	119.696	77.4296	3.66906
1	121	74	122.948	74.2266	1.9607
1	121	74	118.148	75.6619	3.30074
1	121	74	122.577	75.055	1.89743
1	121	74	124.597	77.183	4.80283
1	121	74	119.097	73.9989	1.90302
1	121	74	105.623	90.7415	22.7316
1	121	74	142.059	82.9591	22.8853
1	121	74	118.794	79.6949	6.10723
1	121	74	118.353	75.1701	2.89365
1	121	74	106.553	97.418	27.5159
1	121	74	123.051	75.0726	2.31427
1	121	74	101.678	85.4708	22.4703
1	121	74	121.273	78.431	4.43937
1	121	74	117.811	85.6153	12.0452
1	121	74	120.089	75.6287	1.86603
1	121	74	120.682	74.9426	0.994771
1	121	74	121.786	73.7831	0.814981
1	121	74	117.536	75.595	3.81364
1	121	74	119.359	75.2489	2.06247
1	121	74	123.484	77.5998	4.37352
1	121	74	138.761	82.9768	19.9002
1	121	74	119.528	76.7311	3.10246
1	121	74	121.109	81.0488	7.04969
1	121	74	120.644	75.9965	2.02795
1	121	74	120.226	75.5707	1.75094
1	121	74	128.715	77.8968	8.64343
1	121	74	139.746	87.3701	23.0255
1	121	74	124.356	72.5445	3.65762
1	121	74	120.953	72.3379	1.66277
1	121	74	122.451	78.6423	4.86369
1	121	74	118.42	78.6177	5.28943
1	121	74	121.929	73.6336	0.998959
1	121	74	121.599	74.9026	1.08324
1	121	74	120.264	75.9379	2.0729
1	121	74	119.174	74.5825	1.91637
1	121	74	114.462	84.6893	12.5301
1	121	74	122.776	73.5062	1.84296
1	121	74	118.282	75.3179	3.02031
1	121	74	120.128	78.8209	4.89921
1	121	74	122.595	74.6672	1.72935
1	121	74	121.23	77.6519	3.6591
1	121	74	120.709	74.9458	0.989575
1	121	74	121.497	73.4934	0.709723
1	121	74	123.943	77.4305	4.5199
1	121	74	124.553	75.5132	3.86152
1	121	74	125.152	72.4543	4.43025
1	121	74	124.261	76.2311	3.95146
1	121	74	107.089	67.9647	15.1642
1	121	74	117.836	76.219	3.86443
1	121	74	120.407	70.3743	3.67396
1	121	74	123.902	74.3547	2.92323
1	121	74	123.878	77.1213	4.24562
1	121	74	124.43	75.4934	3.74123
1	121	74	125.972	73.8731	4.97393
1	121	74	123.471	76.7195	3.67477
1	121	74	122.621	76.4844	2.96648
1	121	74	124.762	74.5048	3.79559
1	121	74	120.951	72.7739	1.22708
1	121	74	119.568	73.2232	1.6295
1	121	74	122.936	74.1478	1.94145
1	121	74	120.009	76.1396	2.35792
1	121	74	120.842	75.0186	1.03079
1	121	74	122.859	74.837	2.03846
1	121	74	120.113	76.5661	2.71519
1	121	74	117.76	76.7836	4.2714
1	121	74	124.777	72.6721	4.00406
1	121	74	132.864	85.6345	16.617
1	121	74	116.424	75.419	4.7912
1	121	74	123.035	76.4232	3.16424
1	121	74	121.11	71.312	2.69026
1	121	74	119.983	76.9559	3.12603
1	121	74	123.432	72.5205	2.84676
1	121	74	121.062	74.2366	0.244493
1	121	74	118.248	77.8341	4.71925
1	121	74	124.368	73.3727	3.42593
1	121	74	104.748	66.2547	18.0031
1	121	74	124.677	76.4711	4.42984
1	121	74	117.634	75.571	3.71481
1	121	74	105.951	95.1222	25.9349
1	121	74	107.005	96.6035	26.5854
1	121	74	119.889	73.5576	1.19565
1	121	74	122.353	76.207	2.58884
1	121	74	118.255	76.7503	3.88601
1	121	74	123.414	73.6991	2.43227
1	121	74	126.073	73.0394	5.16324
1	121	74	118.424	74.7905	2.69428
1	121	74	120.469	74.2539	0.588499
1	121	74	119.416	72.8127	1.97997
1	121	74	124.71	72.6012	3.96466
1	121	74	124.533	73.1265	3.63978
1	121	74	120.837	75.2423	1.25292
1	121	74	120.161	76.5415	2.67638
1	121	74	139.117	87.3766	22.5201
1	121	74	124.308	75.6365	3.69076
1	121	74	118.596	77.8608	4.54824
1	121	74	123.545	73.3246	2.63356
1	121	74	120.776	75.1758	1.19693
1	121	74	120.801	79.3366	5.34026
1	121	74	109.058	97.487	26.3488
1	121	74	124.441	73.165	3.54119
1	121	74	107.756	96.0397	25.713
1	121	74	122.668	76.8128	3.27006
1	121	74	118.723	74.4168	2.31443
1	121	74	117.547	75.5188	3.77248
1	121	74	122.268	79.1127	5.26749
1	121	74	119.935	72.8379	1.5766
1	121	74	124.642	73.9718	3.64196
1	121	74	120.637	74.679	0.769991
1	121	74	106.96	97.0607	26.9987
1	121	74	124.883	75.4378	4.14082
1	121	74	96.0675	97.4373	34.219
1	121	74	120.712	77.1703	3.18333
1	121	74	128.789	76.4886	8.17689
1	121	74	119.927	73.2839	1.29032
1	121	74	120.797	77.5455	3.55132
1	121	74	123.445	76.8833	3.78014
1	121	74	120.464	79.092	5.12009
1	121	74	117.989	75.4176	3.32844
1	121	74	124.318	74.2177	3.32555
1	121	74	119.376	76.4848	2.96865
1	121	74	120.924	74.5891	0.594054
1	121	74	124.765	76.9634	4.79153
1	121	74	124.948	73.6396	3.96484
1	121	74	125.317	75.6223	4.61207
1	121	74	117.666	77.0443	4.51495
1	121	74	118.298	75.433	3.05873
1	121	74	121.366	76.1971	2.22735
1	121	74	121.013	79.0163	5.0163
1	121	74	136.3	82.2113	17.3638
1	121	74	96.3208	54.1745	31.6562
1	121	74	119.946	77.1211	3.29416
1	121	74	119.251	74.3678	1.78731
1	121	74	124.378	77.9188	5.17358
1	121	74	120.696	77.3362	3.35006
1	121	74	108.787	97.4839	26.47
1	121	74	117.245	89.9682	16.4037
1	121	74	120.333	73.5641	0.796444
1	121	74	119.98	78.3942	4.51105
1	121	74	121.559	76.7836	2.83909
1	121	74	118.971	73.1821	2.18755
1	121	74	105.906	90.4017	22.2903
1	121	74	105.495	93.4156	24.8468
1	121	74	128.574	74.9999	7.63981
1	121	74	130.739	76.4192	10.0351
1	121	74	122.908	73.0407	2.1354
1	121	74	108.409	68.8866	13.5898
1	121	74	106.758	92.4073	23.2736
1	121	74	121.426	73.7523	0.492508
1	121	74	120.309	70.2371	3.82578
1	121	74	121.773	74.6609	1.01662
1	121	74	122.063	75.3959	1.75485
1	121	74	121.162	76.4394	2.44482
1	121	74	123.337	72.9027	2.58148
1	121	74	118.033	76.1848	3.68438
1	121	74	107.824	91.8702	22.2023
1	121	74	114.855	85.4762	13.0181
1	121	74	123.631	73.9878	2.6314
1	121	74	119.921	75.5421	1.88232
1	121	74	122.081	74.1251	1.08842
1	121	74	106.445	66.7456	16.2626
1	121	74	123.369	73.4859	2.42421
1	121	74	116.683	73.3459	4.36597
1	121	74	120.934	74.8856	0.888007
1	121	74	118.534	77.1763	4.02135
1	121	74	120.813	73.3302	0.695464
1	121	74	106.674	94.2369	24.7946
1	121	74	129.958	64.8913	12.7755
1	121	74	97.9745	97.4377	32.8557
1	121	74	122.042	79.6488	5.7441
1	121	74	103.543	85.5955	20.9573
1	121	74	123.516	75.3829	2.8713
1	121	74	117.214	72.9801	3.92089
1	121	74	121.461	74.4143	0.619717
1	121	74	118.907	76.5462	3.29613
1	121	74	124.41	75.3326	3.66126
1	121	74	120.326	79.1541	5.19799
1	121	74	126.492	75.587	5.71704
1	121	74	120.018	77.3078	3.45067
1	121	74	120.983	75.9237	1.92382
1	121	74	123.289	73.3094	2.39069
1	121	74	121.812	71.1432	2.97005
1	121	74	123.369	77.5307	4.25159
1	121	74	118.587	77.2843	4.07551
1	121	74	104.569	92.8296	24.9906
1	121	74	115.274	80.5342	8.68829
1	121	74	140.845	84.665	22.5294
1	121	74	120.116	71.5364	2.61728
1	121	74	114.962	84.7601	12.3383
1	121	74	123.538	76.4763	3.54598
1	121	74	122.912	75.9816	2.75388
1	121	74	113.438	85.054	13.3932
1	121	74	122.02	78.5082	4.62204
1	121	74	107.199	91.081	21.9595
1	121	74	118.71	77.1473	3.89239
1	121	74	121.672	77.4623	3.527
1	121	74	116.155	74.5056	4.87123
1	121	74	117.634	75.0635	3.52959
1	121	74	122.342	75.2131	1.80916
1	121	74	122.84	75.5916	2.43302
1	121	74	117.369	74.1176	3.63268
1	121	74	122.288	77.9026	4.10976
1	121	74	112.554	90.9059	18.8983
1	121	74	118.906	73.5955	2.13252
1	121	74	120.111	76.5674	2.71691
1	121	74	119.924	85.0783	11.1304
1	121	74	120.798	77.1637	3.17012
1	121	74	119.323	75.0667	1.9879
1	121	74	111.239	94.8363	23.0094
1	121	74	122.907	76.2331	2.93666
1	121	74	124.699	74.9169	3.81058
1	121	74	125.726	77.3002	5.7642
1	121	74	119.366	75.2795	2.07551
1	121	74	109.747	95.9319	24.6503
1	121	74	125.112	76.236	4.68101
1	121	74	123.421	78.2871	4.92365
1	121	74	121.436	75.0986	1.18184
1	121	74	120.075	72.6528	1.63426
1	121	74	118.605	74.0222	2.39462
1	121	74	123.5	74.9289	2.66666
1	121	74	118.958	78.4487	4.89478
1	121	74	110.109	97.4115	25.8206
1	121	74	121.656	74.7029	0.961316
1	121	74	125.153	72.9481	4.28395
1	121	74	105.116	97.4392	28.3141
1	121	74	135.742	86.3665	19.2421
1	121	74	115.606	85.5541	12.751
1	121	74	119.993	71.0794	3.08924
1	121	74	137.892	82.4966	18.9081
1	121	74	122.774	76.8212	3.33263
1	121	74	105.603	89.6216	21.934
1	121	74	118.032	75.1325	3.17699
1	121	74	116.817	75.912	4.59932
1	121	74	122.344	77.3232	3.58451
1	121	74	118.429	75.88	3.18483
1	121	74	104.143	87.7719	21.7675
1	121	74	109.976	95.0874	23.7952
1	121	74	121.582	75.7243	1.81989
1	121	74	123.283	74.9475	2.47177
1	121	74	119.506	76.4957	2.90867
1	121	74	118.161	74.676	2.91818
1	121	74	121.142	76.0471	2.05206
1	121	74	118.97	78.7594	5.17417
1	121	74	121.98	76.0669	2.28763
1	121	74	123.374	77.6198	4.32865
1	121	74	121.759	73.0242	1.23617
1	121	74	121.557	73.8457	0.577682
1	121	74	132.766	78.254	12.511
1	121	74	98.3193	64.5362	24.576
1	121	74	109.915	69.6807	11.8971
1	121	74	107.21	95.0484	25.1637
1	121	74	142.087	82.8434	22.8665
1	121	74	122.47	74.3163	1.50331
1	121	74	142.105	85.8417	24.1997
1	121	74	123.832	77.3242	4.36673
1	121	74	124.394	75.2976	3.63366
1	121	74	119.965	73.4105	1.19098
1	121	74	125.005	73.5408	4.03158
1	121	74	118.476	77.8274	4.58465
1	121	74	120.917	76.8467	2.84789
1	121	74	125.953	74.7185	5.00509
1	121	74	110.335	95.2588	23.7842
1	121	74	105.027	90.786	23.171
1	121	74	121.889	71.6082	2.55177
1	121	74	123.195	75.2987	2.55045
1	121	74	120.946	74.1856	0.193191
1	121	74	120.314	79.8679	5.90788
1	121	74	121.28	81.0912	7.09674
1	121	74	118.949	76.1645	2.98222
1	121	74	120.713	78.6666	4.67541
1	121	74	121.651	77.2218	3.28694
1	121	74	106.636	96.6515	26.8218
1	121	74	112.063	97.4857	25.1288
1	121	74	120.131	73.8335	0.885116
1	121	74	107.116	90.2383	21.3644
1	121	74	118.126	77.3033	4.37848
1	121	74	121.144	78.7367	4.73891
1	121	74	121.921	74.6142	1.10699
1	121	74	117.959	76.7441	4.09638
1	121	74	119.654	77.6571	3.89698
1	121	74	119.567	82.8754	8.99044
1	121	74	119.674	84.5515	10.6345
1	121	74	114.937	75.2915	6.19932
1	121	74	118.729	74.9214	2.45101
1	121	74	123.508	75.6407	2.99678
1	121	74	125.55	75.615	4.82792
1	121	74	119.819	75.9171	2.25149
1	121	74	122.848	75.8938	2.64622
1	121	74	120.016	72.7992	1.55223
1	121	74	121.113	74.7817	0.789785
1	121	74	124.188	72.9206	3.36586
1	121	74	118.488	76.3217	3.42026
1	121	74	123.681	76.051	3.37593
1	121	74	116.037	85.0509	12.1144
1	121	74	119.755	74.8628	1.51503
1	121	74	108.633	68.1535	13.679
1	121	74	113.284	91.5532	19.1741
1	121	74	120.262	72.8066	1.40304
1	121	74	119.617	75.3102	1.90495
1	121	74	120.643	79.5667	5.57814
1	121	74	122.928	77.3681	3.88102
1	121	74	119.274	81.7253	7.91587
1	121	74	101.26	97.4384	30.6433
1	121	74	121.029	75.1892	1.18957
1	121	74	126.414	74.1526	5.41607
1	121	74	120.268	74.5859	0.937519
1	121	74	119.562	77.461	3.74772
1	121	74	124.072	75.9109	3.6178
1	121	74	121.637	73.472	0.827652
1	121	74	123.071	78.9237	5.34143
1	121	74	118.103	76.3341	3.72017
1	121	74	119.721	72.8355	1.72949
1	121	74	131.24	80.4588	12.1067
1	121	74	120.205	77.6427	3.72843
1	121	74	121.018	78.0159	4.01598
1	121	74	116.033	86.746	13.6796
1	121	74	123.493	74.2688	2.50715
1	121	74	118.151	77.8006	4.74978
1	121	74	125.842	73.6555	4.85421
1	121	74	120.503	75.8886	1.95297
1	121	74	121.693	75.4069	1.56813
1	121	74	117.8	75.1234	3.39169
1	121	74	119.928	75.3481	1.72226
1	121	74	120.809	73.0245	0.99406
1	121	74	123.495	76.4163	3.47293
1	121	74	107.261	95.5821	25.5841
1	121	74	117.067	76.8556	4.8603
1	121	74	121.229	73.8857	0.255757
1	121	74	122.631	72.3075	2.35021
1	121	74	108.242	95.0194	24.5881
1	121	74	119.655	74.8756	1.60459
1	121	74	118.228	75.9211	3.37245
1	121	74	121.386	74.6817	0.783624
1	121	74	119.822	79.2692	5.39924
1	121	74	120.357	75.4202	1.55897
1	121	74	120.114	78.2204	4.31235
1	121	74	119.675	73.7133	1.35523
1	121	74	120.093	78.0158	4.11704
1	121	74	132.365	78.0291	12.0579
1	121	74	117.687	75.2609	3.54524
1	121	74	124.224	75.8662	3.72504
1	121	74	115.539	85.4561	12.6912
1	121	74	119.179	75.2401	2.20273
1	121	74	120.279	77.9565	4.02171
1	121	74	98.4331	97.4378	32.5361
1	121	74	121.974	78.0288	4.14485
1	121	74	120.76	77.1268	3.136
1	121	74	121.513	74.1847	0.545251
1	121	74	118.473	74.2909	2.54329
1	121	74	122.162	75.8678	2.19987
1	121	74	119.871	78.685	4.81916
1	121	74	103.287	97.4388	29.3788
1	121	74	142.029	85.9663	24.1957
1	121	74	119.629	72.2873	2.19369
1	121	74	104.393	90.0463	23.0926
1	121	74	121.406	72.2444	1.80186
1	121	74	119.966	74.9864	1.4289
1	121	74	124.086	77.6554	4.78384
1	121	74	119.43	78.0222	4.31776
1	121	74	118.24	76.3606	3.6315
1	121	74	106.621	94.3719	24.9351
1	121	74	120.047	73.0406	1.35234
1	121	74	113.104	87.3689	15.5268
1	121	74	125.002	72.9352	4.14115
1	121	74	125.448	73.0291	4.55246
1	121	74	123.494	74.9326	2.66263
1	121	74	109.563	97.3642	26.0131
1	121	74	119.606	78.4742	4.68645
1	121	74	117.173	76.6483	4.65426
1	121	74	119.385	75.9037	2.49618
1	121	74	117.696	83.0535	9.63773
1	121	74	125.784	77.6031	5.98874
1	121	74	119.573	79.827	5.99917
1	121	74	58.223	97.4292	67.0066
1	121	74	118.414	77.5981	4.43074
1	121	74	123.156	73.7227	2.17378
1	121	74	121.702	73.9015	0.708776
1	121	74	107.081	67.0622	15.5519
1	121	74	123.916	76.598	3.90534
1	121	74	124.846	74.777	3.92395
1	121	74	115.44	75.9095	5.87918
1	121	74	124.782	76.1068	4.32882
1	121	74	103.698	91.808	24.8291
1	121	74	105.557	95.2821	26.2946
1	121	74	106.214	90.3974	22.0796
1	121	74	120.96	74.5117	0.513296
1	121	74	121.514	73.5422	0.688504
1	121	74	118.458	73.9642	2.54245
1	121	74	118.092	74.7473	3.00254
1	121	74	123.78	75.9299	3.38442
1	121	74	119.542	76.9643	3.30365
1	121	74	121.008	77.3535	3.35354
1	121	74	117.837	75.0555	3.33414
1	121	74	123.195	76.0242	2.98593
1	121	74	121.906	80.8989	6.95804
1	121	74	127.114	77.9813	7.2964
1	121	74	122.417	78.4389	4.6595
1	121	74	117.149	76.3795	4.52652
1	121	74	120.192	80.0018	6.05593
1	121	74	119.657	78.1012	4.3156
1	121	74	121.403	77.3586	3.38271
1	121	74	114.811	97.4412	24.2446
1	121	74	106.758	97.3318	27.3353
1	121	74	107.148	95.3769	25.4725
1	121	74	122.334	75.1627	1.76962
1	121	74	118.269	74.3048	2.74793
1	121	74	118.051	74.853	3.06987
1	121	74	124.145	76.1207	3.79345
1	121	74	102.302	84.3189	21.3568
1	121	74	119.188	74.5824	1.9034
1	121	74	119.187	74.7904	1.97818
1	121	74	123.512	76.3905	3.46736
1	121	74	109.873	66.6973	13.3097
1	121	74	122.235	71.189	3.07043
1	121	74	123.63	73.9031	2.63133
1	121	74	136.359	88.1154	20.8602
1	121	74	120.362	74.1257	0.649834
1	121	74	118.423	74.1126	2.57949
1	121	74	122.009	75.9212	2.17013
1	121	74	123.203	74.5277	2.26493
1	121	74	141.237	86.9482	24.0246
1	121	74	125.067	76.6818	4.87196
1	121	74	123.655	75.7728	3.19234
1	121	74	123.938	76.2579	3.70569
1	121	74	119.817	74.1443	1.19212
1	121	74	121.587	79.9004	5.9295
1	121	74	108.438	96.8165	26.046
1	121	74	96.504	97.4374	33.9023
1	121	74	118.944	74.6922	2.16986
1	121	74	124.464	72.5023	3.7737
1	121	74	121.699	76.7926	2.87876
1	121	74	119.284	75.657	2.38527
1	121	74	123.561	78.972	5.59275
1	121	74	105.634	90.8269	22.7874
1	121	74	106.945	92.6687	23.3682
1	121	74	103.253	90.7788	24.423
1	121	74	108.297	92.5626	22.493
1	121	74	116.915	85.5164	12.2194
1	121	74	119.886	72.6119	1.77952
1	121	74	121.47	73.1301	0.988923
1	121	74	116.956	76.733	4.88052
1	121	74	121.036	73.5732	0.428323
1	121	74	140.395	86.9017	23.2945
1	121	74	122.052	74.2617	1.08438
1	121	74	116.827	76.4866	4.85747
1	121	74	121.976	73.1947	1.26571
1	121	74	116.938	76.9439	5.01659
1	121	74	118.925	74.1781	2.08285
1	121	74	120.066	73.9758	0.934783
1	121	74	121.784	74.429	0.893314
1	121	74	106.771	97.3134	27.3128
1	121	74	121.198	74.7365	0.762704
1	121	74	118.01	75.8116	3.4961
1	121	74	110.728	69.0303	11.4112
1	121	74	118.489	83.058	9.3996
1	121	74	121.963	74.6813	1.17941
1	121	74	140.083	85.9317	22.5063
1	121	74	127.331	73.8003	6.33369
1	121	74	118.544	72.3369	2.9665
1	121	74	142.192	85.1711	23.956
1	121	74	122.23	72.2925	2.10455
1	121	74	121.03	74.4887	0.48965
1	121	74	117.141	82.2409	9.09993
1	121	74	125.714	74.8226	4.78567
1	121	74	118.659	73.9921	2.34093
1	121	74	122.398	74.2117	1.41378
1	121	74	124.407	76.116	4.01039
1	121	74	122.185	74.8043	1.43187
1	121	74	117.093	84.0539	10.7866
1	121	74	120.024	76.7003	2.87132
1	121	74	116.128	74.863	4.94799
1	121	74	121.679	74.8244	1.06807
1	121	74	122.532	73.7745	1.54829
1	121	74	119.216	76.0136	2.69044
1	121	74	119.344	76.1716	2.73118
1	121	74	121.687	72.1901	1.93603
1	121	74	121.573	74.0616	0.575903
1	121	74	120.912	75.1691	1.1724
1	121	74	124.171	72.8855	3.36157
1	121	74	118.639	75.3314	2.71087
1	121	74	127.774	81.7275	10.2766
1	121	74	120.907	73.6577	0.354711
1	121	74	121.285	75.675	1.69908
1	121	74	119.428	75.4018	2.10599
1	121	74	122.622	77.7409	4.07743
1	121	74	118.9	73.1701	2.25776
1	121	74	114.225	86.6013	14.3073
1	121	74	115.76	75.2953	5.39814
1	121	74	123.21	75.598	2.72696
1	121	74	108.055	97.4398	26.7767
1	121	74	121.639	75.3213	1.46774
1	121	74	121.135	72.5572	1.44913
1	121	74	117.73	79.1347	6.08745
1	121	74	120.601	75.3008	1.3606
1	121	74	118.962	74.332	2.06461
1	121	74	122.452	75.3267	1.96708
1	121	74	130.831	79.4901	11.2601
1	121	74	122.629	78.2245	4.52758
1	121	74	114.58	87.0244	14.5205
1	121	74	119.227	74.7046	1.90775
1	121	74	122.473	74.3524	1.51448
1	121	74	139.054	86.8922	22.1848
1	121	74	118.471	74.1174	2.53197
1	121	74	127.018	76.5541	6.53756
1	121	74	119.923	76.8222	3.02077
1	121	74	107.504	93.4272	23.6549
1	121	74	122.178	70.7886	3.42049
1	121	74	122.333	73.1312	1.59147
1	121	74	120.626	79.4898	5.50256
1	121	74	117.977	76.8102	4.12739
1	121	74	110.138	72.5912	10.9528
1	121	74	122.687	73.6672	1.71908
1	121	74	122.88	78.3429	4.73238
1	121	74	118.195	74.9388	2.958
1	121	74	120.85	76.6555	2.65976
1	121	74	124.464	76.4158	4.22284
1	121	74	117.775	77.4239	4.70372
1	121	74	122.443	71.8169	2.61714
1	121	74	123.745	74.3199	2.76325
1	121	74	118.435	77.0081	3.9531
1	121	74	121.451	74.628	0.773321
1	121	74	123.262	76.5979	3.44482
1	121	74	117.176	75.0753	3.97211
1	121	74	105.008	89.538	22.2976
1	121	74	139.571	86.3491	22.3022
1	121	74	123.057	74.3041	2.07969
1	121	74	120.649	76.242	2.2693
1	121	74	126.617	72.5109	5.81083
1	121	74	105.682	91.2909	23.1003
1	121	74	109.125	96.7697	25.6801
1	121	74	120.818	82.473	8.47495
1	121	74	120.939	73.1246	0.877545
1	121	74	122.8	79.8139	6.08629
1	121	74	118.601	74.1115	2.40128
1	121	74	119.325	76.6569	3.14099
1	121	74	122.05	73.1852	1.32878
1	121	74	124.029	71.6579	3.82915
1	121	74	124.6	75.1459	3.77758
1	121	74	123.07	78.2395	4.71793
1	121	74	114.921	82.2103	10.2157
1	121	74	118.961	76.9528	3.58813
1	121	74	121.569	78.765	4.79893
1	121	74	121.331	76.7943	2.81385
1	121	74	121.715	75.8715	2.0033
1	121	74	118.08	76.1377	3.61856
1	121	74	118.771	75.028	2.45468
1	121	74	105.1	66.5906	17.5418
1	121	74	105.747	97.4393	27.9653
1	121	74	120.818	77.1422	3.14747
1	121	74	106.451	97.124	27.3204
1	121	74	121.95	75.8173	2.05076
1	121	74	118.991	73.7037	2.03055
1	121	74	119.624	73.1574	1.61329
1	121	74	124.341	76.5304	4.19125
1	121	74	109.934	67.121	13.0297
1	121	74	115.949	75.714	5.33373
1	121	74	117.922	75.1319	3.27955
1	121	74	107.864	66.9153	14.9247
1	121	74	123.724	74.8815	2.8634
1	121	74	122.463	77.4127	3.71311
1	121	74	120.288	74.3558	0.795721
1	121	74	124.86	74.3975	3.88031
1	121	74	119.948	71.5377	2.67767
1	121	74	119.755	76.9832	3.23269
1	121	74	138.438	83.1058	19.6727
1	121	74	119.148	74.6543	1.96379
1	121	74	124.951	76.8249	4.85734
1	121	74	106.318	92.2534	23.4255
1	121	74	137.532	84.3277	19.4926
1	121	74	119.34	76.6107	3.09397
1	121	74	122.234	76.4562	2.74876
1	121	74	116.373	86.1227	12.9757
1	121	74	123.474	75.0903	2.7034
1	121	74	117.381	77.1965	4.82817
1	121	74	123.862	74.9265	3.00792
1	121	74	123.3	73.6513	2.32598
1	121	74	120.535	76.4462	2.48996
1	121	74	120.434	73.1613	1.01154
1	121	74	121.897	79.9625	6.02965
1	121	74	117.599	75.4597	3.70136
1	121	74	138.537	85.4025	20.9184
1	121	74	105.5	92.7656	24.3395
1	121	74	122.455	74.9865	1.7579
1	121	74	109.024	97.3028	26.2002
1	121	74	120.304	74.3535	0.780575
1	121	74	113.415	87.4755	15.4635
1	121	74	140.166	86.0799	22.655
1	121	74	123.269	76.7889	3.59501
1	121	74	121.299	76.0986	2.11983
1	121	74	124.99	75.267	4.18648
1	121	74	114.839	83.1756	11.0523
1	121	74	119.46	76.6429	3.05905
1	121	74	122.59	73.7017	1.61792
1	121	74	124.506	73.4582	3.54752
1	121	74	120.955	73.6266	0.37607
1	121	74	122.027	71.2443	2.94091
1	121	74	124.32	74.3111	3.33457
1	121	74	118.48	78.8221	5.44081
1	121	74	117.039	72.9793	4.0907
1	121	74	118.528	78.155	4.83452
1	121	74	120.953	81.164	7.16413
1	121	74	117.777	80.643	7.38369
1	121	74	141.486	85.9	23.6911
1	121	74	117.8	76.4909	4.05522
1	121	74	107.978	68.0544	14.315
1	121	74	125.765	73.3778	4.80568
1	121	74	121.471	71.628	2.41831
1	121	74	115.359	81.4287	9.32766
1	121	74	119.271	77.8802	4.24799
1	121	74	121.501	71.4641	2.5849
1	121	74	124.932	75.614	4.25034
1	121	74	118.996	78.9095	5.30287
1	121	74	119.022	76.2421	2.99015
