1	121	74	115.37	29.7791	44.5779
1	121	74	82.1344	56.6518	42.5617
1	121	74	130.636	61.1712	16.0444
1	121	74	140.842	75.1277	19.8738
1	121	74	104.679	97.1427	28.3186
1	121	74	141.72	62.6129	23.6433
1	121	74	139.484	73.8027	18.4853
1	121	74	120.151	70.4831	3.61787
1	121	74	103.284	45.1719	33.8368
1	121	74	108.033	95.7604	25.3309
1	121	74	104.95	54.0359	25.616
1	121	74	97.0256	94.3254	31.4307
1	121	74	120.843	82.9368	8.93817
1	121	74	138.506	63.5137	20.4064
1	121	74	111.157	49.3623	26.531
1	121	74	106.111	90.9627	22.57
1	121	74	54.9949	97.4618	70.0509
1	121	74	102.032	45.1717	34.509
1	121	74	101.741	47.944	32.4011
1	121	74	79.4618	50.7135	47.6202
1	121	74	134.233	83.7468	16.4348
1	121	74	108.651	52.5088	24.7865
1	121	74	118.466	79.2421	5.82221
1	121	74	103.981	63.9813	19.7488
1	121	74	119.793	78.9491	5.09419
1	121	74	141.181	74.3537	20.1837
1	121	74	115.975	97.2344	23.7715
1	121	74	127.995	81.8086	10.4834
1	121	74	131.089	78.6363	11.103
1	121	74	108.215	96.884	26.2131
1	121	74	69.8546	11.4373	80.808
1	121	74	121.349	92.1832	18.1866
1	121	74	140.519	84.9285	22.3701
1	121	74	129.498	80.3397	10.6021
1	121	74	126.258	94.3884	21.0554
1	121	74	81.3791	55.669	43.656
1	121	74	130.633	69.0662	10.8232
1	121	74	140.354	69.795	19.806
1	121	74	108.85	85.2943	16.5883
1	121	74	136.829	58.7165	22.0032
1	121	74	106.326	97.3839	27.6066
1	121	74	98.93	54.0601	29.7436
1	121	74	47.9466	97.2951	76.6776
1	121	74	109.425	69.3193	12.4856
1	121	74	80.1952	48.7316	47.995
1	121	74	131.463	74.8039	10.4934
1	121	74	117.346	45.7553	28.4801
1	121	74	69.4503	11.503	81.0139
1	121	74	108.858	83.0085	15.119
1	121	74	124.8	70.7198	5.02005
1	121	74	113.963	97.4857	24.5173
1	121	74	95.9385	50.078	34.646
1	121	74	135.92	66.5407	16.6811
1	121	74	142.179	77.4383	21.4568
1	121	74	121.507	84.2725	10.285
1	121	74	97.9059	46.5481	35.874
1	121	74	126.304	90.2724	17.115
1	121	74	140.518	84.8621	22.3365
1	121	74	140.123	82.7383	21.0251
1	121	74	141.157	70.042	20.5414
1	121	74	112.923	71.1684	8.55898
1	121	74	103.405	56.9964	24.4687
1	121	74	115.455	97.4413	24.0883
1	121	74	139.925	85.4031	22.0948
1	121	74	86.2092	65.9263	35.7153
1	121	74	141.625	72.6152	20.6715
1	121	74	119.763	46.1396	27.8879
1	121	74	140.279	84.8897	22.1421
1	121	74	120.208	88.9575	14.9784
1	121	74	124.818	79.7118	6.87053
1	121	74	125.688	73.2242	4.75225
1	121	74	111.031	97.4782	25.5071
1	121	74	117.178	45.7548	28.5026
1	121	74	77.7493	53.292	47.9525
1	121	74	119.882	95.6662	21.695
1	121	74	134.738	70.2198	14.2488
1	121	74	130.485	74.6759	9.50905
1	121	74	71.0226	10.8481	80.535
1	121	74	115.332	79.8782	8.16588
1	121	74	119.338	46.0958	27.9537
1	121	74	127.16	73.5837	6.17359
1	121	74	117.082	45.7131	28.5569
1	121	74	131.534	91.0115	20.0089
1	121	74	135.032	81.5529	15.9359
1	121	74	107.4	54.1084	24.0965
1	121	74	96.658	74.2031	24.3428
1	121	74	45.723	44.2182	80.9542
1	121	74	106.504	97.4395	27.5598
1	121	74	10.4848	83.0229	110.883
1	121	74	122.162	79.1776	5.30641
1	121	74	99.4239	96.92	31.4778
1	121	74	139.708	85.7618	22.0982
1	121	74	116.284	86.4031	13.2696
1	121	74	122.187	56.7257	17.315
1	121	74	103.662	45.4935	33.3652
1	121	74	40.2145	24.7783	94.5995
1	121	74	142.135	54.7473	28.5896
1	121	74	135.576	77.8886	15.086
1	121	74	119.213	72.7994	2.15247
1	121	74	124.234	77.3265	4.63943
1	121	74	70.8662	10.5352	80.8775
1	121	74	130.185	91.4164	19.6898
1	121	74	124.024	75.0678	3.2074
1	121	74	118.42	87.5304	13.7741
1	121	74	98.7505	45.1856	36.4048
1	121	74	123.368	88.4966	14.6888
1	121	74	124.433	75.4141	3.71318
1	121	74	135.522	69.8242	15.1102
1	121	74	121.448	91.9121	17.9177
1	121	74	117.092	45.7131	28.5555
1	121	74	111.512	68.3041	11.0664
1	121	74	111.67	90.0343	18.5512
1	121	74	70.6448	10.8004	80.8074
1	121	74	107.921	96.9902	26.4502
1	121	74	133.404	64.9962	15.3275
1	121	74	129.236	89.8552	17.8669
1	121	74	136.539	52.3292	26.6662
1	121	74	122.802	95.5496	21.6248
1	121	74	115.4	86.8154	13.9853
1	121	74	42.7678	23.9133	92.8921
1	121	74	125.253	78.9437	6.52156
1	121	74	127.845	73.643	6.85412
1	121	74	124.55	79.7113	6.72449
1	121	74	102.964	97.4388	29.5751
1	121	74	129.386	71.686	8.69915
1	121	74	118.479	49.2948	24.8335
1	121	74	123.736	75.7387	3.24213
1	121	74	119.124	46.0112	28.0516
1	121	74	141.018	70.4047	20.3382
1	121	74	103.046	46.95	32.4663
1	121	74	111.957	94.2736	22.1989
1	121	74	40.1727	24.804	94.6219
1	121	74	101.045	71.7854	20.0771
1	121	74	139.395	64.8564	20.5421
1	121	74	115.537	85.0909	12.3635
1	121	74	140.216	67.2676	20.3615
1	121	74	107.263	94.8941	25.0055
1	121	74	131.684	84.6166	15.0621
1	121	74	117.166	70.758	5.02079
1	121	74	106.121	85.7083	18.9332
1	121	74	130.962	76.6249	10.3015
1	121	74	117.785	45.9806	28.2032
1	121	74	96.5389	97.4374	33.8771
1	121	74	115.25	45.4207	29.152
1	121	74	140.519	84.9387	22.3753
1	121	74	127.999	68.1316	9.13347
1	121	74	126.63	72.8082	5.75498
1	121	74	43.1891	41.9635	84.1479
1	121	74	114.807	45.3381	29.3233
1	121	74	135.477	51.9179	26.4044
1	121	74	137.824	70.2767	17.2308
1	121	74	112.184	63.5507	13.6714
1	121	74	111.012	97.3658	25.4112
1	121	74	125.46	76.3457	5.03939
1	121	74	29.1127	31.0904	101.413
1	121	74	133.53	69.3213	13.375
1	121	74	122.421	72.4492	2.10344
1	121	74	106.543	67.7062	15.7673
1	121	74	135.22	89.4493	20.9971
1	121	74	122.593	56.2927	17.7789
1	121	74	126.587	69.1248	7.41492
1	121	74	140.104	76.3398	19.2466
1	121	74	100.815	45.375	35.0259
1	121	74	38.0529	97.4248	86.1913
1	121	74	141.344	83.9125	22.6301
1	121	74	115.09	45.3794	29.2244
1	121	74	135.871	59.6592	20.6592
1	121	74	81.8716	57.6706	42.399
1	121	74	104.339	45.1721	33.2961
1	121	74	87.8439	53.9459	38.7491
1	121	74	127.782	83.8192	11.9338
1	121	74	133.892	70.8756	13.2649
1	121	74	133.68	80.4691	14.235
1	121	74	118.751	75.7064	2.82269
1	121	74	103.339	83.0997	19.8675
1	121	74	74.8799	53.1565	50.6114
1	121	74	126.1	72.791	5.2416
1	121	74	61.5442	61.3744	60.7815
1	121	74	36.9069	22.8445	98.4303
1	121	74	135.632	78.847	15.4142
1	121	74	113.639	45.1738	29.7511
1	121	74	116.335	45.5873	28.7932
1	121	74	136.962	77.2167	16.2828
1	121	74	108.638	95.8031	25.0639
1	121	74	77.5348	57.0382	46.6575
1	121	74	7.98927	85.7138	113.616
1	121	74	94.2145	61.8244	29.4229
1	121	74	119.064	77.389	3.90285
1	121	74	129.254	72.82	8.33751
1	121	74	75.4055	10.5782	78.1101
1	121	74	107.838	97.4398	26.8825
1	121	74	121.319	73.9977	0.318569
1	121	74	40.6897	22.6938	95.2999
1	121	74	110.24	45.7753	30.2061
1	121	74	121.799	94.6583	20.6737
1	121	74	108.064	97.4398	26.7723
1	121	74	117.744	79.292	6.21339
1	121	74	121.203	92.4203	18.4214
1	121	74	83.5971	51.9554	43.4159
1	121	74	115.645	86.7331	13.8133
1	121	74	139.694	68.5294	19.4782
1	121	74	134.073	76.3118	13.2756
1	121	74	122.657	69.2556	5.02529
1	121	74	115.73	81.0248	8.78172
1	121	74	138.982	76.4982	18.1544
1	121	74	85.6614	53.9853	40.6129
1	121	74	103.963	71.5393	17.2136
1	121	74	121.478	93.8836	19.8893
1	121	74	120.493	70.4047	3.63082
1	121	74	138.671	55.9142	25.2856
1	121	74	116.434	45.5875	28.777
1	121	74	39.8487	23.1795	95.751
1	121	74	106.158	85.9853	19.0773
1	121	74	70.8984	10.6585	80.7609
1	121	74	123.213	52.8743	21.2413
1	121	74	115.263	45.4207	29.1494
1	121	74	123.338	80.8538	7.24152
1	121	74	112.406	97.3864	24.9155
1	121	74	129.77	68.5624	10.3186
1	121	74	117.463	45.7556	28.465
1	121	74	85.4519	64.7986	36.7197
1	121	74	113.386	57.7459	17.9492
1	121	74	92.1976	90.0982	32.9959
1	121	74	110.946	47.4066	28.4305
1	121	74	114.976	45.3793	29.2479
1	121	74	128.307	92.1872	19.6003
1	121	74	142.067	83.0249	22.9183
1	121	74	124.663	76.3131	4.3325
1	121	74	48.2298	29.3326	85.3855
1	121	74	140.21	82.7027	21.0898
1	121	74	103.179	97.4091	29.4209
1	121	74	128.363	73.7757	7.36665
1	121	74	64.5361	11.018	84.5866
1	121	74	128.041	86.9494	14.7397
1	121	74	131.651	73.3816	10.6691
1	121	74	118.181	91.3414	17.569
1	121	74	133.35	74.9598	12.3869
1	121	74	139.733	85.8106	22.1456
1	121	74	131.19	63.1155	14.9097
1	121	74	105.082	86.2155	20.0648
1	121	74	122.55	70.8089	3.54771
1	121	74	129	84.0213	12.8227
1	121	74	71.0338	10.8673	80.5131
1	121	74	114.869	45.3381	29.3103
1	121	74	112.147	45.1735	30.1552
1	121	74	114.254	79.7549	8.86737
1	121	74	117.73	45.8395	28.3498
1	121	74	123.636	81.1825	7.65094
1	121	74	86.3251	65.8186	35.627
1	121	74	137.683	71.2617	16.9058
1	121	74	115.766	45.5037	28.973
1	121	74	125.701	75.7486	5.01539
1	121	74	111.55	45.1734	30.336
1	121	74	117.677	77.6438	4.93151
1	121	74	85.7519	61.0876	37.5388
1	121	74	121.85	82.692	8.73347
1	121	74	57.1402	51.6162	67.6692
1	121	74	116.511	91.8885	18.4431
1	121	74	119.863	46.1403	27.8829
1	121	74	134.889	89.6805	20.9469
1	121	74	119.307	86.6519	12.7646
1	121	74	39.976	24.9377	94.7206
1	121	74	112.548	83.1897	12.4852
1	121	74	116.971	87.9315	14.5024
1	121	74	131.577	65.2996	13.6954
1	121	74	105.872	97.4243	27.8849
1	121	74	100.763	68.3191	21.0196
1	121	74	71.1857	10.5316	80.6827
1	121	74	116.434	94.6915	21.1894
1	121	74	133.245	79.927	13.6041
1	121	74	68.1544	11.427	81.9026
1	121	74	119.014	85.5735	11.7426
1	121	74	113.134	97.4921	24.7742
1	121	74	116.917	85.0938	11.8214
1	121	74	127.459	73.0679	6.52574
1	121	74	134.693	76.7883	13.9744
1	121	74	79.6407	93.8496	45.8759
1	121	74	105.238	45.1723	32.8554
1	121	74	109.912	81.5971	13.4407
1	121	74	117.192	88.2412	14.7417
1	121	74	92.014	66.7464	29.8798
1	121	74	119.819	90.4868	16.5291
1	121	74	88.8589	62.0334	34.2965
1	121	74	119.127	92.1079	18.2045
1	121	74	109.824	91.6633	20.9019
1	121	74	130.812	87.6867	16.8404
1	121	74	106.836	95.6013	25.8307
1	121	74	112.303	47.5662	27.8279
1	121	74	111.587	50.2046	25.5895
1	121	74	136.899	80.4728	17.1659
1	121	74	99.6711	95.4111	30.2218
1	121	74	87.3117	66.0834	34.6059
1	121	74	93.7328	56.4646	32.419
1	121	74	136.655	78.765	16.3637
1	121	74	102.56	47.0595	32.6468
1	121	74	121.674	69.7449	4.30813
1	121	74	60.3538	42.4129	68.3791
1	121	74	132.28	70.6257	11.7737
1	121	74	113.833	93.2711	20.5607
1	121	74	122.571	71.9331	2.59591
1	121	74	119.003	46.0107	28.0604
1	121	74	111.6	92.8706	21.082
1	121	74	129.009	66.9307	10.683
1	121	74	127.588	58.0035	17.3001
1	121	74	119.913	46.1822	27.839
1	121	74	118.502	95.8264	21.9689
1	121	74	141.463	83.7224	22.6549
1	121	74	89.9485	54.1387	36.8601
1	121	74	141.218	69.5608	20.6994
1	121	74	132.477	83.5974	14.9608
1	121	74	117.777	81.2701	7.95241
1	121	74	127.365	82.1411	10.3337
1	121	74	98.5623	97.4379	32.4466
1	121	74	119.91	74.2258	1.11298
1	121	74	136.296	72.362	15.3839
1	121	74	115.734	88.1369	15.0858
1	121	74	125.749	93.4915	20.0617
1	121	74	105.53	97.1769	27.8655
1	121	74	83.556	64.2052	38.7039
1	121	74	95.4531	57.2523	30.5472
1	121	74	123.054	84.7641	10.9582
1	121	74	107.507	85.652	17.8276
1	121	74	87.9553	65.5545	34.1069
1	121	74	108.614	97.1594	26.2637
1	121	74	112.163	86.7106	15.4807
1	121	74	119.405	46.0961	27.9495
1	121	74	54.7415	97.4285	70.2786
1	121	74	113.046	91.7461	19.4471
1	121	74	113.279	65.5191	11.4691
1	121	74	123.177	46.6662	27.4204
1	121	74	73.1425	11.2427	78.9229
1	121	74	104.88	97.4392	28.4472
1	121	74	121.355	77.44	3.4583
1	121	74	131.952	71.8104	11.1685
1	121	74	128.805	91.1077	18.8039
1	121	74	103.318	97.4388	29.3606
1	121	74	126.76	82.3663	10.1576
1	121	74	38.8305	22.0353	97.2222
1	121	74	138.516	64.5553	19.9004
1	121	74	137.568	23.6274	53.0272
1	121	74	113.283	82.1799	11.2454
1	121	74	129.101	76.3557	8.4369
1	121	74	131.078	63.2884	14.7073
1	121	74	119.492	46.0964	27.9443
1	121	74	125.965	91.9308	18.6054
1	121	74	41.7604	23.7143	93.8487
1	121	74	138.419	62.9318	20.6381
1	121	74	72.0521	49.8181	54.5954
1	121	74	127.126	87.0847	14.448
1	121	74	125.521	47.0697	27.3071
1	121	74	104.795	97.3833	28.4499
1	121	74	83.5447	58.1772	40.6603
1	121	74	85.5123	66.1319	36.3495
1	121	74	39.6984	25.0845	94.8825
1	121	74	103.871	88.7199	22.585
1	121	74	119.583	46.0968	27.9391
1	121	74	121.415	74.8342	0.931747
1	121	74	118.008	45.882	28.2767
1	121	74	102.861	97.4387	29.6376
1	121	74	111.575	90.6093	19.0973
1	121	74	129.13	72.544	8.25977
1	121	74	129.283	71.0876	8.78021
1	121	74	104.627	50.1194	28.9542
1	121	74	122.195	73.2013	1.43717
1	121	74	135.611	83.8907	17.6438
1	121	74	112.619	64.4675	12.6928
1	121	74	129.584	57.0584	18.9923
1	121	74	141.225	84.0955	22.6048
1	121	74	112.521	84.3686	13.3943
1	121	74	95.9208	97.3796	34.2866
1	121	74	116.723	45.7028	28.6186
1	121	74	39.7791	25.0663	94.8227
1	121	74	107.583	97.1757	26.7795
1	121	74	135.532	69.7687	15.1354
1	121	74	138.434	78.6494	18.0431
1	121	74	111.359	45.3813	30.1991
1	121	74	118.718	76.7856	3.6009
1	121	74	116.382	84.7508	11.7006
1	121	74	117.283	93.4699	19.8215
1	121	74	131.831	80.9972	12.8945
1	121	74	122.663	66.4022	7.77753
1	121	74	137.841	76.7179	17.059
1	121	74	119.52	74.0245	1.47992
1	121	74	118.267	45.8829	28.2497
1	121	74	127.107	76.3099	6.52886
1	121	74	120.123	76.6051	2.74866
1	121	74	103.479	65.0466	19.6765
1	121	74	126.827	75.7124	6.07357
1	121	74	131.42	74.9605	10.4641
1	121	74	116.352	86.0643	12.9287
1	121	74	119.363	46.054	27.9939
1	121	74	133.035	69.7917	12.7499
1	121	74	111.23	47.9425	27.8289
1	121	74	112.28	97.4407	25.0101
1	121	74	129.314	90.9154	18.8482
1	121	74	102.028	45.8735	33.9272
1	121	74	122.559	77.9936	4.28717
1	121	74	117.18	80.5357	7.57028
1	121	74	103.076	97.3826	29.4618
1	121	74	127.548	73.0451	6.61741
1	121	74	115.016	80.7253	9.00188
1	121	74	133.724	78.6248	13.5385
1	121	74	135.339	63.9947	17.4849
1	121	74	140.768	49.2237	31.6958
1	121	74	107.25	45.1726	31.9386
1	121	74	97.3465	50.7649	33.1566
1	121	74	97.8023	91.3596	28.974
1	121	74	92.2814	57.152	33.2958
1	121	74	138.601	73.9157	17.6016
1	121	74	123.856	82.9425	9.38758
1	121	74	10.7454	83.18	110.636
1	121	74	127.573	93.0002	20.105
1	121	74	127.082	77.7677	7.15443
1	121	74	138.25	77.4432	17.5902
1	121	74	109.013	75.1699	12.0443
1	121	74	131.642	76.1983	10.8664
1	121	74	104.109	83.7098	19.4827
1	121	74	133.086	83.0046	15.0719
1	121	74	42.2699	23.3726	93.6033
1	121	74	104.355	97.3831	28.7024
1	121	74	61.2381	82.6276	60.3814
1	121	74	138.976	82.4695	19.8716
1	121	74	116.362	45.5873	28.7888
1	121	74	134.4	72.9941	13.4381
1	121	74	109.62	67.6461	13.0333
1	121	74	118.745	27.2698	46.7846
1	121	74	122.29	69.8408	4.35466
1	121	74	127.244	92.8574	19.8642
1	121	74	114.805	96.4825	23.3203
1	121	74	113.616	45.1738	29.757
1	121	74	122.354	75.0455	1.71048
1	121	74	113.736	45.1738	29.7275
1	121	74	127.52	73.4777	6.54062
1	121	74	115.812	45.5038	28.9647
1	121	74	124.191	92.4645	18.7383
1	121	74	106.611	97.2846	27.3719
1	121	74	10.5038	59.138	111.491
1	121	74	118.016	45.882	28.2759
1	121	74	99.0814	52.9756	30.3719
1	121	74	134.487	76.2987	13.6814
1	121	74	126.003	75.7873	5.3129
1	121	74	119.049	84.5536	10.7325
1	121	74	127.812	81.0589	9.80988
1	121	74	96.1559	61.502	27.8106
1	121	74	117.565	77.818	5.13568
1	121	74	131.72	87.9795	17.6169
1	121	74	101.213	15.0753	62.1582
1	121	74	96.1937	47.37	36.3938
1	121	74	103.805	45.172	33.5664
1	121	74	112.629	88.9521	17.1358
1	121	74	122.495	75.5824	2.17704
1	121	74	118.305	45.5781	28.5494
1	121	74	86.2	65.5687	35.8068
1	121	74	82.0895	55.4993	43.0849
1	121	74	115.985	97.4331	23.9636
1	121	74	110.619	45.1732	30.6389
1	121	74	102.549	93.9293	27.1594
1	121	74	128.188	78.7091	8.59319
1	121	74	117.829	87.2424	13.6169
1	121	74	113.655	92.7799	20.165
1	121	74	106.282	97.3758	27.6231
1	121	74	97.1466	97.4376	33.441
1	121	74	131.635	73.4753	10.6483
1	121	74	133.092	64.3722	15.4569
1	121	74	39.7025	25.0778	94.8824
1	121	74	122.33	66.4399	7.67628
1	121	74	115.908	45.504	28.9474
1	121	74	70.7099	10.7522	80.8046
1	121	74	86.6224	66.0095	35.294
1	121	74	125.495	85.3734	12.2295
1	121	74	58.966	88.9725	63.8153
1	121	74	137.445	72.1794	16.5452
1	121	74	128.149	53.6628	21.5571
1	121	74	38.5354	25.7574	95.5393
1	121	74	29.188	33.6294	100.296
1	121	74	121.769	71.5196	2.59681
1	121	74	107.536	78.5882	14.2244
1	121	74	126.747	75.1078	5.85314
1	121	74	99.0054	97.4268	32.1337
1	121	74	115.359	85.9981	13.258
1	121	74	134.094	67.6015	14.5741
1	121	74	102.573	97.4387	29.8148
1	121	74	86.1516	65.923	35.7722
1	121	74	142.187	81.8265	22.5863
1	121	74	115.03	85.1307	12.6308
1	121	74	106.747	86.0814	18.6842
1	121	74	114.631	45.3379	29.3613
1	121	74	118.265	90.7807	17.0021
1	121	74	117.027	87.4737	14.0471
1	121	74	116.737	79.5906	7.03057
1	121	74	73.1836	88.6376	50.0066
1	121	74	109.203	80.1898	13.3223
1	121	74	133.478	71.1765	12.7937
1	121	74	49.9332	31.3137	82.9012
1	121	74	138.842	74.8728	17.8629
1	121	74	8.01161	85.7076	113.593
1	121	74	118.069	80.5389	7.16573
1	121	74	110.647	95.5255	23.8859
1	121	74	141.208	76.7249	20.3911
1	121	74	141.046	84.2185	22.5002
1	121	74	119.209	77.0978	3.57847
1	121	74	137.043	74.6654	16.0568
1	121	74	120.816	71.9716	2.03678
1	121	74	141.916	84.7591	23.5211
1	121	74	127.828	70.008	7.90968
1	121	74	23.8247	37.9378	103.651
1	121	74	113.645	90.6224	18.1769
1	121	74	111.995	79.3994	10.4993
1	121	74	130.992	71.6033	10.2758
1	121	74	136.149	81.8078	17.0424
1	121	74	99.7445	46.8496	34.481
1	121	74	132.246	69.8248	11.9956
1	121	74	131.908	82.87	14.0594
1	121	74	131.103	82.6445	13.2968
1	121	74	122.499	72.0491	2.46018
1	121	74	126.097	94.3441	20.9728
1	121	74	96.7219	90.6215	29.4228
1	121	74	114.247	87.9816	15.5268
1	121	74	140.452	84.99	22.3415
1	121	74	126.95	94.2039	21.0619
1	121	74	124.012	69.712	5.24014
1	121	74	118.395	74.9893	2.78689
1	121	74	134.897	88.0628	19.7709
1	121	74	138.212	70.1887	17.6286
1	121	74	53.5592	93.9912	70.3414
1	121	74	97.2467	51.1848	32.9356
1	121	74	125.218	68.7293	6.75042
1	121	74	130.079	75.6958	9.23625
1	121	74	121.85	81.9384	7.98374
1	121	74	109.418	82.162	14.169
1	121	74	127.795	72.5135	6.95544
1	121	74	118.439	75.9417	3.21407
1	121	74	141.965	77.0475	21.1857
1	121	74	127.885	81.4425	10.139
1	121	74	124.355	92.4692	18.7715
1	121	74	107.682	73.0996	13.3485
1	121	74	102.755	68.8715	18.9517
1	121	74	109.017	90.409	20.3186
1	121	74	111.623	47.7656	27.8598
1	121	74	118.919	55.4054	18.7107
1	121	74	136.199	63.8085	18.3
1	121	74	116.364	80.6947	8.14314
1	121	74	116.959	86.5758	13.209
1	121	74	118.981	64.9941	9.22955
1	121	74	139.156	55.1092	26.201
1	121	74	130.657	89.9943	18.6835
1	121	74	122.843	79.4231	5.7276
1	121	74	130.555	72.2123	9.72067
1	121	74	126.603	68.9749	7.52619
1	121	74	120.904	68.7812	5.21973
1	121	74	110.487	88.6428	18.0261
1	121	74	99.9459	93.3326	28.5836
1	121	74	122.352	69.7208	4.48755
1	121	74	138.02	85.191	20.3697
1	121	74	110.495	81.6316	12.9841
1	121	74	139.798	65.5699	20.6015
1	121	74	107.841	97.2953	26.7552
1	121	74	131.245	55.6997	20.973
1	121	74	129.163	56.1774	19.6031
1	121	74	85.2795	66.1345	36.5762
1	121	74	126.663	77.9162	6.88498
1	121	74	133.505	74.6358	12.521
1	121	74	119.714	88.5509	14.6076
1	121	74	129.05	71.5602	8.41143
1	121	74	103.808	69.4374	17.7874
1	121	74	111.564	86.2532	15.4652
1	121	74	140.18	81.8882	20.7383
1	121	74	122.931	71.3755	3.25858
1	121	74	137.49	75.1262	16.5286
1	121	74	86.2543	65.9072	35.6757
1	121	74	129.387	72.4193	8.53439
1	121	74	118.896	46.0103	28.0687
1	121	74	116.527	84.203	11.1406
1	121	74	125.25	76.7174	5.04457
1	121	74	114.961	45.3793	29.251
1	121	74	131.195	79.0919	11.3962
1	121	74	120.537	78.5678	4.5912
1	121	74	40.6439	24.4912	94.3834
1	121	74	118.393	75.5158	3.01549
1	121	74	46.8532	20.2309	91.5907
1	121	74	140.335	84.9304	22.2108
1	121	74	132.925	81.0829	13.8697
1	121	74	123.377	77.0199	3.84339
1	121	74	124.498	76.351	4.21494
1	121	74	139.182	79.5883	19.021
1	121	74	103.366	97.4388	29.3316
1	121	74	132.575	82.6472	14.4481
1	121	74	129.594	77.5863	9.31198
1	121	74	138.004	85.2474	20.3869
1	121	74	87.9837	65.9444	33.9848
1	121	74	39.3828	25.251	95.0675
1	121	74	121.617	81.5151	7.54043
1	121	74	113.959	97.4816	24.5145
1	121	74	6.71733	86.9421	115.013
1	121	74	132.303	63.3062	15.5603
1	121	74	125.949	82.5004	9.83604
1	121	74	130.908	73.4982	9.92095
1	121	74	114.479	93.6651	20.7182
1	121	74	118.684	86.8331	13.0405
1	121	74	108.131	97.0281	26.3799
1	121	74	83.893	65.426	38.0847
1	121	74	85.3014	65.3523	36.7311
1	121	74	131.843	71.7218	11.0801
1	121	74	130.198	77.1982	9.7377
1	121	74	108.274	67.7307	14.1862
1	121	74	131.753	90.3673	19.5835
1	121	74	121.292	77.819	3.83016
1	121	74	99.0133	66.7968	23.1366
1	121	74	98.0573	70.3149	23.2367
1	121	74	109.276	95.6055	24.5814
1	121	74	104.144	69.2385	17.5156
1	121	74	111.244	90.4774	19.1489
1	121	74	126.46	62.9919	12.2877
1	121	74	39.9758	24.9378	94.7207
1	121	74	104.328	84.3383	19.6175
1	121	74	120.721	70.2391	3.77126
1	121	74	97.6293	97.4377	33.0986
1	121	74	116.779	96.1001	22.4996
1	121	74	110.31	93.3262	22.0855
1	121	74	119.425	77.3005	3.65721
1	121	74	65.7527	46.0846	61.8994
1	121	74	103.089	47.944	31.6184
1	121	74	120.066	72.4457	1.81313
1	121	74	94.1062	66.7013	27.8666
1	121	74	136.019	80.1122	16.215
1	121	74	124.681	92.3068	18.6732
1	121	74	115.197	80.6355	8.81471
1	121	74	134.681	71.1912	13.9664
1	121	74	121.859	73.5582	0.966071
1	121	74	48.2931	19.639	90.7822
1	121	74	119.238	77.151	3.61021
1	121	74	128.809	73.9693	7.80932
1	121	74	119.54	84.1966	10.3006
1	121	74	40.2541	24.7559	94.5774
1	121	74	105.928	45.4902	32.2487
1	121	74	118.387	77.3241	4.22814
1	121	74	128.261	71.1734	7.79148
1	121	74	118.928	73.9876	2.07159
1	121	74	107.336	47.435	29.8731
1	121	74	118.387	73.9654	2.61373
1	121	74	128.053	68.6032	8.88077
1	121	74	114.64	93.4594	20.4723
1	121	74	88.1573	65.4129	33.9468
1	121	74	138.014	74.4678	17.0202
1	121	74	135.398	63.8817	17.5975
1	121	74	106.637	85.1803	18.2013
1	121	74	112.529	79.8124	10.2733
1	121	74	84.1282	66.1882	37.6903
1	121	74	43.2108	24.4187	92.2468
1	121	74	77.6063	50.585	49.308
1	121	74	106.935	83.546	16.9987
1	121	74	109.424	80.7444	13.3971
1	121	74	119.047	74.4413	2.00247
1	121	74	135.112	75.548	14.197
1	121	74	44.5261	44.5153	81.961
1	121	74	136.357	64.489	18.0638
1	121	74	83.0947	53.4982	43.0945
1	121	74	110.564	91.6484	20.5031
1	121	74	124.115	80.1434	6.88807
1	121	74	115.602	77.9139	6.66794
1	121	74	84.1172	57.454	40.4241
1	121	74	94.5356	96.6178	34.8128
1	121	74	138.057	75.514	17.1244
1	121	74	122.78	86.6818	12.8062
1	121	74	98.2412	97.4378	32.6694
1	121	74	134.781	79.7989	14.9513
1	121	74	137.064	69.8213	16.5988
1	121	74	96.6374	95.4614	32.4673
1	121	74	119.621	77.6148	3.86898
1	121	74	109.663	70.3649	11.9054
1	121	74	141.665	77.5166	20.9624
1	121	74	121.315	84.3971	10.4019
1	121	74	138.888	40.0144	38.4055
1	121	74	117.717	85.3636	11.8285
1	121	74	87.8945	66.1809	34.0163
1	121	74	94.1078	92.5778	32.6852
1	121	74	110.88	93.7287	22.1726
1	121	74	118.362	45.9248	28.1988
1	121	74	135.313	75.2598	14.3686
1	121	74	141.227	85.3266	23.182
1	121	74	115.877	45.5039	28.9529
1	121	74	106.821	72.0042	14.3183
1	121	74	123.081	69.5027	4.95557
1	121	74	76.6091	11.0259	77.0473
1	121	74	40.6303	24.5013	94.3897
1	121	74	132.528	73.2743	11.5512
1	121	74	115.416	79.7733	8.03216
1	121	74	128.234	77.0013	7.83204
1	121	74	118.27	78.5521	5.3081
1	121	74	111.505	97.4405	25.2905
1	121	74	116.796	45.671	28.6393
1	121	74	133.793	56.8066	21.4307
1	121	74	65.1411	10.6879	84.4312
1	121	74	89.033	62.0179	34.1388
1	121	74	83.9997	63.0355	38.5907
1	121	74	95.8649	57.5534	30.0378
1	121	74	125.829	67.0229	8.48511
1	121	74	96.6251	53.7175	31.7098
1	121	74	119.797	77.6422	3.83562
1	121	74	112.463	64.1472	13.0365
1	121	74	48.1984	39.3357	80.6331
1	121	74	140.544	64.781	21.6092
1	121	74	38.9919	25.4862	95.2834
1	121	74	128.271	81.7769	10.6467
1	121	74	111.383	64.026	13.8552
1	121	74	140.195	85.7441	22.5025
1	121	74	97.4179	51.7528	32.4199
1	121	74	133.641	80.0461	14.0128
1	121	74	84.6941	65.1886	37.3598
1	121	74	70.9362	10.6558	80.7395
1	121	74	121.233	87.6199	13.6219
1	121	74	118.915	74.147	2.08979
1	121	74	137.723	87.6268	21.572
1	121	74	106.585	87.1156	19.4887
1	121	74	112.742	86.6299	15.0901
1	121	74	139.826	85.7609	22.1979
1	121	74	125.005	46.9794	27.3158
1	121	74	97.0334	97.0339	33.2409
1	121	74	84.1518	52.6836	42.5697
1	121	74	131.914	85.1528	15.6048
1	121	74	124.668	89.0211	15.4625
1	121	74	117.294	93.7757	20.12
1	121	74	116.661	45.6293	28.7005
1	121	74	135.258	80.4953	15.668
1	121	74	102.575	56.6661	25.2969
1	121	74	128.477	79.1567	9.08301
1	121	74	94.7449	97.4371	35.1941
1	121	74	102.86	88.2808	23.087
1	121	74	103.55	55.5968	25.3611
1	121	74	132.034	79.5644	12.3573
1	121	74	72.8749	90.2915	50.8079
1	121	74	116.716	45.6708	28.6513
1	121	74	130.76	76.3608	10.041
1	121	74	114.393	97.4411	24.3544
1	121	74	50.7581	31.7572	81.9657
1	121	74	106.778	97.3839	27.3692
1	121	74	71.1847	10.5319	80.6831
1	121	74	117.392	76.0128	4.13129
1	121	74	123.14	84.8483	11.0573
1	121	74	104.077	97.439	28.9097
1	121	74	117.378	60.2699	14.1998
1	121	74	114.279	83.0275	11.2547
1	121	74	105.271	97.4392	28.2274
1	121	74	118.578	87.0015	13.2251
1	121	74	110.26	74.686	10.7622
1	121	74	108.5	97.4043	26.5332
1	121	74	113.679	84.4335	12.7456
1	121	74	136.457	59.091	21.4757
1	121	74	141.872	71.249	21.0524
1	121	74	116.269	77.791	6.06218
1	121	74	125.673	74.5653	4.70701
1	121	74	81.6803	66.0745	40.1105
1	121	74	141.58	72.3123	20.6487
1	121	74	116.972	45.6714	28.6135
1	121	74	125.201	91.6853	18.1774
1	121	74	96.7031	97.4375	33.7587
1	121	74	118.367	83.3074	9.67259
1	121	74	123.17	75.9336	2.90676
1	121	74	142.18	77.7379	21.5074
1	121	74	140.988	84.3509	22.509
1	121	74	105.802	91.8465	23.4411
1	121	74	142.199	68.021	22.0257
1	121	74	115.245	81.7008	9.6134
1	121	74	122.119	87.4731	13.5196
1	121	74	49.5039	41.6011	78.4945
1	121	74	98.3316	97.4378	32.6065
1	121	74	141.917	65.7466	22.4861
1	121	74	139.455	69.4832	18.9998
1	121	74	84.6157	66.1264	37.2265
1	121	74	104.992	88.0506	21.2999
1	121	74	124.098	72.6954	3.36131
1	121	74	133.589	81.272	14.538
1	121	74	119.036	79.1688	5.52927
1	121	74	133.948	86.2152	17.8003
1	121	74	92.3194	95.348	35.7535
1	121	74	132.386	60.9504	17.3185
1	121	74	84.5503	56.2217	40.5543
1	121	74	41.2366	24.0776	94.098
1	121	74	123.581	71.1923	3.81365
1	121	74	142.177	76.0949	21.2803
1	121	74	125.228	73.7906	4.23316
1	121	74	122.034	95.9186	21.943
1	121	74	86.4527	58.6556	37.8017
1	121	74	123.887	73.133	3.01444
1	121	74	109.315	97.4439	26.1948
1	121	74	134.995	29.3584	46.7838
1	121	74	84.9911	66.0644	36.873
1	121	74	121.181	93.3715	19.3723
1	121	74	116.715	80.0745	7.43407
1	121	74	89.0044	63.505	33.6729
1	121	74	81.5364	53.8219	44.3231
1	121	74	73.9925	53.0763	51.4539
1	121	74	117.426	78.2403	5.54563
1	121	74	86.5883	53.8936	39.8552
1	121	74	119.203	76.7067	3.24896
1	121	74	111.71	48.1467	27.4717
1	121	74	131.622	78.08	11.3784
1	121	74	80.0528	54.0896	45.5313
1	121	74	39.6803	25.0856	94.8973
1	121	74	121.51	91.4806	17.4881
1	121	74	94.1905	97.4369	35.6095
1	121	74	117.011	92.4921	18.9175
1	121	74	133.671	81.2402	14.5937
1	121	74	104.469	97.4391	28.6821
1	121	74	122.033	72.9163	1.49697
1	121	74	119.429	46.0962	27.948
1	121	74	121.803	74.8173	1.14606
1	121	74	87.7818	65.6839	34.2433
1	121	74	127.567	90.815	18.052
1	121	74	122.077	94.5188	20.5471
1	121	74	36.5514	27.8925	96.2158
1	121	74	98.2119	87.3401	26.4056
1	121	74	140.986	84.2014	22.4386
1	121	74	111.033	96.6411	24.7378
1	121	74	102.221	55.2742	26.5198
1	121	74	118.6	45.9674	28.1352
1	121	74	106.237	85.1397	18.4941
1	121	74	120.797	76.3285	2.33733
1	121	74	107.928	67.596	14.5566
1	121	74	105.543	45.1723	32.7101
1	121	74	112.03	57.5276	18.7561
1	121	74	125.153	70.7831	5.25312
1	121	74	88.3475	65.9167	33.6381
1	121	74	127.513	49.953	24.9134
1	121	74	113.678	96.5428	23.702
1	121	74	128.464	92.8892	20.3104
1	121	74	108.744	87.513	18.2432
1	121	74	70.9435	89.3581	52.3595
1	121	74	39.4644	25.1992	95.024
1	121	74	123.786	95.1707	21.3532
1	121	74	139.659	76.1812	18.7861
1	121	74	121.68	46.4444	27.564
1	121	74	102.569	97.4387	29.8174
1	121	74	116.408	45.6287	28.7405
1	121	74	88.0613	64.6127	34.2502
1	121	74	6.6548	86.6259	115.04
1	121	74	127.002	74.3798	6.01381
1	121	74	83.419	63.6268	38.9864
1	121	74	121.232	46.3995	27.6014
1	121	74	108.442	97.0767	26.2723
1	121	74	103.156	45.1719	33.9039
1	121	74	130.087	75.8521	9.27419
1	121	74	94.7524	93.5857	32.7496
1	121	74	110.488	88.9111	18.2442
1	121	74	117.462	78.7608	5.93137
1	121	74	110.797	93.8221	22.2938
1	121	74	54.6629	13.3678	89.8714
1	121	74	122.49	92.9635	19.022
1	121	74	113.636	76.8045	7.87963
1	121	74	88.1846	60.2492	35.58
1	121	74	123.7	85.3588	11.6752
1	121	74	34.0152	63.2388	87.6479
1	121	74	135.755	74.8516	14.78
1	121	74	90.5636	54.3899	36.2068
1	121	74	97.7853	97.4377	32.9886
1	121	74	40.5781	23.8351	94.785
1	121	74	59.3468	47.1519	67.2453
1	121	74	119.037	73.5907	2.005
1	121	74	88.5297	65.8568	33.4758
1	121	74	127.573	79.5586	8.60829
1	121	74	114.148	45.2557	29.5497
1	121	74	116.449	45.5875	28.7747
1	121	74	136.7	76.9198	15.9694
1	121	74	107.374	95.9153	25.8057
1	121	74	126.852	53.4661	21.3514
1	121	74	117.28	85.9361	12.5025
1	121	74	41.4598	24.611	93.6265
1	121	74	113.082	96.7006	24.0419
1	121	74	119.55	46.0967	27.941
1	121	74	105.767	80.2328	16.4589
1	121	74	70.6997	10.7733	80.7945
1	121	74	95.919	97.4373	34.3273
1	121	74	115.788	83.1503	10.5306
1	121	74	121.263	91.5049	17.5069
1	121	74	138.914	76.3333	18.0657
1	121	74	138.37	62.6653	20.741
1	121	74	133.924	81.4489	14.9166
1	121	74	128.452	29.8738	44.751
1	121	74	113.24	93.8573	21.3195
1	121	74	40.6644	24.4761	94.3739
1	121	74	108.57	80.6807	14.1113
1	121	74	110.222	97.4041	25.7667
1	121	74	110.052	97.4846	25.9109
1	121	74	108.117	86.9257	18.2493
1	121	74	126.68	78.0444	6.97308
1	121	74	140.803	84.4375	22.3857
1	121	74	119.613	73.9585	1.38771
1	121	74	99.5843	45.5151	35.6373
1	121	74	126.674	68.388	7.98072
1	121	74	121.257	78.3919	4.39939
1	121	74	109.319	95.0327	24.0588
1	121	74	136.447	75.8373	15.5562
1	121	74	111.69	88.9034	17.5723
1	121	74	130.173	77.9127	9.97274
1	121	74	131.943	85.4958	15.8716
1	121	74	139.644	86.4475	22.4171
1	121	74	132.316	74.7301	11.3392
1	121	74	109.13	70.1666	12.474
1	121	74	126.449	89.3018	16.2428
1	121	74	105.368	31.9857	44.828
1	121	74	131.714	71.8567	10.9259
1	121	74	134.013	74.626	13.0276
1	121	74	109.069	66.5591	14.0612
1	121	74	83.4513	61.7814	39.4867
1	121	74	58.5407	43.4031	69.551
1	121	74	139.844	74.4528	18.8499
1	121	74	121.517	46.4012	27.6037
1	121	74	102.651	97.4387	29.7665
1	121	74	126.457	78.0456	6.7929
1	121	74	127.471	81.1928	9.67516
1	121	74	48.1377	39.3886	80.6651
1	121	74	129.565	72.7183	8.66068
1	121	74	135.371	71.0031	14.6804
1	121	74	137.547	73.7159	16.549
1	121	74	52.8697	36.5509	77.7442
1	121	74	122.074	93.777	19.8061
1	121	74	98.8272	97.4379	32.2641
1	121	74	130.968	72.065	10.1536
1	121	74	107.936	81.1558	14.8957
1	121	74	40.3053	27.495	93.1362
1	121	74	127.599	77.1201	7.29964
1	121	74	142.183	79.5576	21.9002
1	121	74	119.192	46.0533	28.0051
1	121	74	118.101	45.8823	28.2668
1	121	74	124.082	70.2358	4.86528
1	121	74	117.691	81.7465	8.42365
1	121	74	60.19	92.2059	63.4769
1	121	74	100.885	45.1715	35.1524
1	121	74	115.838	78.5224	6.86317
1	121	74	141.64	90.0024	26.1167
1	121	74	117.76	45.798	28.3875
1	121	74	117.39	89.2215	15.6437
1	121	74	134.554	61.7992	18.2367
1	121	74	118.23	74.3594	2.79284
1	121	74	134.134	74.3148	13.1382
1	121	74	133.916	75.5703	13.0108
1	121	74	128.789	64.9538	11.9375
1	121	74	119.722	93.8891	19.9302
1	121	74	119.758	81.551	7.65241
1	121	74	139.435	72.5475	18.4916
1	121	74	40.1099	25.0059	94.5708
1	121	74	129.042	75.5871	8.19758
1	121	74	125.918	72.0946	5.27442
1	121	74	114.643	96.8916	23.7578
1	121	74	121.335	60.9139	13.0904
1	121	74	115.15	45.4205	29.1721
1	121	74	9.09193	84.6087	112.41
1	121	74	131.941	74.7403	10.9659
1	121	74	122.074	83.9978	10.0553
1	121	74	127.451	88.07	15.4783
1	121	74	38.709	25.6523	95.4427
1	121	74	137.693	72.5132	16.7589
