1	121	74	95.4522	97.4372	34.6698
1	121	74	108.488	91.7622	21.7264
1	121	74	124.418	75.0002	3.56161
1	121	74	124.406	80.7955	7.60114
1	121	74	113.785	96.6635	23.7843
1	121	74	126.384	82.695	10.2267
1	121	74	130.053	74.2026	9.05568
1	121	74	122.134	78.6388	4.77538
1	121	74	113.365	96.6648	23.9161
1	121	74	116.913	77.2414	5.21662
1	121	74	127.643	80.2336	9.10998
1	121	74	124.502	77.8545	5.20786
1	121	74	109.501	91.902	21.2771
1	121	74	107.216	93.0218	23.4908
1	121	74	106.129	91.4427	22.9217
1	121	74	139.084	87.933	22.8289
1	121	74	125.752	70.2325	6.06401
1	121	74	115.352	80.45	8.57356
1	121	74	118.414	74.2134	2.59478
1	121	74	111.421	89.6992	18.3908
1	121	74	119.355	82.4692	8.62748
1	121	74	125.99	77.6359	6.17431
1	121	74	114.908	78.4734	7.55774
1	121	74	122.237	84.3437	10.4174
1	121	74	87.9035	66.1144	34.023
1	121	74	104.998	92.4603	24.4307
1	121	74	111.56	96.9038	24.773
1	121	74	130.115	91.8332	20.0278
1	121	74	116.992	75.1033	4.15666
1	121	74	105.164	91.8144	23.8352
1	121	74	124.845	78.954	6.27101
1	121	74	99.3755	91.2098	27.6368
1	121	74	116.481	81.2376	8.53259
1	121	74	78.144	50.104	49.0679
1	121	74	120.587	83.2902	9.29942
1	121	74	124.076	75.9971	3.66717
1	121	74	127.702	66.282	10.2218
1	121	74	128.849	72.9641	7.91694
1	121	74	87.2425	66.3083	34.6226
1	121	74	108.579	90.127	20.3557
1	121	74	110.779	86.5632	16.1959
1	121	74	142.074	85.5291	24.0212
1	121	74	120.064	74.7891	1.22403
1	121	74	125.696	72.6432	4.88772
1	121	74	106.411	92.2341	23.3519
1	121	74	120.484	73.738	0.578776
1	121	74	127.854	73.67	6.86167
1	121	74	114.01	97.3016	24.3276
1	121	74	117.364	76.6035	4.47164
1	121	74	117.617	80.2558	7.11185
1	121	74	122.345	67.6923	6.4494
1	121	74	124.822	79.3362	6.56387
1	121	74	105.301	88.0134	21.0439
1	121	74	133.403	75.097	12.4518
1	121	74	104.534	92.9036	25.0691
1	121	74	119.453	75.9794	2.51241
1	121	74	118.851	75.357	2.5417
1	121	74	103.372	90.7356	24.307
1	121	74	120.825	83.0671	9.06877
1	121	74	124.325	72.8012	3.53469
1	121	74	107.746	94.0754	24.0561
1	121	74	120.921	75.1646	1.16732
1	121	74	140.26	77.3407	19.5477
1	121	74	118.883	75.2115	2.43907
1	121	74	107.588	82.8556	16.0715
1	121	74	125.015	79.8196	7.07005
1	121	74	116.597	76.0657	4.86338
1	121	74	139.251	87.8188	22.8926
1	121	74	125.44	79.7073	7.23104
1	121	74	120.56	72.2398	1.81439
1	121	74	127.573	77.3976	7.39958
1	121	74	123.079	78.8851	5.30917
1	121	74	106.525	88.4741	20.4702
1	121	74	119.381	80.694	6.88714
1	121	74	93.956	55.095	32.9966
1	121	74	104.983	89.0149	21.9545
1	121	74	125.811	69.5765	6.53523
1	121	74	124.824	78.1363	5.63319
1	121	74	91.899	63.8394	30.8238
1	121	74	141.987	84.043	23.2663
1	121	74	104.898	89.1949	22.1397
1	121	74	123.938	83.4704	9.91553
1	121	74	109.973	96.9063	25.4223
1	121	74	116.748	78.6246	6.28202
1	121	74	117.809	82.5264	9.10388
1	121	74	104.578	90.2468	23.1004
1	121	74	120.259	73.5791	0.852293
1	121	74	106.952	83.5656	16.9955
1	121	74	120.664	70.3862	3.62933
1	121	74	99.6146	91.4094	27.5757
1	121	74	119.849	74.473	1.24458
1	121	74	130.758	89.7987	18.5691
1	121	74	117.937	75.9579	3.63568
1	121	74	110.367	92.0091	20.9137
1	121	74	119.855	87.1428	13.1926
1	121	74	114.226	84.466	12.467
1	121	74	127.393	82.5075	10.642
1	121	74	120.906	74.5891	0.596541
1	121	74	110.503	93.9567	22.549
1	121	74	113.026	97.4863	24.803
1	121	74	102.037	97.4386	30.1489
1	121	74	105.572	65.9916	17.3827
1	121	74	119.605	76.7197	3.05663
1	121	74	99.9358	93.2326	28.5236
1	121	74	79.8154	52.8563	46.295
1	121	74	105.634	86.8299	20.0182
1	121	74	97.1661	67.0841	24.8171
1	121	74	122.054	76.3539	2.57894
1	121	74	136.743	44.4506	33.4814
1	121	74	124.605	68.2542	6.78333
1	121	74	119.935	76.5328	2.7475
1	121	74	121.977	80.8294	6.89893
1	121	74	129.035	75.1072	8.11079
1	121	74	116.203	78.3611	6.48309
1	121	74	121.412	76.3761	2.41154
1	121	74	119.32	76.3607	2.89744
1	121	74	118.222	81.1775	7.69634
1	121	74	121.503	76.2329	2.2889
1	121	74	107.873	34.4869	41.6366
1	121	74	121.179	74.1379	0.226135
1	121	74	116.506	83.1058	10.1545
1	121	74	110.619	97.3694	25.5714
1	121	74	125.167	92.1429	18.6153
1	121	74	119.606	71.9526	2.47687
1	121	74	117.894	97.4317	23.6367
1	121	74	121.463	73.9542	0.465056
1	121	74	127.166	78.003	7.35122
1	121	74	69.7852	10.798	81.3477
1	121	74	123.575	77.4016	4.26653
1	121	74	134.578	77.9	14.1266
1	121	74	108.256	94.7336	24.3372
1	121	74	109.495	91.0541	20.572
1	121	74	105.906	64.45	17.8612
1	121	74	83.093	55.3944	42.2269
1	121	74	103.167	88.9121	23.2465
1	121	74	119.657	76.1014	2.49367
1	121	74	123.18	70.7069	3.94951
1	121	74	128.047	71.6987	7.41372
1	121	74	121.619	74.5259	0.812204
1	121	74	117.79	75.9794	3.77083
1	121	74	123.369	70.5405	4.19273
1	121	74	107.294	95.5333	25.5253
1	121	74	114.96	76.0747	6.3867
1	121	74	125.344	63.5864	11.2833
1	121	74	111.035	93.1392	21.5782
1	121	74	68.5567	11.414	81.6535
1	121	74	119.343	78.334	4.63981
1	121	74	120.685	80.2108	6.21873
1	121	74	129.841	75.7873	9.01961
1	121	74	131.043	80.2988	11.8546
1	121	74	126.539	74.1314	5.54053
1	121	74	103.621	85.658	20.9267
1	121	74	121.708	76.1645	2.27729
1	121	74	125.533	74.0827	4.53422
1	121	74	96.7387	97.4375	33.7332
1	121	74	140.661	83.696	21.9215
1	121	74	104.028	85.4947	20.4986
1	121	74	107.679	59.9195	19.383
1	121	74	110.931	95.4579	23.703
1	121	74	116.993	77.907	5.59624
1	121	74	111.758	97.477	25.2304
1	121	74	125.811	85.9802	12.9101
1	121	74	69.5821	10.9008	81.396
1	121	74	103.556	88.6014	22.7488
1	121	74	118.737	84.3472	10.5918
1	121	74	90.5167	61.0088	33.1362
1	121	74	122.912	74.5537	1.99095
1	121	74	121.983	69.9008	4.21549
1	121	74	68.6791	11.3533	81.6216
1	121	74	127.778	72.9281	6.86236
1	121	74	120.69	75.934	1.95861
1	121	74	121.018	73.0214	0.978784
1	121	74	121.859	74.1151	0.866648
1	121	74	103.9	56.1771	24.6997
1	121	74	125.229	78.5604	6.21929
1	121	74	142.19	83.9631	23.4155
1	121	74	69.3719	11.0068	81.4469
1	121	74	121.788	77.7072	3.79005
1	121	74	105.909	87.8345	20.473
1	121	74	68.1958	11.5924	81.7496
1	121	74	109.2	87.4504	17.8929
1	121	74	101.695	86.5139	23.0064
1	121	74	49.5195	19.2502	90.0389
1	121	74	124.345	74.6289	3.40399
1	121	74	131.113	73.7395	10.116
1	121	74	120.878	86.4583	12.4589
1	121	74	118.684	76.2862	3.25442
1	121	74	122.257	75.9073	2.2843
1	121	74	124.667	79.4429	6.5629
1	121	74	126.409	73.6607	5.42003
1	121	74	121.453	78.4211	4.4443
1	121	74	128.278	80.3195	9.63901
1	121	74	118.793	73.7115	2.2257
1	121	74	107.013	90.8794	21.9218
1	121	74	110.543	97.4849	25.7076
1	121	74	106.365	94.8634	25.4846
1	121	74	115.725	77.901	6.56069
1	121	74	142.247	86.1004	24.4509
1	121	74	125.221	84.5533	11.3662
1	121	74	123.326	74.8957	2.49237
1	121	74	108.929	67.6397	13.6445
1	121	74	139.532	78.5156	19.0741
1	121	74	119.55	73.7225	1.47664
1	121	74	108.141	95.2024	24.7972
1	121	74	127.933	75.2586	7.04609
1	121	74	120.009	77.1973	3.34735
1	121	74	128.88	73.07	7.93424
1	121	74	111.262	97.3739	25.3211
1	121	74	125.6	72.6608	4.7909
1	121	74	110.053	88.4128	18.0989
1	121	74	126.43	72.3889	5.66413
1	121	74	100.163	92.2328	27.6874
1	121	74	106.677	85.3311	18.2628
1	121	74	112.127	95.3131	23.0861
1	121	74	115.797	82.0217	9.56144
1	121	74	118.867	76.5375	3.31486
1	121	74	68.8235	11.2814	81.5843
1	121	74	99.4214	93.3743	29
1	121	74	125.192	77.7533	5.62655
1	121	74	107.442	88.8335	20.0963
1	121	74	128.449	70.8294	8.09585
1	121	74	126.817	81.7995	9.72971
1	121	74	91.7824	61.9496	31.605
1	121	74	118.782	73.984	2.21834
1	121	74	116.556	82.5555	9.64088
1	121	74	113.649	68.4217	9.22815
1	121	74	106.11	95.667	26.29
1	121	74	119.11	75.3819	2.34105
1	121	74	119.762	74.3585	1.28844
1	121	74	94.4556	53.9363	33.274
1	121	74	130.076	74.7985	9.11057
1	121	74	111.199	70.5275	10.3979
1	121	74	118.781	75.3322	2.58834
1	121	74	124.022	73.2627	3.11032
1	121	74	126.193	71.5915	5.72409
1	121	74	111.288	97.3878	25.3242
1	121	74	105.111	91.3321	23.5129
1	121	74	119.913	85.111	11.164
1	121	74	10.5044	58.9335	111.518
1	121	74	116.846	76.7861	5.00165
1	121	74	119.438	85.2019	11.3102
1	121	74	124.236	77.5257	4.7855
1	121	74	110.604	94.886	23.3304
1	121	74	131.005	75.6049	10.1331
1	121	74	107.12	93.8661	24.2349
1	121	74	119.568	77.4246	3.712
1	121	74	46.3466	45.7927	79.8047
1	121	74	120.601	77.7402	3.76137
1	121	74	102.409	97.4387	29.9167
1	121	74	141.139	86.6243	23.7688
1	121	74	117.672	75.6927	3.73398
1	121	74	123.46	73.7594	2.4713
1	121	74	130.257	72.0775	9.45406
1	121	74	121.461	68.9152	5.10561
1	121	74	123.831	73.6036	2.85833
1	121	74	142.191	84.4988	23.6491
1	121	74	127	78.483	7.4896
1	121	74	127.793	71.4999	7.23866
1	121	74	122.634	85.4043	11.5207
1	121	74	110.892	94.4019	22.7685
1	121	74	130.026	75.8822	9.22065
1	121	74	125.81	75.8652	5.15931
1	121	74	123.281	72.2219	2.89201
1	121	74	117.318	79.3198	6.46993
1	121	74	126.898	75.992	6.22532
1	121	74	140.37	85.9138	22.7403
1	121	74	122.683	76.2461	2.80647
1	121	74	114.799	97.4783	24.2835
1	121	74	118.745	73.6747	2.27822
1	121	74	105.083	84.9363	19.3123
1	121	74	113.405	96.5139	23.7603
1	121	74	76.4625	82.3096	45.306
1	121	74	109.41	96.5537	25.3573
1	121	74	124.265	75.852	3.75332
1	121	74	118.598	73.7388	2.4161
1	121	74	106.5	91.6836	22.8684
1	121	74	131.388	75.8048	10.5434
1	121	74	128.635	77.4524	8.37882
1	121	74	79.8978	53.5188	45.9224
1	121	74	121.259	75.6725	1.69252
1	121	74	116.34	80.3027	7.83815
1	121	74	126.801	74.213	5.80479
1	121	74	121.848	78.1906	4.27551
1	121	74	123.727	81.5728	8.04871
1	121	74	126.651	73.4503	5.67775
1	121	74	124.847	80.3767	7.44728
1	121	74	63.9931	96.0124	61.1091
1	121	74	67.9975	11.6899	81.8035
1	121	74	104.858	64.1046	18.9341
1	121	74	120.442	80.0083	6.03419
1	121	74	123.556	79.3254	5.90719
1	121	74	107.935	97.3342	26.7429
1	121	74	125.51	70.3659	5.79181
1	121	74	127.614	77.6374	7.54847
1	121	74	121.456	73.1078	1.00198
1	121	74	116.256	77.978	6.19139
1	121	74	127.224	78.9615	7.95926
1	121	74	124.545	73.5212	3.57767
1	121	74	91.9743	61.8469	31.4673
1	121	74	132.887	67.8425	13.3872
1	121	74	125.005	80.3623	7.518
1	121	74	118.353	75.2024	2.90737
1	121	74	123.312	76.6702	3.53197
1	121	74	112.568	97.0608	24.5539
1	121	74	123.724	73.1451	2.85472
1	121	74	123.063	78.4807	4.93305
1	121	74	122.647	70.1683	4.17052
1	121	74	121.725	71.1798	2.91205
1	121	74	106.933	86.5299	18.8379
1	121	74	111.734	93.6108	21.6898
1	121	74	131.535	83.0119	13.8637
1	121	74	111.089	94.3797	22.6617
1	121	74	62.1361	14.0185	84.0402
1	121	74	120.297	76.464	2.56231
1	121	74	119.868	71.3196	2.90966
1	121	74	123.433	74.4062	2.46632
1	121	74	120.232	74.0834	0.772934
1	121	74	61.933	14.1103	84.1172
1	121	74	129.679	76.9755	9.17495
1	121	74	133.932	89.8986	20.494
1	121	74	46.4165	45.395	79.8808
1	121	74	104.125	63.1481	20.0632
1	121	74	123.321	84.918	11.1621
1	121	74	80.0939	49.081	47.8985
1	121	74	123.022	79.7432	6.08879
1	121	74	122.377	79.8136	5.97441
1	121	74	126.78	75.1027	5.88408
1	121	74	123.288	74.9575	2.48064
1	121	74	109.481	65.6787	14.21
1	121	74	104.243	88.0873	21.8917
1	121	74	114.273	96.4657	23.4511
1	121	74	123.84	75.3325	3.1367
1	121	74	124.206	77.8057	4.97637
1	121	74	116.832	78.4575	6.10295
1	121	74	109.595	63.8849	15.2443
1	121	74	113.627	87.8097	15.6545
1	121	74	120.162	78.639	4.71418
1	121	74	140.498	79.1116	20.157
1	121	74	110.183	68.7242	12.0351
1	121	74	115.281	81.1792	9.17855
1	121	74	118.422	78.6894	5.35108
1	121	74	116.348	97.2491	23.7099
1	121	74	118.005	85.5649	11.9464
1	121	74	123.848	82.5726	9.03337
1	121	74	112.409	67.3548	10.8611
1	121	74	106.961	90.2806	21.4979
1	121	74	121.764	83.8126	9.84229
1	121	74	121.506	72.0297	2.03423
1	121	74	125.816	80.0939	7.76736
1	121	74	123.546	84.4944	10.7988
1	121	74	101.5	86.7905	23.3206
1	121	74	104.262	90.0309	23.1767
1	121	74	124.901	79.4614	6.71137
1	121	74	128.951	73.6296	7.95947
1	121	74	120.487	75.6799	1.75641
1	121	74	122.593	72.0629	2.5081
1	121	74	101.788	97.4385	30.3063
1	121	74	140.15	79.0772	19.8118
1	121	74	130.41	75.4529	9.52107
1	121	74	117.485	75.2569	3.73316
1	121	74	94.8366	54.0501	32.9017
1	121	74	133.064	78.4953	12.8743
1	121	74	115.981	77.9662	6.39696
1	121	74	125.212	80.0135	7.34204
1	121	74	48.5521	19.5472	90.6301
1	121	74	119.954	71.3188	2.87812
1	121	74	120.46	73.5518	0.701805
1	121	74	40.7089	22.9546	95.1436
1	121	74	135.245	75.2111	14.2964
1	121	74	127.761	74.9343	6.82555
1	121	74	106.26	87.8372	20.2172
1	121	74	116.077	75.9741	5.30405
1	121	74	112.564	91.6879	19.5968
1	121	74	87.5743	65.8092	34.4147
1	121	74	110.919	70.255	10.7543
1	121	74	128.299	78.8042	8.73831
1	121	74	122.504	74.696	1.65744
1	121	74	129.161	65.0932	12.08
1	121	74	131.936	81.6682	13.3564
1	121	74	127.133	70.627	6.99903
1	121	74	130.008	75.6745	9.16184
1	121	74	119.424	78.2145	4.49965
1	121	74	98.9558	66.202	23.3828
1	121	74	128.925	73.4961	7.94063
1	121	74	122.664	73.806	1.675
1	121	74	116.17	84.9418	11.9603
1	121	74	104.045	91.1947	24.1478
1	121	74	132.164	73.5805	11.1716
1	121	74	125.613	73.9817	4.6133
1	121	74	105.137	64.9536	18.2611
1	121	74	119.5	79.1092	5.32484
1	121	74	124.015	82.7867	9.2896
1	121	74	124.57	72.2789	3.96333
1	121	74	107.755	66.8783	15.0379
1	121	74	123.919	73.1681	3.03487
1	121	74	87.6798	96.3655	40.1304
1	121	74	126.538	72.6707	5.69559
1	121	74	125.632	80.631	8.08876
1	121	74	76.9346	51.4025	49.5217
1	121	74	121.407	77.2484	3.27378
1	121	74	122.263	75.8922	2.27479
1	121	74	131.032	67.4934	11.9573
1	121	74	123.948	71.9015	3.61871
1	121	74	125.884	78.4505	6.60765
1	121	74	123.162	71.8776	3.02942
1	121	74	118.707	73.9306	2.29402
1	121	74	141.664	84.2647	23.0727
1	121	74	123.346	79.0206	5.54156
1	121	74	123.665	78.6813	5.38686
1	121	74	140.359	84.3063	21.9311
1	121	74	116.818	77.6869	5.57525
1	121	74	104.059	62.6606	20.386
1	121	74	130.087	73.2566	9.1178
1	121	74	106.92	97.3399	27.258
1	121	74	141.837	85.6576	23.8764
1	121	74	105.035	86.0388	19.9957
1	121	74	131.401	75.1019	10.459
1	121	74	69.3561	11.0148	81.4508
1	121	74	118.66	76.6424	3.52976
1	121	74	122.63	80.5346	6.7347
1	121	74	105.594	88.27	20.9992
1	121	74	120.881	79.4158	5.41712
1	121	74	42.6076	22.2009	93.9602
1	121	74	141.755	79.2091	21.3985
1	121	74	141.72	85.9258	23.9073
1	121	74	122.232	87.5577	13.6136
1	121	74	43.4262	21.7031	93.5556
1	121	74	117.852	76.4128	3.96623
1	121	74	118.823	78.1183	4.65815
1	121	74	105.661	87.4143	20.3769
1	121	74	121.602	74.7553	0.966186
1	121	74	117.026	75.517	4.25407
1	121	74	120.085	79.6833	5.75642
1	121	74	106.323	94.8387	25.4886
1	121	74	113.594	76.9584	7.97508
1	121	74	103.654	90.7266	24.0967
1	121	74	125.861	79.6857	7.48042
1	121	74	109.234	92.8589	22.2284
1	121	74	119.721	72.9294	1.66781
1	121	74	128.549	77.564	8.34825
1	121	74	122.425	78.5985	4.81406
1	121	74	124.981	82.32	9.22358
1	121	74	107.165	96.6483	26.5397
1	121	74	109.733	97.2947	25.8766
1	121	74	115.316	75.958	6.01202
1	121	74	123.564	76.2697	3.42436
1	121	74	80.0706	83.4186	41.9992
1	121	74	105.405	97.4393	28.153
1	121	74	126.432	77.8786	6.67481
1	121	74	110.99	97.4852	25.5296
1	121	74	129.529	72.2352	8.70965
1	121	74	138.625	79.033	18.3293
1	121	74	110.143	69.3447	11.8133
1	121	74	106.938	68.4783	15.107
1	121	74	120.46	85.6375	11.65
1	121	74	125.799	81.1157	8.5826
1	121	74	121.845	72.6138	1.62342
1	121	74	111.976	96.7355	24.461
1	121	74	119.315	93.8	19.8716
1	121	74	106.784	96.998	27.0372
1	121	74	122.758	73.0489	1.99886
1	121	74	127.222	69.3284	7.7808
1	121	74	117.488	76.2941	4.19486
1	121	74	109.417	65.7319	14.231
1	121	74	108.096	89.4976	20.1669
1	121	74	123.005	77.4009	3.94779
1	121	74	113.691	97.4454	24.5583
1	121	74	117.477	77.6063	5.04177
1	121	74	121.527	77.0668	3.11164
1	121	74	138.572	86.8885	21.792
1	121	74	109.426	97.3612	26.0711
1	121	74	126.062	72.6895	5.22843
1	121	74	125.609	90.2711	16.9113
1	121	74	69.8381	10.7711	81.3353
1	121	74	117.717	76.268	3.99037
1	121	74	123.79	70.3517	4.59289
1	121	74	125.441	72.9455	4.5647
1	121	74	121.061	78.6493	4.64966
1	121	74	123.697	85.399	11.7136
1	121	74	117.143	84.096	10.8079
1	121	74	126.486	76.2118	5.9155
1	121	74	120.33	73.8282	0.691666
1	121	74	130.439	74.1213	9.43992
1	121	74	107.523	90.2287	21.0947
1	121	74	130.355	76.8544	9.7806
1	121	74	116.931	66.1205	8.86823
1	121	74	129.454	66.8289	11.0857
1	121	74	113.89	96.5587	23.6528
1	121	74	116.55	81.2364	8.49545
1	121	74	138.691	84.6979	20.6739
1	121	74	125.57	77.2782	5.62404
1	121	74	116.857	75.4019	4.37408
1	121	74	124.269	76.1494	3.912
1	121	74	108.085	93.8564	23.6869
1	121	74	124.984	72.8319	4.15179
1	121	74	116.104	81.6077	9.04723
1	121	74	45.9616	20.6282	92.0831
1	121	74	110.953	92.8484	21.359
1	121	74	126.426	72.0928	5.75113
1	121	74	119.751	73.3788	1.39455
1	121	74	134.083	82.2052	15.443
1	121	74	124.256	75.9478	3.79447
1	121	74	119.76	74.0559	1.24098
1	121	74	120.933	71.0719	2.92882
1	121	74	40.685	22.7665	95.2647
1	121	74	10.5051	58.685	111.551
1	121	74	118.896	84.0177	10.2363
1	121	74	131.123	65.2609	13.3733
1	121	74	120.457	73.685	0.628058
1	121	74	124.876	77.3327	5.11152
1	121	74	129.645	76.8144	9.09191
1	121	74	123.958	80.9025	7.50939
1	121	74	142.297	86.3588	24.6228
1	121	74	112.836	91.6681	19.4633
1	121	74	133.609	66.4177	14.7134
1	121	74	103.043	88.6058	23.147
1	121	74	120.501	83.2268	9.24028
1	121	74	121.656	74.974	1.17434
1	121	74	107.988	87.6697	18.8724
1	121	74	122.762	69.8946	4.46749
1	121	74	118.25	83.2692	9.66847
1	121	74	129.706	73.2644	8.73684
1	121	74	121.12	70.5777	3.42443
1	121	74	127.828	76.2628	7.19311
1	121	74	117.238	77.8589	5.38904
1	121	74	131.302	76.0448	10.5031
1	121	74	111.264	88.6384	17.5807
1	121	74	118.71	79.9855	6.4086
1	121	74	110.161	66.871	12.9731
1	121	74	125.268	76.491	4.94215
1	121	74	108.272	91.0456	21.2732
1	121	74	73.0648	22.6089	70.2768
1	121	74	119.273	78.6842	4.99244
1	121	74	118.97	73.8292	2.03742
1	121	74	121.136	78.186	4.18817
1	121	74	107.626	96.089	25.8222
1	121	74	10.5041	59.0371	111.504
1	121	74	121.558	73.7742	0.6016
1	121	74	120.024	77.4402	3.57581
1	121	74	122.385	79.6395	5.8071
1	121	74	126.765	71.8456	6.15484
1	121	74	47.8895	19.8587	90.9749
1	121	74	122.288	71.6118	2.71331
1	121	74	115.433	81.5308	9.36525
1	121	74	122.583	78.9823	5.22781
1	121	74	126.348	72.8358	5.47365
1	121	74	118.625	74.554	2.43873
1	121	74	119.199	78.2677	4.63214
1	121	74	107.552	97.4831	27.061
1	121	74	122.926	77.5737	4.05987
1	121	74	105.708	88.2982	20.935
1	121	74	118.182	75.3245	3.11369
1	121	74	136.217	40.851	36.475
1	121	74	104.529	91.6568	24.1469
1	121	74	125.07	76.3068	4.67864
1	121	74	120.798	78.3903	4.3949
1	121	74	122.716	77.7163	4.09351
1	121	74	120.628	71.2684	2.75681
1	121	74	124.371	74.6424	3.43214
1	121	74	105.434	87.9192	20.8818
1	121	74	117.286	76.5182	4.48739
1	121	74	118.527	74.5734	2.53901
1	121	74	125.278	73.7037	4.28832
1	121	74	105.964	93.7772	24.8438
1	121	74	122.056	76.753	2.94874
1	121	74	119.963	73.3586	1.21951
1	121	74	116.698	83.9183	10.8109
1	121	74	138.664	76.3093	17.8143
1	121	74	107.513	87.9373	19.3944
1	121	74	122.236	71.2337	3.03
1	121	74	141.176	86.2294	23.5929
1	121	74	121.171	75.5975	1.60666
1	121	74	116.238	89.8265	16.5275
1	121	74	124.755	77.3406	5.02567
1	121	74	124.241	75.3083	3.49529
1	121	74	104.348	88.6798	22.1989
1	121	74	122.008	77.0381	3.20093
1	121	74	139.568	85.8657	22.0358
1	121	74	120.784	77.8265	3.83259
1	121	74	127.162	69.3036	7.7475
1	121	74	127.696	70.7867	7.42674
1	121	74	122.102	77.8343	3.98958
1	121	74	116.767	85.0022	11.7884
1	121	74	118.38	76.0233	3.31032
1	121	74	120.144	74.0287	0.856269
1	121	74	127.483	74.3007	6.4898
1	121	74	97.0452	77.5452	24.2158
1	121	74	123.796	79.9753	6.59701
1	121	74	138.042	84.1326	19.8271
1	121	74	89.2379	25.4894	57.9836
1	121	74	119.058	73.329	2.05487
1	121	74	123.878	76.6517	3.91313
1	121	74	130.56	73.2124	9.59197
1	121	74	132.61	71.1485	11.9547
1	121	74	67.9414	11.7174	81.8189
1	121	74	120.636	82.1225	8.13069
1	121	74	140.835	79.4008	20.5574
1	121	74	64.2978	93.2899	59.8935
1	121	74	123.711	77.8672	4.7226
1	121	74	121.126	71.7892	2.21439
1	121	74	124.794	80.4359	7.47113
1	121	74	122.971	72.9778	2.22066
1	121	74	118.312	74.0347	2.6879
1	121	74	124.54	71.3729	4.40811
1	121	74	110.453	93.9002	22.5221
1	121	74	130.611	75.6363	9.74894
1	121	74	132.105	68.1698	12.5422
1	121	74	121.435	72.5737	1.4911
1	121	74	108.823	92.0947	21.8107
1	121	74	121.991	80.5988	6.67281
1	121	74	123.349	74.7518	2.46652
1	121	74	104.96	91.2504	23.5558
1	121	74	126.44	77.4448	6.43857
1	121	74	107.586	86.3276	18.2185
1	121	74	132.37	71.1412	11.7242
1	121	74	128.906	76.0114	8.15764
1	121	74	92.8567	97.4367	36.6241
1	121	74	119.726	85.6324	11.702
1	121	74	119.952	73.3102	1.25449
1	121	74	130.004	71.2836	9.40487
1	121	74	120.672	73.087	0.970265
1	121	74	120.29	72.8403	1.36001
1	121	74	136.784	74.2177	15.7857
1	121	74	121.564	74.2963	0.637083
1	121	74	114.71	72.1732	6.55013
1	121	74	113.222	77.1964	8.40948
1	121	74	127.708	74.8198	6.75832
1	121	74	142.192	85.5018	24.1123
1	121	74	128.349	75.0724	7.42714
1	121	74	80.2812	51.0903	46.7212
1	121	74	118.001	76.3101	3.78589
1	121	74	110.566	59.7556	17.6571
1	121	74	134.632	81.6889	15.6505
1	121	74	122.826	87.7508	13.8714
1	121	74	125.877	75.4477	5.08702
1	121	74	124.553	78.8852	6.0406
1	121	74	121.406	85.6764	11.6834
1	121	74	121.378	72.8746	1.18719
1	121	74	104.641	84.4514	19.4129
1	121	74	114.822	95.0603	21.9476
1	121	74	121.464	79.7931	5.81165
1	121	74	122.981	82.6176	8.8423
1	121	74	106.989	90.665	21.7722
1	121	74	119.123	74.6488	1.98576
1	121	74	125.376	79.0934	6.71514
1	121	74	124.657	73.6854	3.67061
1	121	74	126.079	70.7221	6.04534
1	121	74	142.141	82.038	22.6177
1	121	74	121.022	77.7925	3.79261
1	121	74	108.288	84.76	16.6544
1	121	74	105.479	92.156	23.8859
1	121	74	62.4182	56.7573	61.0666
1	121	74	117.621	75.1838	3.58046
1	121	74	117.69	82.1883	8.83217
1	121	74	120.804	82.3638	8.36605
1	121	74	119.157	75.6658	2.48401
1	121	74	124.262	76.7985	4.29789
1	121	74	120.39	71.7161	2.36405
1	121	74	117.387	76.7844	4.56114
1	121	74	141.719	85.7062	23.7972
1	121	74	111.242	97.4644	25.4127
1	121	74	93.4011	53.8327	34.1821
1	121	74	124.183	79.148	6.0526
1	121	74	119.515	78.6509	4.88204
1	121	74	103.939	88.4573	22.3624
1	121	74	68.5696	11.4077	81.6502
1	121	74	126.225	75.1729	5.35497
1	121	74	107.627	88.7435	19.9051
1	121	74	111.19	97.1731	25.164
1	121	74	116.859	76.823	5.01169
1	121	74	102.996	88.1013	22.8686
1	121	74	118.489	83.5898	9.91311
1	121	74	113.067	97.4862	24.7897
1	121	74	121.751	71.7292	2.39165
1	121	74	122.478	74.2017	1.49173
1	121	74	113.856	97.4585	24.5222
1	121	74	107.977	97.0311	26.4582
1	121	74	122.534	78.3026	4.56788
1	121	74	102.218	88.538	23.7509
1	121	74	111.587	93.4548	21.6125
1	121	74	142.274	79.0949	21.8753
1	121	74	69.3931	10.9962	81.4418
1	121	74	132.19	68.2324	12.5885
1	121	74	102.829	87.3122	22.5256
1	121	74	118.952	73.9769	2.04775
1	121	74	126.352	78.9035	7.25887
1	121	74	117.433	76.4047	4.30202
1	121	74	124.207	80.9726	7.67476
1	121	74	111.434	97.1163	25.0175
1	121	74	111.906	97.4857	25.1848
1	121	74	100.498	81.6791	21.8931
1	121	74	129.521	79.0329	9.89633
1	121	74	122.118	74.7192	1.32953
1	121	74	118.052	81.6685	8.21554
1	121	74	119.39	76.0947	2.64222
1	121	74	125.727	69.548	6.49371
1	121	74	119.729	84.8668	10.9409
1	121	74	122.547	86.1692	12.2672
1	121	74	118.001	75.701	3.44805
1	121	74	104.396	87.7061	21.5304
1	121	74	128.148	70.9763	7.76154
1	121	74	133.269	80.9626	14.107
1	121	74	124.852	76.4937	4.58862
1	121	74	106.149	85.0589	18.5161
1	121	74	107.096	96.9294	26.8156
1	121	74	91.5746	58.1746	33.4111
1	121	74	125.677	76.3155	5.21907
1	121	74	137.06	85.1158	19.5318
1	121	74	132.988	66.6782	14.0468
1	121	74	118.086	78.2394	5.14423
1	121	74	108.281	97.4836	26.7066
1	121	74	142.222	84.4418	23.6517
1	121	74	123.226	76.6137	3.4329
1	121	74	124.33	73.6409	3.34961
1	121	74	118.463	77.4596	4.29009
1	121	74	116.63	78.0292	5.9439
1	121	74	123.57	71.485	3.59617
1	121	74	124.078	73.1275	3.19912
1	121	74	125.295	80.5577	7.83921
1	121	74	121.025	85.4678	11.4678
1	121	74	127.568	77.4741	7.42992
1	121	74	94.9648	55.2209	32.1012
1	121	74	122.814	72.9811	2.08075
1	121	74	69.6125	10.8854	81.3887
1	121	74	123.05	68.9403	5.45918
1	121	74	128.031	80.1341	9.33049
1	121	74	127.539	80.2813	9.06721
1	121	74	139.598	75.8638	18.691
1	121	74	131.922	66.6944	13.1398
1	121	74	123.252	76.0667	3.05675
1	121	74	120.444	72.5761	1.5287
1	121	74	121.545	84.67	10.684
1	121	74	69.841	10.7696	81.3346
1	121	74	132.301	89.6711	19.321
1	121	74	128.231	65.5265	11.1391
1	121	74	106.473	87.2411	19.6559
1	121	74	44.0075	21.8325	93.0016
1	121	74	105.617	89.8184	22.0651
1	121	74	126.015	69.8981	6.47884
1	121	74	130.634	83.0884	13.2442
1	121	74	127.069	80.4019	8.82166
1	121	74	107.533	68.2739	14.6337
1	121	74	108.654	95.3015	24.6207
1	121	74	103.889	86.0255	20.914
1	121	74	116.245	77.0998	5.67611
1	121	74	113.011	85.4859	13.991
1	121	74	119.623	74.3099	1.41123
1	121	74	130.463	71.9181	9.68931
1	121	74	134.246	70.8478	13.6163
1	121	74	123.526	73.0113	2.71275
1	121	74	112.857	76.426	8.49697
1	121	74	138.284	77.8138	17.7
1	121	74	91.9292	61.3982	31.6846
1	121	74	118.949	78.3019	4.76563
1	121	74	122.247	81.1736	7.2811
1	121	74	94.6666	93.1377	32.553
1	121	74	122.778	73.1088	1.98844
1	121	74	118.27	81.2585	7.75481
1	121	74	131.436	80.9441	12.5354
1	121	74	124.674	71.6599	4.35568
1	121	74	116.678	83.3307	10.2829
1	121	74	121.959	77.8719	3.98897
1	121	74	131.367	75.0166	10.4169
1	121	74	136.637	86.9605	20.3103
1	121	74	119.65	72.9792	1.6922
1	121	74	118.791	81.1294	7.46374
1	121	74	120.019	79.7628	5.84575
1	121	74	119.961	78.477	4.59583
1	121	74	138.884	85.7155	21.3796
1	121	74	124.569	72.8839	3.73966
1	121	74	113.828	76.9367	7.75006
1	121	74	130.173	72.7102	9.26366
1	121	74	103.89	88.5079	22.433
1	121	74	138.139	84.633	20.1694
1	121	74	112.889	68.4147	9.84766
1	121	74	106.282	62.5804	18.6286
1	121	74	129.149	74.7226	8.18136
1	121	74	129.324	77.3115	8.95808
1	121	74	123.465	74.9762	2.65156
1	121	74	127.35	72.8345	6.45571
1	121	74	107.152	97.4194	27.2071
1	121	74	116.168	67.5979	8.02064
1	121	74	127.373	72.2453	6.60969
1	121	74	141.371	86.4174	23.8575
1	121	74	118.546	79.1006	5.6602
1	121	74	57.6436	46.9559	68.887
1	121	74	121.362	74.7614	0.843151
1	121	74	121.786	80.7105	6.75632
1	121	74	129.064	73.2024	8.10336
1	121	74	91.8332	61.9843	31.5449
1	121	74	109.223	97.3084	26.1147
1	121	74	118.703	74.4339	2.33765
1	121	74	117.887	78.0409	5.10094
1	121	74	125.649	71.2046	5.42452
1	121	74	121.932	77.0454	3.18494
1	121	74	119.342	72.539	2.2099
1	121	74	125.833	72.8339	4.97206
1	121	74	121.14	74.406	0.42959
1	121	74	124.221	72.3433	3.62187
1	121	74	117.725	81.8589	8.51392
1	121	74	63.0202	13.5962	83.7274
1	121	74	127.118	75.7618	6.36617
1	121	74	118.921	72.8215	2.38996
1	121	74	137.549	42.4963	35.5858
1	121	74	121.085	75.9033	1.90523
1	121	74	141.784	82.267	22.3679
1	121	74	116.581	82.3285	9.42817
1	121	74	93.0915	60.6554	30.9348
1	121	74	121.118	85.9865	11.9871
1	121	74	121.519	79.0599	5.08646
1	121	74	131.908	83.0891	14.1988
1	121	74	121.623	80.0527	6.08464
1	121	74	122.549	83.0093	9.14154
1	121	74	141.488	86.3364	23.9154
1	121	74	104.756	91.7892	24.0899
1	121	74	112.878	97.4862	24.851
1	121	74	132.165	72.0239	11.3387
1	121	74	126.892	71.1169	6.55916
1	121	74	134.182	73.7421	13.1844
1	121	74	117.446	83.6762	10.3082
1	121	74	10.5066	58.1733	111.621
1	121	74	122.457	79.2485	5.44692
1	121	74	122.35	70.1581	4.07209
1	121	74	120.881	83.0693	9.07003
1	121	74	118.639	75.9259	3.04661
1	121	74	109.508	97.4014	26.0708
1	121	74	125.736	80.0307	7.66793
1	121	74	112.323	91.9717	19.9566
1	121	74	108.727	91.7682	21.5946
1	121	74	127.709	72.5525	6.86383
1	121	74	112.133	61.1426	15.6183
1	121	74	118.453	75.0207	2.74413
1	121	74	112.374	95.1669	22.8569
1	121	74	108.359	87.023	18.1493
1	121	74	104.309	87.5994	21.5299
1	121	74	116.871	79.0734	6.54122
1	121	74	87.9017	66.3074	33.9805
1	121	74	121.499	77.3259	3.36309
1	121	74	130.889	73.2238	9.91953
1	121	74	110.465	85.3406	15.4789
1	121	74	68.6191	11.3831	81.6372
1	121	74	141.487	86.2139	23.8514
1	121	74	129.463	71.4068	8.85165
1	121	74	140.244	86.2536	22.8139
1	121	74	120.013	84.4805	10.5269
1	121	74	120.22	71.8422	2.29442
1	121	74	119.679	72.8588	1.74551
1	121	74	62.6647	14.1499	83.5766
1	121	74	117.271	84.0085	10.6805
1	121	74	118.21	74.2663	2.80296
1	121	74	125.299	82.3439	9.38634
1	121	74	123.042	77.7613	4.27993
1	121	74	116.585	78.1082	6.03081
1	121	74	117.544	77.2047	4.71324
1	121	74	119.721	79.2092	5.36385
1	121	74	103.848	82.8798	19.3141
1	121	74	121.128	75.9901	1.9942
1	121	74	128.155	71.4749	7.58711
1	121	74	111.325	97.2503	25.183
1	121	74	119.909	84.1162	10.1749
1	121	74	69.4567	10.9641	81.4263
1	121	74	125.851	76.6794	5.54174
1	121	74	141.488	86.2898	23.891
1	121	74	105.752	86.2917	19.5856
1	121	74	113.582	92.4752	19.9086
1	121	74	125.926	86.6167	13.5441
1	121	74	119.304	73.1992	1.87551
1	121	74	122.803	72.5302	2.32588
1	121	74	125.017	80.7195	7.82862
1	121	74	125.97	81.0745	8.64606
1	121	74	120.937	75.947	1.948
1	121	74	118.455	83.9929	10.3119
1	121	74	123.345	79.3927	5.88033
1	121	74	125.607	74.423	4.62685
1	121	74	136.399	81.7378	17.2342
1	121	74	123.084	78.8297	5.25995
1	121	74	121.871	75.2467	1.52096
1	121	74	108.424	97.4837	26.6393
1	121	74	118.609	70.7601	4.02689
1	121	74	121.947	70.9412	3.20214
1	121	74	104.641	84.26	19.3106
1	121	74	119.715	78.7433	4.91425
1	121	74	119.157	74.3392	1.87382
1	121	74	125.373	80.0799	7.48911
1	121	74	103.198	97.4588	29.4487
1	121	74	119.545	72.3552	2.19602
1	121	74	117.9	85.9035	12.3005
1	121	74	130.834	73.9625	9.83442
1	121	74	138.788	85.5744	21.222
1	121	74	115.909	77.8523	6.38425
1	121	74	122.071	74.8456	1.36468
1	121	74	121.046	77.5058	3.50612
1	121	74	120.099	73.1088	1.2676
1	121	74	87.4242	66.0664	34.5004
1	121	74	134.101	75.4298	13.1786
1	121	74	127.839	73.025	6.90778
1	121	74	120.83	75.7736	1.78176
1	121	74	120.109	72.2928	1.92582
1	121	74	136.262	79.8459	16.3434
1	121	74	127.29	79.8276	8.57467
1	121	74	108.713	85.8378	17.0618
1	121	74	128.635	74.7232	7.66943
1	121	74	98.0209	97.4377	32.8233
1	121	74	103.893	84.7546	20.2071
1	121	74	111.93	97.4758	25.167
1	121	74	139.087	77.2466	18.376
1	121	74	114.498	75.8002	6.74696
1	121	74	122.713	81.0853	7.28951
1	121	74	123.713	85.3432	11.6631
1	121	74	117.426	77.9403	5.3195
1	121	74	119.501	77.5932	3.8932
1	121	74	109.594	97.4555	26.0818
1	121	74	142.191	84.8955	23.8283
1	121	74	61.8341	17.9307	81.513
1	121	74	128.975	64.701	12.2506
1	121	74	107.683	32.1013	43.9643
1	121	74	141.708	78.171	21.1241
1	121	74	117.738	95.2636	21.5123
1	121	74	123.139	77.5404	4.13653
1	121	74	121.705	78.836	4.88713
1	121	74	106.173	92.067	23.3719
1	121	74	110.832	96.8474	25.0079
1	121	74	128.779	78.3451	8.91041
1	121	74	132.107	72.9521	11.1564
1	121	74	122.496	74.7976	1.69559
1	121	74	120.363	74.2089	0.670003
1	121	74	117.284	76.0665	4.25187
1	121	74	121.931	74.5182	1.06526
1	121	74	124.492	70.3999	5.01511
1	121	74	105.226	66.3237	17.543
1	121	74	68.3981	11.4926	81.6954
1	121	74	119.058	74.5531	2.01947
1	121	74	130.046	83.0526	12.7974
1	121	74	128.875	75.2599	7.97544
1	121	74	104.389	87.7592	21.5691
1	121	74	118.177	74.5955	2.88529
1	121	74	120.779	71.3727	2.63661
1	121	74	118.776	84.7569	10.9844
1	121	74	121.704	74.4607	0.841017
1	121	74	120.103	73.6438	0.964881
1	121	74	132.988	73.245	12.0113
1	121	74	128.052	75.4967	7.20884
1	121	74	108.592	84.1272	16.0161
1	121	74	104.739	88.5183	21.7993
1	121	74	117.671	75.5567	3.67481
1	121	74	121.013	77.1541	3.15412
1	121	74	126.117	73.9679	5.1172
1	121	74	107.602	96.0368	25.7899
1	121	74	120.284	72.6732	1.50748
1	121	74	118.873	72.9899	2.35476
1	121	74	110.012	97.3247	25.7832
1	121	74	125.402	71.8449	4.90084
1	121	74	108.87	93.7527	23.18
1	121	74	103.825	97.4389	29.0582
1	121	74	131.735	91.0759	20.1699
1	121	74	108.481	91.7006	21.6802
1	121	74	115.354	79.5349	7.90661
1	121	74	123.967	81.1326	7.72498
1	121	74	114.728	69.0023	8.01978
1	121	74	102.683	86.8528	22.3764
1	121	74	117.517	77.3685	4.84544
1	121	74	107.219	96.2617	26.1822
1	121	74	119.83	89.1875	15.2325
1	121	74	124.234	74.6126	3.29151
1	121	74	127.285	70.8613	7.0252
1	121	74	115.308	80.0118	8.27905
1	121	74	128.375	74.1755	7.37661
1	121	74	123.315	76.4143	3.34492
1	121	74	121.693	79.5907	5.63349
1	121	74	107.25	87.9373	19.5786
1	121	74	68.2568	11.5623	81.7332
1	121	74	123.026	85.7357	11.9093
1	121	74	122.673	69.9579	4.3747
1	121	74	110.391	85.9482	15.9783
1	121	74	102.476	89.226	23.9784
