1	121	74	122.006	90.9097	16.9396
1	121	74	135.153	64.6009	16.9894
1	121	74	127.898	67.1305	9.73527
1	121	74	123.515	77.6762	4.45432
1	121	74	14.2734	35.8945	113.325
1	121	74	142.156	85.3487	24.0073
1	121	74	130.443	54.4294	21.7295
1	121	74	139.158	60.7773	22.4622
1	121	74	112.385	82.8499	12.3508
1	121	74	51.4987	37.6736	78.4221
1	121	74	120.176	77.7644	3.85345
1	121	74	110.744	45.1733	30.5968
1	121	74	113.226	91.3778	19.0373
1	121	74	47.9927	97.359	76.6531
1	121	74	141.287	85.6605	23.3994
1	121	74	117.784	52.907	21.3367
1	121	74	130.008	70.2306	9.76445
1	121	74	123.27	64.3739	9.89023
1	121	74	90.4346	55.1973	35.8857
1	121	74	71.4521	10.6158	80.4522
1	121	74	102.525	50.1961	30.1322
1	121	74	51.3715	37.3914	78.6659
1	121	74	124.747	86.0724	12.6405
1	121	74	137.457	78.7104	17.1178
1	121	74	134.54	70.5774	13.9661
1	121	74	138.776	63.4802	20.6552
1	121	74	123.32	91.4359	17.5896
1	121	74	88.2935	60.1518	35.5175
1	121	74	134.38	81.7512	15.4628
1	121	74	120.524	78.1633	4.19046
1	121	74	88.4937	91.8218	37.0712
1	121	74	133.474	64.2207	15.8508
1	121	74	124.839	76.9723	4.85515
1	121	74	109.403	72.6435	11.676
1	121	74	113.655	94.9631	22.2128
1	121	74	120.487	46.5215	27.4833
1	121	74	125.225	76.8569	5.10002
1	121	74	117.814	46.0892	28.0921
1	121	74	123.066	69.0171	5.39422
1	121	74	121.14	77.7152	3.71782
1	121	74	120.402	72.3249	1.77875
1	121	74	134.957	62.5599	18.0462
1	121	74	115.241	45.6619	28.9172
1	121	74	115.797	45.751	28.7241
1	121	74	132.8	60.1485	18.196
1	121	74	113.427	45.8435	29.1572
1	121	74	109.091	45.173	31.1899
1	121	74	140.851	83.4026	21.9654
1	121	74	141.853	82.4084	22.4848
1	121	74	136.554	76.5806	15.7662
1	121	74	90.4537	60.7385	33.3008
1	121	74	105.938	97.4394	27.8616
1	121	74	129.427	82.7593	12.1545
1	121	74	136.308	57.3172	22.6419
1	121	74	121.081	85.0813	11.0816
1	121	74	124.034	77.1059	4.34161
1	121	74	52.0033	39.7246	77.0412
1	121	74	64.9314	11.3453	84.0791
1	121	74	135.776	76.4681	14.9805
1	121	74	138.706	74.4192	17.7113
1	121	74	118.655	77.6713	4.35634
1	121	74	121.26	51.2593	22.7422
1	121	74	134.576	80.9182	15.2369
1	121	74	48.1211	19.8266	90.808
1	121	74	123.27	71.9202	3.07897
1	121	74	134.027	56.3547	21.9332
1	121	74	116.748	85.1291	11.9136
1	121	74	106.926	62.2622	18.3261
1	121	74	140.265	84.3037	21.8475
1	121	74	126.42	77.2438	6.31614
1	121	74	129.013	69.5132	9.18407
1	121	74	133.284	64.5793	15.4802
1	121	74	102.848	62.8762	21.2888
1	121	74	139.074	60.0578	22.8269
1	121	74	100.263	93.1552	28.2303
1	121	74	111.278	45.1734	30.4218
1	121	74	127.452	90.7816	17.9791
1	121	74	121.642	74.9223	1.12353
1	121	74	134.931	58.672	20.7126
1	121	74	69.1879	12.4603	80.4464
1	121	74	125.061	66.7831	8.28092
1	121	74	115.623	45.7093	28.7972
1	121	74	133.38	83.5912	15.6604
1	121	74	103.06	45.1719	33.9545
1	121	74	52.549	97.428	72.3492
1	121	74	126.842	70.9176	6.6055
1	121	74	52.2364	38.6222	77.3306
1	121	74	109.197	94.38	23.5513
1	121	74	109.412	45.173	31.0688
1	121	74	120.019	74.461	1.08386
1	121	74	139.487	73.5029	18.4933
1	121	74	141.682	85.9473	23.8851
1	121	74	49.9182	38.6991	79.3648
1	121	74	43.2764	21.906	93.5668
1	121	74	95.8122	97.4373	34.4054
1	121	74	121.263	72.3024	1.71786
1	121	74	113.671	81.3109	10.3523
1	121	74	102.553	97.2307	29.6637
1	121	74	48.9684	38.3529	80.3695
1	121	74	98.3322	97.4378	32.6062
1	121	74	124.521	74.0548	3.52174
1	121	74	138.347	63.7781	20.1351
1	121	74	52.561	97.428	72.3379
1	121	74	135.917	73.9798	14.9173
1	121	74	122.592	74.4471	1.65354
1	121	74	117.734	74.8526	3.37525
1	121	74	121.7	95.8783	21.8895
1	121	74	128.5	73.0897	7.55489
1	121	74	135.89	81.3792	16.6181
1	121	74	51.7516	38.261	77.927
1	121	74	53.9712	97.4283	71.0052
1	121	74	98.0952	96.744	32.2788
1	121	74	98.1262	97.3953	32.7193
1	121	74	116.981	84.196	10.9595
1	121	74	116.215	79.8415	7.55086
1	121	74	68.7333	11.0191	81.8438
1	121	74	123.025	74.0648	2.02608
1	121	74	136.746	72.0502	15.8662
1	121	74	119.089	74.7325	2.04628
1	121	74	118.36	46.1749	27.9501
1	121	74	132.274	61.0108	17.1998
1	121	74	130.425	85.4861	14.8578
1	121	74	38.298	24.9248	96.1665
1	121	74	141.94	82.1594	22.4739
1	121	74	114.061	45.46	29.3714
1	121	74	141.254	60.5939	24.2887
1	121	74	129.151	73.7296	8.15574
1	121	74	114.334	45.5423	29.2281
1	121	74	107.599	96.8079	26.4536
1	121	74	71.0953	22.5413	71.6832
1	121	74	101.61	97.4385	30.4193
1	121	74	88.8154	65.3529	33.326
1	121	74	41.5138	23.8812	93.9678
1	121	74	93.2375	97.4367	36.3323
1	121	74	86.6748	65.9808	35.2495
1	121	74	117.811	81.7864	8.41401
1	121	74	86.2564	57.6584	38.3948
1	121	74	71.3126	10.5694	80.5747
1	121	74	85.1449	63.2056	37.4447
1	121	74	125.943	88.8784	15.678
1	121	74	131.129	53.6928	22.6932
1	121	74	136.869	64.8398	18.3227
1	121	74	89.9355	88.3542	34.2206
1	121	74	95.8687	97.4373	34.3641
1	121	74	50.796	37.3164	79.2104
1	121	74	123.563	69.8586	4.8705
1	121	74	124.614	69.4023	5.84824
1	121	74	137.564	74.1028	16.564
1	121	74	62.5002	12.177	85.1136
1	121	74	139.912	59.0034	24.1363
1	121	74	122.843	62.2941	11.85
1	121	74	118.145	78.4011	5.24612
1	121	74	118.257	46.1504	27.9844
1	121	74	105.298	67.3501	17.0517
1	121	74	132.04	80.0572	12.5925
1	121	74	63.9941	11.8036	84.3686
1	121	74	109.208	65.0506	14.8035
1	121	74	122.974	73.7392	1.99162
1	121	74	140.506	63.9405	21.9471
1	121	74	71.0689	10.8821	80.4797
1	121	74	121.947	90.5858	16.6128
1	121	74	114.127	45.501	29.3161
1	121	74	128.756	93.1672	20.6769
1	121	74	71.2799	10.5221	80.6321
1	121	74	128.839	80.6921	10.307
1	121	74	138.111	74.7166	17.1256
1	121	74	98.6814	97.4379	32.3644
1	121	74	120.559	73.1871	0.924877
1	121	74	114.877	45.6253	29.0278
1	121	74	124.433	77.1087	4.63143
1	121	74	114.225	83.3145	11.518
1	121	74	116.398	79.4888	7.16253
1	121	74	101.807	51.306	29.722
1	121	74	93.6832	69.0452	27.7625
1	121	74	120.733	46.5652	27.4361
1	121	74	127.974	82.4429	10.9505
1	121	74	123.999	76.2756	3.76485
1	121	74	118.554	75.6662	2.95993
1	121	74	134.805	82.2276	16.0704
1	121	74	114.552	45.5427	29.1786
1	121	74	126.571	47.0232	27.5459
1	121	74	61.0002	42.5244	67.7546
1	121	74	129.786	52.1981	23.5057
1	121	74	129.013	75.284	8.11528
1	121	74	74.0477	54.2785	50.9259
1	121	74	119.342	52.2282	21.8349
1	121	74	128.716	76.1089	7.99927
1	121	74	107.287	49.3587	28.1999
1	121	74	109.566	52.3556	24.479
1	121	74	60.7772	96.2597	64.205
1	121	74	111.456	46.5467	29.065
1	121	74	130.903	85.7244	15.347
1	121	74	122.313	87.9295	13.9912
1	121	74	139.154	73.4929	18.161
1	121	74	109.431	76.6412	11.867
1	121	74	138.042	70.3442	17.4297
1	121	74	130.885	51.7003	24.3923
1	121	74	105.584	73.1488	15.4395
1	121	74	123.705	69.0672	5.62603
1	121	74	51.3997	39.0431	77.8857
1	121	74	115.102	45.6669	28.9405
1	121	74	120.422	78.4418	4.47926
1	121	74	116.549	78.3324	6.21146
1	121	74	113.595	69.7167	8.55444
1	121	74	93.7498	45.6475	39.3248
1	121	74	97.6438	65.133	24.9827
1	121	74	133.034	82.3919	14.6711
1	121	74	126.591	88.7419	15.7665
1	121	74	85.2775	90.2486	39.2443
1	121	74	103.074	97.4388	29.5078
1	121	74	86.8259	58.1436	37.6736
1	121	74	96.791	56.1973	30.0501
1	121	74	119.478	46.3477	27.6942
1	121	74	50.7038	36.2946	79.77
1	121	74	61.1664	10.8637	86.9842
1	121	74	125.207	68.557	6.87958
1	121	74	116.666	45.8775	28.4545
1	121	74	125.775	92.513	19.1188
1	121	74	126.368	50.6828	23.9271
1	121	74	136.877	62.794	19.4332
1	121	74	93.1107	97.2915	36.336
1	121	74	124.271	71.6804	4.00996
1	121	74	124.266	77.1379	4.52936
1	121	74	51.9025	39.9775	77.0194
1	121	74	125.037	76.4406	4.71728
1	121	74	112.567	45.2142	29.9956
1	121	74	111.915	45.1735	30.2243
1	121	74	129.429	71.4459	8.8076
1	121	74	135.319	79.9652	15.5117
1	121	74	119.501	75.5163	2.13238
1	121	74	134.183	80.7978	14.8327
1	121	74	71.3185	10.5665	80.5734
1	121	74	109.763	93.3113	22.3426
1	121	74	130.849	68.0785	11.492
1	121	74	123.493	70.7694	4.0804
1	121	74	124.144	47.1006	27.0825
1	121	74	71.2258	10.7428	80.4919
1	121	74	120.476	86.1963	12.2076
1	121	74	138.89	72.4143	17.9603
1	121	74	133.761	67.5667	14.2907
1	121	74	127.381	78.1282	7.60027
1	121	74	114.674	90.1778	17.3705
1	121	74	137.801	58.4939	22.8626
1	121	74	127.872	94.4016	21.528
1	121	74	113.873	46.2124	28.6871
1	121	74	120.725	89.4524	15.4548
1	121	74	136.624	78.0141	16.1319
1	121	74	141.925	54.6042	28.5312
1	121	74	114.304	45.9422	28.8459
1	121	74	135.704	63.4165	18.117
1	121	74	129.436	65.385	12.0576
1	121	74	123.293	50.5601	23.5518
1	121	74	132.68	82.8087	14.6294
1	121	74	110.144	45.1732	30.8032
1	121	74	131.47	75.2881	10.5493
1	121	74	139.565	84.9788	21.5684
1	121	74	115.071	82.8658	10.6653
1	121	74	128.75	69.9758	8.73292
1	121	74	65.2203	95.1669	59.6608
1	121	74	52.6765	38.2581	77.1076
1	121	74	127.971	93.4109	20.6247
1	121	74	116.873	80.3634	7.5846
1	121	74	104.159	97.383	28.8164
1	121	74	122.307	66.942	7.17797
1	121	74	115.934	45.7513	28.6993
1	121	74	123.828	68.1919	6.4599
1	121	74	129.712	75.0423	8.77408
1	121	74	18.2067	37.4434	109.1
1	121	74	104.711	97.4391	28.5433
1	121	74	105.449	97.4393	28.1288
1	121	74	140.185	71.9177	19.298
1	121	74	23.5459	35.1654	104.907
1	121	74	106.151	97.3838	27.7
1	121	74	92.9215	57.844	32.3947
1	121	74	133.28	63.9482	15.8694
1	121	74	124.705	80.6626	7.62371
1	121	74	116.681	45.9189	28.4113
1	121	74	119.376	75.0933	1.95762
1	121	74	131.565	78.8148	11.6102
1	121	74	135.459	65.3293	16.8594
1	121	74	104.032	45.1721	33.451
1	121	74	138.848	70.1964	18.2485
1	121	74	114.704	80.8855	9.32994
1	121	74	140.413	74.4226	19.4171
1	121	74	124.935	47.6602	26.6321
1	121	74	129.743	75.6936	8.90566
1	121	74	116.021	46.0271	28.4126
1	121	74	126.475	59.3973	15.5954
1	121	74	126.154	75.3101	5.31837
1	121	74	105.092	95.4408	26.6978
1	121	74	131.457	73.5065	10.4691
1	121	74	51.6989	40.0073	77.189
1	121	74	133.323	83.9582	15.8435
1	121	74	122.405	64.5371	9.56662
1	121	74	115.425	45.7088	28.8352
1	121	74	122.69	71.385	3.11344
1	121	74	135.85	80.3499	16.1511
1	121	74	115.681	81.4202	9.1295
1	121	74	123.886	76.365	3.7312
1	121	74	116.694	45.9189	28.4093
1	121	74	129.294	76.1224	8.56098
1	121	74	5.51436	87.751	116.301
1	121	74	131.835	71.2441	11.1795
1	121	74	88.4466	54.1597	38.123
1	121	74	123.146	70.6654	3.96525
1	121	74	104.917	67.7888	17.2405
1	121	74	94.2654	56.2933	32.0666
1	121	74	110.334	93.8083	22.4974
1	121	74	108.79	45.1729	31.3063
1	121	74	127.331	66.8303	9.56498
1	121	74	117.981	47.1238	27.0452
1	121	74	6.74323	86.3512	114.922
1	121	74	105.023	97.4392	28.3665
1	121	74	82.4014	57.9549	41.8007
1	121	74	117.037	84.0288	10.7833
1	121	74	104.541	97.4391	28.6405
1	121	74	123.21	93.9509	20.0729
1	121	74	120.959	82.9814	8.98151
1	121	74	126.02	77.6333	6.19661
1	121	74	115.841	45.7653	28.7022
1	121	74	114.841	66.5413	9.67325
1	121	74	135.989	79.2491	15.8818
1	121	74	105.562	88.3678	21.0897
1	121	74	136.016	77.4037	15.3965
1	121	74	71.403	10.5245	80.5544
1	121	74	134.172	52.2244	25.4495
1	121	74	118.047	46.0902	28.0656
1	121	74	100.157	95.2396	29.7581
1	121	74	134.295	63.0831	17.2031
1	121	74	124.273	91.7632	18.0623
1	121	74	120.709	46.5229	27.4786
1	121	74	126.432	64.6023	10.8548
1	121	74	121.512	46.697	27.3078
1	121	74	121.376	76.2633	2.29427
1	121	74	119.127	46.304	27.7593
1	121	74	138.311	48.9596	30.4416
1	121	74	112.411	54.3224	21.4704
1	121	74	117.423	77.632	5.0974
1	121	74	86.9255	62.7538	35.8824
1	121	74	124.579	70.8008	4.80018
1	121	74	119.494	56.5584	17.5066
1	121	74	129.598	73.9714	8.59844
1	121	74	132.908	80.4207	13.5284
1	121	74	98.512	97.4378	32.4814
1	121	74	142.172	73.5853	21.1758
1	121	74	113.621	45.4186	29.5185
1	121	74	97.0071	91.9606	29.9707
1	121	74	134.307	78.8108	14.1502
1	121	74	101.826	93.8347	27.5872
1	121	74	126.348	69.6676	6.8823
1	121	74	141.428	85.6991	23.5409
1	121	74	99	97.3552	32.0852
1	121	74	59.46	43.3477	68.7512
1	121	74	89.6093	49.1036	40.065
1	121	74	119.26	46.3047	27.7499
1	121	74	142.247	79.3886	21.9196
1	121	74	10.6644	83.2274	110.721
1	121	74	127.332	92.0842	19.1608
1	121	74	106.258	97.1156	27.4162
1	121	74	98.8667	97.4379	32.2369
1	121	74	118.846	84.3524	10.5741
1	121	74	134.699	61.0787	18.8317
1	121	74	106.639	88.4734	20.3889
1	121	74	127.406	74.9474	6.47586
1	121	74	119.929	75.4562	1.80781
1	121	74	137.324	73.5856	16.3296
1	121	74	138.588	80.6499	18.8033
1	121	74	130.677	75.8673	9.85577
1	121	74	115.892	45.7884	28.6703
1	121	74	125.378	74.2003	4.38279
1	121	74	127.337	71.8382	6.69533
1	121	74	138.794	86.0713	21.5022
1	121	74	140.811	65.435	21.5835
1	121	74	120.21	74.1436	0.802889
1	121	74	113.553	45.3777	29.5753
1	121	74	130.691	64.9687	13.2466
1	121	74	95.3776	97.4372	34.7248
1	121	74	120.697	78.0754	4.08662
1	121	74	141.989	71.2223	21.1725
1	121	74	100.454	93.5171	28.3379
1	121	74	123.063	77.307	3.8977
1	121	74	139.569	85.105	21.6364
1	121	74	55.4359	97.4286	69.6244
1	121	74	115.733	45.7508	28.736
1	121	74	102.663	97.4387	29.7593
1	121	74	109.068	47.0275	29.494
1	121	74	119.527	71.9568	2.51869
1	121	74	122.734	73.61	1.7776
1	121	74	110.839	45.1733	30.5652
1	121	74	122.529	87.22	13.3081
1	121	74	95.3669	72.0181	25.7096
1	121	74	128.273	69.3414	8.63694
1	121	74	60.0955	42.1093	68.7487
1	121	74	131.929	53.176	23.5178
1	121	74	125.564	73.6984	4.57387
1	121	74	101.43	67.1553	20.7322
1	121	74	125.801	83.6711	10.7971
1	121	74	93.1996	47.0604	38.7118
1	121	74	124.917	80.9914	8.01365
1	121	74	124.676	80.5527	7.51315
1	121	74	115.41	45.6642	28.882
1	121	74	104.869	45.1722	33.0342
1	121	74	115.418	60.0175	15.0556
1	121	74	97.3675	95.6943	32.0801
1	121	74	118.987	46.2614	27.8115
1	121	74	126.139	77.7172	6.34249
1	121	74	139.183	71.4109	18.3667
1	121	74	120.549	78.1221	4.14672
1	121	74	118.281	76.7962	3.8999
1	121	74	117.87	47.2594	26.9231
1	121	74	118.073	46.1319	28.0213
1	121	74	121.866	71.1147	3.01254
1	121	74	77.1467	97.4333	49.7216
1	121	74	115.596	78.4868	7.02401
1	121	74	93.0384	97.4367	36.4847
1	121	74	128.275	69.7014	8.45006
1	121	74	85.8283	62.1462	37.1155
1	121	74	103.848	97.4389	29.0443
1	121	74	119.749	86.1124	12.1768
1	121	74	122.688	73.4875	1.76372
1	121	74	71.2333	10.6903	80.5285
1	121	74	55.5896	40.1078	73.6695
1	121	74	125.924	80.614	8.24559
1	121	74	115.409	81.0347	8.98575
1	121	74	113.705	45.4187	29.4976
1	121	74	127.536	90.3706	17.6273
1	121	74	134.074	59.622	19.4333
1	121	74	113.865	45.4597	29.4188
1	121	74	7.70099	86.9203	114.033
1	121	74	125.374	73.8371	4.37745
1	121	74	116.286	45.8349	28.5568
1	121	74	121.848	72.7889	1.47859
1	121	74	140.564	70.5629	19.8634
1	121	74	53.3343	41.1009	75.2396
1	121	74	134.722	81.7581	15.7629
1	121	74	125.79	85.964	12.8873
1	121	74	139.218	61.3758	22.1648
1	121	74	51.7925	38.1187	77.9561
1	121	74	103.582	50.5643	29.1996
1	121	74	117.456	61.7996	12.7048
1	121	74	120.761	82.7979	8.80115
1	121	74	113.441	63.7361	12.7468
1	121	74	112.998	45.6479	29.4598
1	121	74	102.513	97.4387	29.8517
1	121	74	105.299	96.8032	27.6859
1	121	74	137.917	76.1505	17.0528
1	121	74	51.8067	97.4278	73.0518
1	121	74	134.399	80.3029	14.8076
1	121	74	130.425	47.2245	28.386
1	121	74	127.99	85.7403	13.6637
1	121	74	47.2478	19.9595	91.4318
1	121	74	125.776	68.3473	7.40005
1	121	74	100.188	97.4382	31.3444
1	121	74	118.281	46.1329	27.9994
1	121	74	139.113	85.6634	21.5434
1	121	74	112.788	46.0913	29.092
1	121	74	130.313	62.031	15.1653
1	121	74	137.375	57.5044	23.2435
1	121	74	97.5438	97.4376	33.159
1	121	74	120.923	74.2781	0.288659
1	121	74	119.655	46.3487	27.684
1	121	74	103.077	97.4388	29.5063
1	121	74	122.125	69.0549	5.07142
1	121	74	136.468	72.2154	15.5702
1	121	74	107.343	45.1727	31.8987
1	121	74	104.978	96.7986	27.8653
1	121	74	135.414	59.5773	20.3908
1	121	74	119.362	88.3687	14.4617
1	121	74	85.6743	49.0333	43.2579
1	121	74	125.293	90.2853	16.8417
1	121	74	110.466	48.2847	27.7892
1	121	74	52.4432	97.2553	72.3937
1	121	74	130.884	71.9021	10.1041
1	121	74	107.541	45.1727	31.8145
1	121	74	140.135	55.7636	26.4331
1	121	74	105.744	97.3433	27.8866
1	121	74	121.552	74.829	0.995941
1	121	74	99.4504	91.0405	27.4729
1	121	74	108.843	47.7327	28.9443
1	121	74	140.265	84.2781	21.8349
1	121	74	132.778	74.4294	11.7855
1	121	74	121.75	70.5106	3.56902
1	121	74	123.17	69.9429	4.60088
1	121	74	105.562	97.4393	28.0667
1	121	74	117.836	75.8472	3.66386
1	121	74	97.0596	91.2452	29.5049
1	121	74	104.394	97.439	28.7254
1	121	74	130.17	78.651	10.2817
1	121	74	100.404	97.4382	31.2016
1	121	74	140.501	84.0681	21.9464
1	121	74	119.352	46.3052	27.7438
1	121	74	128.163	73.7781	7.16596
1	121	74	136.4	73.1899	15.4217
1	121	74	137.671	75.9697	16.7872
1	121	74	121.99	69.3725	4.73215
1	121	74	61.9341	11.9541	85.6649
1	121	74	129.21	88.2305	16.4288
1	121	74	119.299	83.6219	9.77107
1	121	74	107.579	49.2243	28.1772
1	121	74	104.021	97.383	28.8974
1	121	74	101.914	97.4385	30.2262
1	121	74	142.243	64.0312	23.4661
1	121	74	142.182	78.6616	21.6886
1	121	74	48.6014	31.0998	84.1545
1	121	74	135.776	65.1454	17.2263
1	121	74	113.28	60.7892	15.3012
1	121	74	130.766	87.3577	16.5471
1	121	74	10.7003	83.1799	110.681
1	121	74	106.822	46.4975	30.9418
1	121	74	50.4374	33.3715	81.4233
1	121	74	138.934	84.2151	20.6393
1	121	74	135.915	77.9238	15.4226
1	121	74	138.212	78.1999	17.717
1	121	74	110.336	45.1732	30.7359
1	121	74	137.69	82.443	18.7044
1	121	74	111.984	45.1735	30.2036
1	121	74	135.455	78.6776	15.1926
1	121	74	108.354	50.8782	26.3543
1	121	74	51.9913	39.428	77.1843
1	121	74	101.529	97.3819	30.4275
1	121	74	126.814	94.7776	21.5757
1	121	74	108.757	95.1526	24.4401
1	121	74	130.098	56.5862	19.6472
1	121	74	132.865	84.5368	15.8684
1	121	74	138.654	86.0142	21.3544
1	121	74	118.652	85.8913	12.1209
1	121	74	101.645	94.2405	28.0052
1	121	74	139.543	85.0337	21.5776
1	121	74	129.285	76.8686	8.76713
1	121	74	138.936	77.167	18.2138
1	121	74	39.306	24.4071	95.5687
1	121	74	120.623	72.1289	1.90871
1	121	74	109.521	75.9209	11.6383
1	121	74	121.071	88.034	14.0342
1	121	74	131.346	86.0747	15.9011
1	121	74	118.651	76.8054	3.65903
1	121	74	133.211	71.8866	12.3925
1	121	74	127.988	83.1183	11.4878
1	121	74	102.696	97.4387	29.7392
1	121	74	55.9176	97.4287	69.171
1	121	74	119.335	77.1996	3.60711
1	121	74	128.622	74.0064	7.6224
1	121	74	119.165	76.9465	3.4711
1	121	74	140.498	66.955	20.7313
1	121	74	51.0867	38.3037	78.499
1	121	74	134.217	81.9028	15.3997
1	121	74	129.667	83.8259	13.1024
1	121	74	117.556	81.6461	8.3861
1	121	74	115.712	73.4803	5.31357
1	121	74	119.42	78.3711	4.64787
1	121	74	111.033	45.1733	30.5012
1	121	74	113.357	45.3367	29.6647
1	121	74	124.864	69.0673	6.26627
1	121	74	7.60179	85.7265	114.003
1	121	74	113.309	46.7968	28.2694
1	121	74	112.066	45.1735	30.1791
1	121	74	135.334	75.587	14.4218
1	121	74	125.348	79.9704	7.38613
1	121	74	129.636	81.1577	11.2169
1	121	74	109.222	45.173	31.1404
1	121	74	95.2939	97.4372	34.7866
1	121	74	112.57	93.8963	21.6086
1	121	74	130.44	67.7162	11.3405
1	121	74	95.3149	93.8087	32.4362
1	121	74	134.447	78.3618	14.1371
1	121	74	139.373	70.31	18.7398
1	121	74	131.971	76.0032	11.1527
1	121	74	7.3519	86.2366	114.305
1	121	74	116.872	77.4516	5.38112
1	121	74	135.842	79.0293	15.6707
1	121	74	116.665	45.8981	28.4343
1	121	74	114.843	76.4308	6.61921
1	121	74	114.674	86.0385	13.5993
1	121	74	46.0099	97.4266	78.5641
1	121	74	124.402	70.2408	5.06994
1	121	74	115.622	45.7093	28.7974
1	121	74	52.0764	39.8433	76.9229
1	121	74	120.97	46.5667	27.4333
1	121	74	101.403	70.1824	19.9653
1	121	74	118.899	80.2319	6.57654
1	121	74	71.4112	10.6355	80.4619
1	121	74	101.158	97.4384	30.7095
1	121	74	115.743	82.4688	9.96793
1	121	74	52.0095	39.5299	77.1225
1	121	74	68.5765	12.1244	81.0976
1	121	74	142.182	79.0369	21.773
1	121	74	116.608	84.195	11.1007
1	121	74	104.633	96.4996	27.8225
1	121	74	134.443	74.3143	13.4463
1	121	74	129.142	69.2419	9.43051
1	121	74	124.663	54.5447	19.797
1	121	74	124.227	90.478	16.791
1	121	74	135.31	65.5857	16.6004
1	121	74	52.4194	38.2537	77.3376
1	121	74	121.277	78.1301	4.13937
1	121	74	117.947	78.0823	5.09781
1	121	74	122.314	79.3988	5.55646
1	121	74	123.16	88.4215	14.5823
1	121	74	139.834	71.8786	18.9529
1	121	74	116.987	75.374	4.24189
1	121	74	133.391	80.7027	14.0873
1	121	74	133.774	83.8408	16.1252
1	121	74	120.321	72.054	2.061
1	121	74	51.6454	40.1641	77.1682
1	121	74	104.544	97.3832	28.5932
1	121	74	140.891	82.7188	21.7176
1	121	74	124.089	70.0072	5.04814
1	121	74	127.106	84.2085	11.8952
1	121	74	122.348	46.7878	27.2456
1	121	74	85.6723	64.2529	36.6476
1	121	74	104.227	55.3198	25.1052
1	121	74	112.007	88.031	16.6659
1	121	74	121.785	73.9276	0.787895
1	121	74	121.515	58.3968	15.6117
1	121	74	118.254	46.1327	28.0023
1	121	74	110.017	59.9033	17.8704
1	121	74	74.0503	52.5378	51.6227
1	121	74	111.949	45.1735	30.214
1	121	74	142.12	76.1955	21.2343
1	121	74	138.176	60.6556	21.7504
1	121	74	115.756	46.8116	27.6895
1	121	74	49.7053	31.9863	82.7532
1	121	74	134.374	75.8322	13.4991
1	121	74	121.241	46.6107	27.3904
1	121	74	134.472	48.4639	28.8721
1	121	74	72.4718	10.9808	79.5387
1	121	74	121.321	90.0238	16.027
1	121	74	131.408	75.2591	10.4835
1	121	74	129.028	80.3491	10.235
1	121	74	102.188	97.4386	30.0546
1	121	74	121.784	69.706	4.36504
1	121	74	116.789	45.9193	28.3948
1	121	74	106.054	68.019	16.0983
1	121	74	121.347	86.9601	12.9647
1	121	74	138.34	81.4685	18.8802
1	121	74	128.848	63.6936	12.9545
1	121	74	103.177	97.4388	29.4454
1	121	74	101.417	92.8899	27.2089
1	121	74	130.236	72.7643	9.31829
1	121	74	121.909	91.8488	17.8719
1	121	74	129.571	65.6344	11.9771
1	121	74	130.384	82.335	12.5514
1	121	74	58.2909	97.4293	66.943
1	121	74	123.595	47.0105	27.114
1	121	74	130.868	59.2233	17.7689
1	121	74	127.47	69.6843	7.77722
1	121	74	122.973	84.4794	10.6635
1	121	74	101.181	97.4384	30.6943
1	121	74	116.247	82.7048	9.91813
1	121	74	137.883	63.8393	19.7048
1	121	74	139.173	61.2726	22.1867
1	121	74	72.0061	10.8274	79.9448
1	121	74	111.346	95.2153	23.3085
1	121	74	124.035	72.8669	3.23967
1	121	74	71.2677	10.7223	80.4821
1	121	74	117.571	59.432	14.9663
1	121	74	41.1785	24.1213	94.1241
1	121	74	127.675	69.4833	8.05926
1	121	74	85.3797	66.0207	36.5031
1	121	74	117.945	86.3752	12.7468
1	121	74	101.294	96.9006	30.212
1	121	74	136.294	77.4068	15.6692
1	121	74	7.98687	85.4313	113.59
1	121	74	115.628	83.5164	10.9277
1	121	74	129.216	78.6322	9.43142
1	121	74	5.59095	88.0065	116.256
1	121	74	140.262	74.6329	19.2725
1	121	74	138.131	85.4563	20.609
1	121	74	131.842	85.1509	15.5532
1	121	74	125.189	73.1177	4.28075
1	121	74	107.895	60.7135	18.6622
1	121	74	125.967	67.8613	7.89655
1	121	74	134.575	78.3001	14.2395
1	121	74	128.83	72.9604	7.8987
1	121	74	117.757	46.0474	28.1401
1	121	74	117.342	46.0042	28.2338
1	121	74	104.842	97.4693	28.4935
1	121	74	67.9342	11.6925	81.8425
1	121	74	122.682	46.8753	27.1769
1	121	74	137.663	66.8413	18.1355
1	121	74	68.1927	12.1279	81.3435
1	121	74	123.037	74.6608	2.14149
1	121	74	132.877	80.9829	13.7773
1	121	74	41.4651	23.9161	93.9904
1	121	74	115.187	45.6671	28.9231
1	121	74	130.422	70.6979	9.98426
1	121	74	104.678	67.6293	17.521
1	121	74	119.259	45.9193	28.1346
1	121	74	95.4683	97.1393	34.4571
1	121	74	139.024	67.1	19.2992
1	121	74	119.117	46.2621	27.8018
1	121	74	132.776	74.5565	11.7894
1	121	74	123.332	71.8518	3.17073
1	121	74	139.217	55.9714	25.6301
1	121	74	116.479	78.886	6.65683
1	121	74	125.219	73.8593	4.22134
1	121	74	125.072	75.0253	4.19914
1	121	74	132.627	77.3217	12.0923
1	121	74	113.31	81.2506	10.5691
1	121	74	137.226	76.4491	16.4094
1	121	74	138.414	80.8319	18.7063
1	121	74	136.592	82.1139	17.577
1	121	74	103.488	97.3827	29.2137
1	121	74	137.563	73.7209	16.565
1	121	74	137.663	72.3791	16.7413
1	121	74	114.637	45.5428	29.1599
1	121	74	135.966	76.4171	15.1598
1	121	74	130.271	69.5697	10.2752
1	121	74	123.3	85.2719	11.5042
1	121	74	117.579	46.6949	27.5186
1	121	74	118.718	76.3365	3.26603
1	121	74	113.777	45.4341	29.465
1	121	74	62.2232	97.4301	63.2747
1	121	74	101.315	63.477	22.3211
1	121	74	124.799	66.3886	8.50691
1	121	74	106.57	45.1725	32.2372
1	121	74	141.961	41.3444	38.8041
1	121	74	137.909	69.2336	17.5682
1	121	74	123.236	52.7772	21.3403
1	121	74	55.8684	97.4287	69.2173
1	121	74	113.299	45.3367	29.6798
1	121	74	100.679	95.4439	29.5427
1	121	74	139.228	85.5697	21.5899
1	121	74	133.106	68.2423	13.4052
1	121	74	129.582	66.6605	11.2926
1	121	74	139.778	70.0475	19.1891
1	121	74	71.3203	10.5984	80.5472
1	121	74	120.12	85.853	11.8856
1	121	74	42.9716	21.8614	93.8449
1	121	74	90.4992	67.1704	31.2561
1	121	74	122.11	92.4161	18.4495
1	121	74	108.537	94.0318	23.5926
1	121	74	135.917	78.7725	15.6623
1	121	74	41.337	24.009	94.0494
1	121	74	120.509	51.1369	22.8683
1	121	74	114.959	66.8472	9.36281
1	121	74	135.066	72.4688	14.1491
1	121	74	135.482	77.1414	14.8191
1	121	74	138.103	71.3743	17.3031
1	121	74	103.092	50.9862	29.1605
1	121	74	112.517	45.2142	30.0096
1	121	74	123.013	90.0256	16.1515
1	121	74	104.647	97.4376	28.5785
1	121	74	142.064	82.0637	22.5544
1	121	74	125.134	90.7805	17.2823
1	121	74	130.915	72.7547	9.993
1	121	74	103.62	60.9063	21.7606
1	121	74	113.829	45.7464	29.1495
1	121	74	113.656	45.4186	29.5097
1	121	74	139.147	65.0047	20.2538
1	121	74	136.158	65.8309	17.2194
1	121	74	142.188	82.2205	22.7264
1	121	74	127.025	74.4516	6.04181
1	121	74	48.256	20.318	90.4071
1	121	74	56.2539	43.4781	71.5796
1	121	74	104.037	45.1721	33.4485
1	121	74	124.899	74.2537	3.90714
1	121	74	109.202	45.173	31.1478
1	121	74	102.814	97.1404	29.4311
1	121	74	118.194	75.1768	3.04251
1	121	74	136.201	81.0187	16.7428
1	121	74	132.616	81.2769	13.7068
1	121	74	89.2655	45.7011	42.5195
1	121	74	140.658	74.0699	19.6584
1	121	74	50.7799	37.33	79.2184
1	121	74	61.8806	15.1656	83.4062
1	121	74	118.941	74.3639	2.09064
1	121	74	105.744	97.4393	27.967
1	121	74	140.853	66.8058	21.1164
1	121	74	114.097	45.495	29.3289
1	121	74	127.948	65.0883	11.3003
1	121	74	120.559	78.9764	4.99591
1	121	74	104.307	97.3831	28.7304
1	121	74	116.54	80.0721	7.53413
1	121	74	112.031	46.0174	29.3848
1	121	74	125.94	89.0308	15.8218
1	121	74	71.2445	10.7336	80.4875
1	121	74	38.0211	25.4328	96.1471
1	121	74	54.8883	97.4285	70.1402
1	121	74	118.052	46.1318	28.0236
1	121	74	124.803	67.1058	7.87369
1	121	74	129.074	80.7606	10.5306
1	121	74	132.407	82.5125	14.2328
1	121	74	67.8815	13.2044	80.7322
1	121	74	56.3124	97.4288	68.7997
1	121	74	140.994	58.1625	25.5065
1	121	74	118.831	71.7393	3.13277
1	121	74	126.375	94.3363	21.0345
1	121	74	130.499	69.0286	10.7216
1	121	74	130.276	53.6258	22.3864
1	121	74	124.147	90.7585	17.0514
1	121	74	114.797	76.4066	6.65372
1	121	74	130.809	80.5135	11.7746
1	121	74	136.083	80.5219	16.4323
1	121	74	98.89	45.1712	36.3311
1	121	74	138.602	56.3013	24.9615
1	121	74	126.925	42.9139	31.6457
1	121	74	142.131	75.7083	21.1996
1	121	74	101.457	97.3819	30.4739
1	121	74	126.338	72.6087	5.51661
1	121	74	123.097	70.2549	4.29237
1	121	74	115.164	76.2397	6.25075
1	121	74	23.1429	39.0556	103.909
1	121	74	134.211	80.0815	14.5433
1	121	74	45.8694	22.0481	91.3433
1	121	74	61.0387	42.4884	67.7373
1	121	74	140.149	84.4571	21.818
1	121	74	115.828	45.751	28.7185
1	121	74	106.298	48.5638	29.3792
1	121	74	110.13	49.9119	26.4273
1	121	74	122.509	87.6671	13.7501
1	121	74	126.52	67.4752	8.54638
1	121	74	112.453	45.2142	30.028
1	121	74	100.94	97.4383	30.8505
1	121	74	126.314	69.8447	6.74575
1	121	74	58.5573	97.4293	66.6935
1	121	74	101.105	97.3352	30.6651
1	121	74	51.3436	36.9824	78.8817
1	121	74	57.739	97.3633	67.4374
1	121	74	136.132	62.0599	19.2752
1	121	74	51.6124	39.2755	77.5914
1	121	74	114.381	45.5014	29.2572
1	121	74	137.21	71.1189	16.4638
1	121	74	123.636	91.7199	17.9149
1	121	74	124.671	71.2953	4.55975
1	121	74	118.157	46.1324	28.0122
1	121	74	49.5722	97.4274	75.1716
1	121	74	118.877	72.9918	2.34983
1	121	74	58.0899	97.4292	67.1313
1	121	74	125.631	62.5616	12.3402
1	121	74	130.858	81.2242	12.2218
1	121	74	101.715	52.2454	29.0717
1	121	74	120.15	49.8457	24.1692
1	121	74	138.001	69.3032	17.6377
1	121	74	60.5815	41.1556	68.7689
1	121	74	115.993	77.6696	6.20816
1	121	74	105.853	97.4394	27.9074
1	121	74	120.397	69.4322	4.60734
1	121	74	125.704	74.343	4.7165
1	121	74	101.528	97.169	30.2648
1	121	74	114.169	77.1183	7.50894
1	121	74	130.546	84.4195	14.1311
1	121	74	125.335	71.3778	5.06616
1	121	74	49.0212	97.4272	75.6954
1	121	74	130.8	82.5326	12.9938
1	121	74	130.383	77.115	9.88668
1	121	74	118.392	70.7647	4.15551
1	121	74	119.303	73.0078	1.96575
1	121	74	102.494	97.3805	29.8181
1	121	74	132.489	48.2311	28.2139
1	121	74	116.253	80.6623	8.18068
1	121	74	112.08	45.1735	30.1751
1	121	74	110.891	45.1733	30.5479
1	121	74	94.47	55.7758	32.1864
1	121	74	88.4528	61.0305	35.0361
1	121	74	116.696	45.4678	28.855
1	121	74	87.6431	62.6227	35.2438
1	121	74	127.824	66.6302	10.0443
1	121	74	10.6644	83.2215	110.72
1	121	74	131.621	82.8998	13.8566
1	121	74	137.743	56.4896	24.2267
1	121	74	41.1874	24.1116	94.1218
1	121	74	140.394	83.5504	21.6184
1	121	74	103.218	93.6312	26.4873
1	121	74	47.0464	28.4514	86.8551
1	121	74	128.565	72.3246	7.74805
1	121	74	134.211	58.5874	20.2998
1	121	74	110.884	77.9704	10.8669
1	121	74	124.091	69.2169	5.69518
1	121	74	120.129	90.0398	16.0634
1	121	74	96.3582	95.1268	32.4586
1	121	74	133.81	64.656	15.8557
1	121	74	123.452	74.3796	2.48072
1	121	74	81.2536	20.5879	66.578
1	121	74	114.753	46.6662	28.0386
1	121	74	61.5237	60.5053	60.988
1	121	74	120.089	46.0853	27.9296
1	121	74	118.373	75.927	3.25817
1	121	74	129.294	73.2879	8.32457
1	121	74	134.535	75.3577	13.6029
1	121	74	49.5032	38.5983	79.7815
1	121	74	122.381	78.7818	4.97722
1	121	74	126.649	80.1363	8.34029
1	121	74	59.3578	14.3035	85.8105
1	121	74	117.472	46.125	28.0974
1	121	74	130.545	74.0786	9.54493
1	121	74	121.412	76.2323	2.2701
1	121	74	50.1529	97.4275	74.6201
1	121	74	134.256	62.9199	17.2766
1	121	74	7.03484	87.7691	114.794
1	121	74	134.487	58.411	20.6135
1	121	74	67.6812	11.7069	81.9959
1	121	74	113.885	45.4597	29.4139
1	121	74	127.66	71.6892	7.04973
1	121	74	140.158	86.2366	22.7327
1	121	74	103.99	97.439	28.9608
1	121	74	149.699	0.986178	78.4518
1	121	74	107.409	49.5063	28.0119
1	121	74	103.818	97.4389	29.0619
1	121	74	118.759	52.3875	21.7284
1	121	74	117.939	76.5379	3.97648
1	121	74	55.1056	97.4286	69.9355
1	121	74	47.6292	97.4269	77.0201
1	121	74	136.668	62.006	19.7314
1	121	74	139.333	85.1634	21.4642
1	121	74	112.885	45.2956	29.8295
1	121	74	89.2823	64.9447	32.985
1	121	74	41.6552	23.7794	93.9026
1	121	74	107.982	45.4338	31.3927
1	121	74	141.112	83.0745	22.0641
1	121	74	130.538	79.367	10.9442
1	121	74	140.78	73.3016	19.7928
1	121	74	125.078	74.0974	4.07899
1	121	74	105.643	51.8091	26.9867
1	121	74	105.256	97.0451	27.9098
1	121	74	131.962	83.7334	14.6598
1	121	74	123.27	69.4288	5.10386
1	121	74	118.511	46.1756	27.9355
1	121	74	132.49	73.8781	11.4909
1	121	74	138.999	85.8187	21.5327
1	121	74	126.854	49.9547	24.7476
1	121	74	136.031	80.3924	16.3335
1	121	74	117.43	82.0203	8.77891
1	121	74	48.8833	29.5555	84.712
1	121	74	125.39	67.4778	7.86176
1	121	74	114.341	97.3872	24.3166
1	121	74	139.454	85.2347	21.605
1	121	74	121.42	58.3513	15.6543
1	121	74	120.786	78.6315	4.63642
1	121	74	51.4531	38.1104	78.2613
1	121	74	116.71	58.167	16.4038
1	121	74	122.866	69.6508	4.73275
1	121	74	132.228	81.325	13.4064
1	121	74	142.171	73.4268	21.1792
1	121	74	102.609	97.3824	29.7483
1	121	74	119.472	46.3477	27.6945
1	121	74	133.922	81.3858	14.8842
1	121	74	122.889	79.9322	6.22582
1	121	74	129.196	74.3021	8.2017
1	121	74	116.687	76.6457	5.06013
1	121	74	136.905	65.4579	18.0539
1	121	74	122.306	81.3638	7.47871
1	121	74	123.375	70.0042	4.64819
1	121	74	117.093	80.4548	7.54541
1	121	74	127.081	90.2194	17.3219
1	121	74	113.204	74.4009	7.80605
1	121	74	132.36	74.0146	11.3602
1	121	74	41.2928	24.0371	94.0719
1	121	74	119.414	76.7928	3.2119
1	121	74	132.113	79.1377	12.2429
1	121	74	116.18	45.8346	28.5749
1	121	74	126.739	94.4901	21.2787
1	121	74	123.374	82.9157	9.2263
1	121	74	98.5942	97.4379	32.4246
1	121	74	130.463	65.3681	12.8082
1	121	74	117.984	46.5904	27.575
1	121	74	133.813	82.2795	15.255
1	121	74	95.3649	97.4372	34.7341
1	121	74	96.997	96.3611	32.8049
1	121	74	134.482	83.9242	16.7408
1	121	74	131.001	71.9176	10.2155
1	121	74	119.53	86.173	12.2614
1	121	74	140.985	74.7403	19.9983
1	121	74	107.221	48.1429	29.2995
1	121	74	135.997	74.3702	15.0013
1	121	74	71.3878	10.5485	80.5448
1	121	74	121.431	88.3052	14.3116
1	121	74	111.285	72.885	9.77916
