1	121	74	112.676	88.9818	17.139
1	121	74	125.101	85.8263	12.5171
1	121	74	120.493	71.9463	2.11541
1	121	74	68.9905	11.1981	81.5418
1	121	74	112.06	97.4406	25.0876
1	121	74	116.98	94.4186	20.8106
1	121	74	125.071	71.226	4.92668
1	121	74	125.143	75.0281	4.26854
1	121	74	120.234	75.1554	1.38598
1	121	74	85.3646	54.4214	40.6596
1	121	74	112.468	67.2402	10.8854
1	121	74	120.973	78.3166	4.31669
1	121	74	122.79	77.2265	3.68958
1	121	74	125.448	78.6775	6.45499
1	121	74	129.528	74.1702	8.53015
1	121	74	124.667	75.6738	4.03119
1	121	74	108.933	63.5133	15.9869
1	121	74	121.569	75.4289	1.53798
1	121	74	93.6737	95.9381	35.0429
1	121	74	131.531	78.64	11.5075
1	121	74	119.783	76.3236	2.62301
1	121	74	111.17	95.6336	23.7621
1	121	74	91.3627	60.7471	32.4656
1	121	74	132.612	73.731	11.6148
1	121	74	119.371	77.6831	4.02729
1	121	74	127.164	72.6064	6.31999
1	121	74	122.431	86.5561	12.6374
1	121	74	136.46	77.5868	15.871
1	121	74	107.973	67.1957	14.6973
1	121	74	116.602	84.0233	10.9456
1	121	74	109.292	89.1363	19.136
1	121	74	117.257	82.7039	9.47449
1	121	74	116.473	82.8052	9.90061
1	121	74	84.405	45.2903	46.5128
1	121	74	114.945	76.4009	6.51342
1	121	74	119.268	75.5625	2.33282
1	121	74	119.436	74.5097	1.64457
1	121	74	112.742	85.4181	14.0916
1	121	74	123.387	74.7587	2.50492
1	121	74	112.774	97.4881	24.8867
1	121	74	121.73	84.124	10.1503
1	121	74	120.732	75.76	1.78036
1	121	74	126.53	80.6126	8.61994
1	121	74	129.89	73.5803	8.90006
1	121	74	125.582	85.1391	12.0447
1	121	74	111.662	97.4856	25.2739
1	121	74	124.576	69.4384	5.7965
1	121	74	108.108	85.5189	17.2881
1	121	74	121.622	72.3802	1.73502
1	121	74	102.16	97.4386	30.0718
1	121	74	113.936	91.569	18.9361
1	121	74	129.937	76.8383	9.37683
1	121	74	101.911	87.7398	23.5194
1	121	74	68.7732	11.3065	81.5973
1	121	74	104.064	87.6418	21.7466
1	121	74	118.509	76.2172	3.33491
1	121	74	114.455	97.4651	24.3608
1	121	74	107.687	97.3085	26.8424
1	121	74	106.591	95.1583	25.5988
1	121	74	120.366	74.6036	0.875577
1	121	74	124.443	74.0203	3.44312
1	121	74	116.945	83.202	10.0557
1	121	74	67.8825	11.7462	81.8352
1	121	74	124.367	86.3787	12.8284
1	121	74	120.97	75.0506	1.05099
1	121	74	105.547	97.4393	28.0746
1	121	74	113.252	68.4441	9.53382
1	121	74	127.278	72.6424	6.42266
1	121	74	121.243	79.9793	5.98422
1	121	74	111.975	88.7258	17.2712
1	121	74	123.375	81.2112	7.59225
1	121	74	72.2725	57.1422	51.5612
1	121	74	119.612	75.2038	1.83725
1	121	74	108.308	94.9784	24.5191
1	121	74	101.194	85.0248	22.6674
1	121	74	111.806	89.1853	17.7519
1	121	74	119.397	74.6901	1.74554
1	121	74	127.034	75.7949	6.29542
1	121	74	119.554	81.0525	7.19911
1	121	74	46.0404	44.8969	80.4111
1	121	74	102.065	58.0152	24.7803
1	121	74	127.564	72.1699	6.81468
1	121	74	103.388	88.5698	22.8577
1	121	74	106.726	86.142	18.7395
1	121	74	118.783	74.6032	2.29742
1	121	74	139.808	83.8725	21.2414
1	121	74	87.9299	66.2157	33.9739
1	121	74	93.6235	97.4368	36.0383
1	121	74	107.804	88.9917	19.9724
1	121	74	127.152	74.9972	6.23211
1	121	74	126.145	77.744	6.36267
1	121	74	141.137	86.442	23.6704
1	121	74	134.984	89.6105	20.9578
1	121	74	138.829	80.0756	18.8356
1	121	74	124.342	71.0687	4.44568
1	121	74	123.341	77.0824	3.87075
1	121	74	122.67	84.6721	10.8019
1	121	74	69.7154	10.8334	81.3642
1	121	74	101.819	97.4385	30.2867
1	121	74	126.213	81.657	9.26304
1	121	74	120.803	74.9321	0.952648
1	121	74	120.135	78.2813	4.36779
1	121	74	120.6	75.7848	1.82914
1	121	74	120.328	73.4023	0.899005
1	121	74	102.8	89.9213	24.1809
1	121	74	117.265	76.477	4.48186
1	121	74	98.1307	94.0604	30.4208
1	121	74	130.472	81.8063	12.2739
1	121	74	126.502	81.6164	9.3957
1	121	74	112.809	96.2051	23.6678
1	121	74	110.05	87.3201	17.2432
1	121	74	105.37	88.8881	21.5862
1	121	74	120.867	75.7893	1.79426
1	121	74	120.892	76.1165	2.11927
1	121	74	102.807	97.4387	29.6709
1	121	74	115.097	76.1897	6.2964
1	121	74	118.574	78.5257	5.13494
1	121	74	105.861	84.2617	18.2893
1	121	74	124.861	76.7838	4.75973
1	121	74	121.38	74.136	0.403459
1	121	74	116.827	78.4587	6.10718
1	121	74	114.683	78.6589	7.84882
1	121	74	120.733	84.8895	10.8928
1	121	74	119.247	73.4419	1.8393
1	121	74	117.412	70.2036	5.22382
1	121	74	108.607	86.9653	17.9357
1	121	74	131.778	71.7221	11.0165
1	121	74	125.17	74.02	4.17019
1	121	74	110.587	94.5705	23.056
1	121	74	126.674	70.9312	6.45039
1	121	74	107.438	92.864	23.2333
1	121	74	119.763	74.7329	1.43813
1	121	74	103.292	97.4388	29.3759
1	121	74	117.437	84.5419	11.1278
1	121	74	123.42	77.8643	4.55962
1	121	74	138.739	77.4817	18.0772
1	121	74	119.481	84.2346	10.3467
1	121	74	69.0468	11.17	81.5276
1	121	74	114.766	68.3147	8.43707
1	121	74	92.7575	18.6647	62.1259
1	121	74	107.062	84.4645	17.429
1	121	74	107.946	89.4358	20.2156
1	121	74	97.092	97.4375	33.48
1	121	74	116.574	77.4032	5.58272
1	121	74	120.405	83.898	9.91588
1	121	74	117.13	78.5346	5.96175
1	121	74	122.557	75.9326	2.48158
1	121	74	136.68	84.3546	18.7907
1	121	74	104.136	90.5849	23.653
1	121	74	123.767	73.8763	2.76978
1	121	74	103.044	88.5168	23.09
1	121	74	115.003	80.6142	8.92787
1	121	74	125.807	74.9788	4.90587
1	121	74	105.781	83.7047	18.0496
1	121	74	110.357	65.3494	13.7156
1	121	74	127.515	72.2336	6.75013
1	121	74	123.676	70.2654	4.59438
1	121	74	67.7372	11.8173	81.8756
1	121	74	111.564	96.9906	24.8516
1	121	74	59.7443	15.9525	84.3906
1	121	74	127.939	71.2954	7.44753
1	121	74	120.04	73.4774	1.09288
1	121	74	124.159	74.6826	3.23207
1	121	74	116.161	97.4879	23.9811
1	121	74	119.147	75.5663	2.42596
1	121	74	119.417	75.4982	2.1797
1	121	74	73.9203	29.0912	65.0638
1	121	74	123.804	83.3661	9.77696
1	121	74	124.574	80.213	7.16747
1	121	74	88.344	66.3075	33.5498
1	121	74	141.254	86.4326	23.7654
1	121	74	105.333	90.6352	22.8517
1	121	74	128.898	71.9868	8.15082
1	121	74	107.121	91.1448	22.0584
1	121	74	133.679	88.6259	19.3562
1	121	74	136.544	41.3105	36.1968
1	121	74	123.672	71.5684	3.61244
1	121	74	106.473	84.0322	17.6548
1	121	74	118.071	75.6269	3.35065
1	121	74	111.015	97.3399	25.3861
1	121	74	107.874	85.6512	17.5514
1	121	74	119.153	81.2148	7.44746
1	121	74	125.921	76.6819	5.60432
1	121	74	69.611	10.8862	81.3891
1	121	74	142.189	83.2361	23.1146
1	121	74	103.435	88.8867	23.0247
1	121	74	122.528	73.6382	1.57006
1	121	74	129.101	75.7963	8.29783
1	121	74	120.032	76.3637	2.55419
1	121	74	128.746	92.288	19.861
1	121	74	85.3321	54.3063	40.7436
1	121	74	107.829	96.2359	25.8441
1	121	74	130.421	68.4063	10.9563
1	121	74	105.565	88.8989	21.4524
1	121	74	125.203	73.9798	4.20308
1	121	74	123.395	78.641	5.22235
1	121	74	68.8259	11.2802	81.5837
1	121	74	88.3952	66.2471	33.5139
1	121	74	108.128	86.8069	18.1578
1	121	74	127.287	78.4683	7.71339
1	121	74	128.819	73.1973	7.85991
1	121	74	87.5846	66.2502	34.3023
1	121	74	126.583	73.7257	5.59021
1	121	74	113.743	97.4032	24.5026
1	121	74	141.022	86.5972	23.6548
1	121	74	138.949	84.8688	20.9831
1	121	74	125.69	74.8552	4.76753
1	121	74	132.529	88.7767	18.7421
1	121	74	124.888	77.2827	5.08852
1	121	74	129.027	77.0619	8.59103
1	121	74	120.813	77.1819	3.18734
1	121	74	117.764	75.2499	3.46867
1	121	74	105.556	97.4393	28.0699
1	121	74	48.7519	19.4988	90.4995
1	121	74	110	97.4057	25.8616
1	121	74	120.661	72.2688	1.76405
1	121	74	49.847	19.0868	89.8788
1	121	74	111.98	96.9963	24.7021
1	121	74	124.026	84.1072	10.5504
1	121	74	74.3996	56.7866	49.6779
1	121	74	92.8893	97.4367	36.599
1	121	74	109.963	93.0079	21.9798
1	121	74	132.64	69.7461	12.3932
1	121	74	141.254	86.419	23.7581
1	121	74	128.049	80.6733	9.70685
1	121	74	115.656	80.2235	8.20292
1	121	74	114.247	97.3872	24.3427
1	121	74	120.589	75.2317	1.2986
1	121	74	117.853	76.9781	4.33272
1	121	74	115.409	86.8308	13.9959
1	121	74	103.84	90.7998	24.0149
1	121	74	119.535	74.3224	1.5003
1	121	74	127.28	72.0909	6.56363
1	121	74	120.502	74.9132	1.04012
1	121	74	111.534	92.9886	21.2173
1	121	74	112.719	72.4494	8.42495
1	121	74	121.888	80.004	6.06926
1	121	74	118.696	73.9108	2.30579
1	121	74	131.516	78.7643	11.5446
1	121	74	122.605	75.7082	2.34391
1	121	74	132.916	75.2945	11.986
1	121	74	129.306	78.8581	9.62273
1	121	74	136.641	82.4619	17.7831
1	121	74	122.905	80.3057	6.58734
1	121	74	123.69	68.9618	5.71123
1	121	74	114.405	75.9469	6.87675
1	121	74	129.567	74.2494	8.57091
1	121	74	119.45	75.5134	2.16645
1	121	74	122.815	76.3823	2.99488
1	121	74	104.394	86.9049	21.0308
1	121	74	45.2475	20.9442	92.4844
1	121	74	101.429	87.2204	23.6183
1	121	74	119.139	77.9041	4.32479
1	121	74	107.631	92.131	22.5271
1	121	74	115.085	80.6133	8.87237
1	121	74	116.074	77.4458	6.01198
1	121	74	122.856	70.5359	3.92978
1	121	74	119.942	73.3436	1.24469
1	121	74	119.069	79.5743	5.89922
1	121	74	121.269	75.0294	1.06407
1	121	74	114.185	96.6808	23.6824
1	121	74	121.968	77.6041	3.73187
1	121	74	117.296	78.0835	5.51311
1	121	74	117.917	75.2889	3.34127
1	121	74	141.334	86.8909	24.0758
1	121	74	116.344	76.5749	5.32098
1	121	74	138.566	81.4532	19.0818
1	121	74	119.718	82.8688	8.96094
1	121	74	142.073	85.4513	23.9838
1	121	74	106.72	96.8807	26.971
1	121	74	68.0587	11.6598	81.7868
1	121	74	141.887	83.2015	22.824
1	121	74	132.983	76.5389	12.2488
1	121	74	127.197	73.6205	6.20852
1	121	74	123.801	72.7555	3.0647
1	121	74	122.752	72.1483	2.54932
1	121	74	104.652	92.9197	25.0041
1	121	74	122.933	74.8008	2.09243
1	121	74	119.455	78.4384	4.69955
1	121	74	114.961	75.831	6.31019
1	121	74	112.969	87.4936	15.7026
1	121	74	125.167	77.2505	5.2846
1	121	74	104.931	88.8381	21.8719
1	121	74	112.036	96.8328	24.5292
1	121	74	106.419	83.5235	17.4153
1	121	74	109.031	86.9293	17.6189
1	121	74	122.669	79.8088	6.04391
1	121	74	117.015	97.4147	23.7515
1	121	74	129.457	82.2834	11.8376
1	121	74	124.482	68.74	6.30789
1	121	74	128.639	68.897	9.18687
1	121	74	117.013	76.9425	4.955
1	121	74	119.373	74.3139	1.65696
1	121	74	119.295	74.9415	1.94793
1	121	74	108.108	96.968	26.3386
1	121	74	140.779	79.473	20.5225
1	121	74	122.301	70.2059	4.01103
1	121	74	124.135	72.1881	3.62051
1	121	74	119.365	73.7604	1.65277
1	121	74	128.311	75.2493	7.41651
1	121	74	128.087	78.0591	8.16749
1	121	74	125.356	77.0169	5.29842
1	121	74	134.603	84.3702	17.1049
1	121	74	127.8	78.7776	8.31051
1	121	74	124.897	82.2028	9.08162
1	121	74	117.569	82.7257	9.37591
1	121	74	118.637	76.9831	3.80555
1	121	74	67.7365	11.8176	81.8758
1	121	74	119.439	76.4595	2.91304
1	121	74	112.345	97.4859	25.03
1	121	74	104.906	86.8446	20.5911
1	121	74	117.481	97.4031	23.6661
1	121	74	120.375	71.9965	2.0987
1	121	74	47.3211	45.4877	79.0034
1	121	74	118.282	76.8407	3.93143
1	121	74	119.546	76.998	3.33183
1	121	74	104.292	87.8232	21.685
1	121	74	114.849	79.3848	8.17491
1	121	74	117.887	74.0621	3.11383
1	121	74	128.377	72.3475	7.55987
1	121	74	130.067	76.2963	9.35303
1	121	74	142.074	85.6156	24.0631
1	121	74	119.913	72.9537	1.50859
1	121	74	129.664	78.9035	9.95531
1	121	74	104.23	92.6286	25.0649
1	121	74	118.995	70.6744	3.88329
1	121	74	121.47	73.8646	0.489064
1	121	74	122.998	75.7948	2.68609
1	121	74	117.027	76.4815	4.68421
1	121	74	114.641	75.7651	6.59948
1	121	74	127.928	72.5067	7.08674
1	121	74	123.365	79.4299	5.92262
1	121	74	115.483	68.2257	7.9866
1	121	74	142.275	85.1578	24.0236
1	121	74	135.427	79.9335	15.5996
1	121	74	127.588	69.618	7.91237
1	121	74	140.447	87.5436	23.6984
1	121	74	136.69	86.6198	20.1355
1	121	74	105.005	89.31	22.1412
1	121	74	103.627	89.7557	23.4535
1	121	74	102.816	89.8101	24.0963
1	121	74	117.249	79.4925	6.65123
1	121	74	112.347	77.5766	9.36281
1	121	74	123.538	69.0606	5.55343
1	121	74	126.003	79.9553	7.77798
1	121	74	133.032	81.4716	14.1633
1	121	74	108.451	86.9724	18.0486
1	121	74	132.057	70.9151	11.4794
1	121	74	99.1225	91.1201	27.7799
1	121	74	108.608	60.7547	18.1384
1	121	74	129.754	72.0892	8.95964
1	121	74	124.23	71.3043	4.20724
1	121	74	124.779	78.5486	5.91373
1	121	74	88.1922	65.1908	33.9699
1	121	74	122.287	78.6578	4.83228
1	121	74	128.919	71.7398	8.23551
1	121	74	120.801	88.475	14.4764
1	121	74	108.046	88.7554	19.6348
1	121	74	116.367	72.8915	4.76332
1	121	74	106.214	90.6024	22.2322
1	121	74	122.82	75.4671	2.33754
1	121	74	122.368	74.7532	1.56153
1	121	74	116.374	82.5144	9.68976
1	121	74	113.168	62.5335	13.8858
1	121	74	124.544	73.5761	3.56916
1	121	74	126.511	67.6732	8.3902
1	121	74	127.544	73.8362	6.54599
1	121	74	124.292	69.6907	5.42278
1	121	74	104.867	86.076	20.1519
1	121	74	108.691	89.9869	20.1765
1	121	74	119.23	83.8277	9.98582
1	121	74	122.909	84.7948	10.9623
1	121	74	107.737	95.4645	25.2314
1	121	74	108.747	85.2578	16.6394
1	121	74	123.373	77.1592	3.95121
1	121	74	123.275	75.0358	2.4996
1	121	74	121.204	70.091	3.91429
1	121	74	128.901	77.2892	8.55805
1	121	74	107.654	34.2688	41.9129
1	121	74	118.039	80.7711	7.39043
1	121	74	116.613	78.5103	6.29184
1	121	74	125.023	77.9689	5.65123
1	121	74	125.932	81.0313	8.5886
1	121	74	126.556	73.5183	5.57641
1	121	74	122.351	77.2088	3.48163
1	121	74	108.673	95.8331	25.0725
1	121	74	108.139	97.1349	26.4692
1	121	74	121.092	78.595	4.59589
1	121	74	117.183	82.8893	9.6743
1	121	74	108.406	88.1792	18.9648
1	121	74	103.993	89.229	22.8293
1	121	74	110.659	88.2028	17.5687
1	121	74	118.389	75.9111	3.23591
1	121	74	125.873	74.2441	4.87908
1	121	74	131.092	76.5938	10.4202
1	121	74	121.665	83.1609	9.18501
1	121	74	120.896	72.7069	1.29727
1	121	74	122.52	73.7234	1.54498
1	121	74	118.608	74.1565	2.39685
1	121	74	127.927	70.3251	7.84141
1	121	74	123.032	75.9522	2.81796
1	121	74	117.117	76.3082	4.51749
1	121	74	101.96	87.4835	23.3308
1	121	74	130.629	75.9048	9.81531
1	121	74	111.516	92.9952	21.2312
1	121	74	88.0203	66.1984	33.8899
1	121	74	107.652	69.1166	14.2134
1	121	74	109.324	97.3317	26.0903
1	121	74	118.23	79.081	5.78713
1	121	74	115.389	62.594	12.7114
1	121	74	118.61	77.916	4.5877
1	121	74	111.487	97.4782	25.3324
1	121	74	127.084	81.8121	9.90163
1	121	74	127.255	75.5372	6.44135
1	121	74	141.824	86.7403	24.4126
1	121	74	131.011	74.9953	10.0606
1	121	74	120.691	74.1515	0.344546
1	121	74	69.4753	10.9547	81.4218
1	121	74	106	85.3038	18.7822
1	121	74	126.232	78.4876	6.89315
1	121	74	122.37	85.6948	11.7747
1	121	74	121.739	71.4942	2.6126
1	121	74	142.192	85.0256	23.8883
1	121	74	103.87	84.9971	20.3559
1	121	74	123.038	87.6851	13.836
1	121	74	119.945	74.5272	1.17929
1	121	74	105.469	93.7441	25.1206
1	121	74	118.324	74.3401	2.6978
1	121	74	106.134	95.0662	25.7835
1	121	74	115.393	86.9312	14.0946
1	121	74	105.077	89.0972	21.9427
1	121	74	92.9014	97.4367	36.5897
1	121	74	112.071	67.2322	11.2036
1	121	74	122.091	80.2374	6.33218
1	121	74	129.606	73.9779	8.60643
1	121	74	92.372	97.4366	36.9978
1	121	74	105.709	84.3151	18.4454
1	121	74	106.753	84.2093	17.5273
1	121	74	125.087	72.6961	4.29009
1	121	74	124.791	77.835	5.39277
1	121	74	118.768	74.8932	2.40453
1	121	74	115.268	94.7113	21.4898
1	121	74	119.975	74.9729	1.41307
1	121	74	128.774	72.0533	8.0141
1	121	74	140.054	80.8683	20.2538
1	121	74	119.171	83.7453	9.91541
1	121	74	126.899	76.1288	6.27177
1	121	74	122.636	76.8889	3.3199
1	121	74	125.145	80.5564	7.75651
1	121	74	115.959	75.4396	5.24242
1	121	74	127.487	78.3893	7.83222
1	121	74	61.2934	14.3777	84.3783
1	121	74	123.082	83.731	9.95128
1	121	74	121.983	67.573	6.50181
1	121	74	138.014	80.8289	18.3337
1	121	74	129.239	74.0088	8.23947
1	121	74	140.592	86.7143	23.3561
1	121	74	89.2289	56.762	36.1463
1	121	74	84.3118	45.1392	46.6795
1	121	74	111.041	97.3187	25.3563
1	121	74	107.724	91.6015	22.0472
1	121	74	131.583	90.5402	19.636
1	121	74	107.995	87.1335	18.483
1	121	74	141.684	76.6599	20.8547
1	121	74	120.165	80.7307	6.78229
1	121	74	118.244	78.3759	5.17157
1	121	74	123.607	81.679	8.10947
1	121	74	127.717	72.6673	6.84784
1	121	74	120.348	78.0107	4.06328
1	121	74	121.352	76.694	2.71688
1	121	74	119.587	73.2386	1.60535
1	121	74	123.616	74.0384	2.61638
1	121	74	126.01	77.6211	6.18126
1	121	74	115.848	79.8086	7.76424
1	121	74	111.176	87.1701	16.4304
1	121	74	103.958	86.5114	21.1416
1	121	74	120.96	86.0498	12.0498
1	121	74	102.157	57.0104	25.3715
1	121	74	108.07	93.6965	23.5614
1	121	74	106.926	86.3105	18.6981
1	121	74	126.143	76.5608	5.74522
1	121	74	111.012	92.0026	20.5879
1	121	74	118.797	77.3476	4.00765
1	121	74	127.189	80.3212	8.84647
1	121	74	98.8658	91.1988	28.0307
1	121	74	98.1187	81.1189	23.9631
1	121	74	121.209	74.4469	0.493284
1	121	74	115.19	78.2994	7.2278
1	121	74	106.79	62.2486	18.4399
1	121	74	64.3067	96.5847	61.0262
1	121	74	119.59	75.6695	2.18531
1	121	74	127.615	74.3413	6.62398
1	121	74	125.751	81.5127	8.88908
1	121	74	141.603	86.0153	23.8506
1	121	74	117.092	78.5818	6.02232
1	121	74	103.092	97.4387	29.4971
1	121	74	104.19	90.8766	23.8201
1	121	74	123.601	75.4294	2.9678
1	121	74	125.19	73.4758	4.22284
1	121	74	120.862	73.461	0.556412
1	121	74	120.237	71.19	2.91169
1	121	74	119.179	73.0456	2.05583
1	121	74	123.162	75.8391	2.83813
1	121	74	110.247	97.4847	25.8296
1	121	74	131.346	69.3028	11.3624
1	121	74	107.943	96.2507	25.7989
1	121	74	124.904	72.6271	4.138
1	121	74	123.014	80.9771	7.26204
1	121	74	107.235	88.0788	19.6898
1	121	74	118.806	79.4877	5.91009
1	121	74	116.962	82.7685	9.65357
1	121	74	117.242	78.5612	5.90959
1	121	74	87.2735	64.0256	35.1705
1	121	74	122.301	80.6788	6.80431
1	121	74	139.132	84.1317	20.771
1	121	74	106.08	83.2702	17.5656
1	121	74	107.841	94.1336	24.0526
1	121	74	110.408	86.6543	16.5021
1	121	74	128.035	78.6597	8.43787
1	121	74	105.055	89.4638	22.2121
1	121	74	106.513	91.6043	22.7986
1	121	74	120.089	73.7066	0.957264
1	121	74	122.719	76.3452	2.90782
1	121	74	119.32	74.4926	1.75029
1	121	74	123.004	71.7164	3.03828
1	121	74	121.363	79.0706	5.08354
1	121	74	132.274	67.7279	12.9014
1	121	74	109.777	70.4916	11.7584
1	121	74	125.085	69.1959	6.30604
1	121	74	106.88	64.5549	16.9881
1	121	74	119.798	74.2026	1.21887
1	121	74	122.688	78.573	4.87458
1	121	74	113.551	83.2806	11.9002
1	121	74	132.01	74.1051	11.0104
1	121	74	119.736	71.6769	2.64481
1	121	74	122.711	79.4066	5.67094
1	121	74	107.97	89.5501	20.2877
1	121	74	126.544	73.0283	5.62842
1	121	74	124.714	69.8751	5.55041
1	121	74	122.21	74.618	1.35879
1	121	74	129.756	71.588	9.08169
1	121	74	116.681	82.2498	9.31183
1	121	74	122.681	74.5609	1.77243
1	121	74	108.27	97.4819	26.7107
1	121	74	105.165	90.8455	23.1193
1	121	74	122.816	71.0494	3.46472
1	121	74	120.241	71.1038	2.9939
1	121	74	118.33	78.7627	5.46017
1	121	74	124.982	78.8515	6.27647
1	121	74	122.525	75.021	1.83491
1	121	74	118.409	83.3563	9.70847
1	121	74	128.153	72.6275	7.28381
1	121	74	126.236	73.8345	5.23889
1	121	74	111.015	74.4007	9.99342
1	121	74	132.498	78.7826	12.4534
1	121	74	141.955	85.4354	23.8719
1	121	74	117.408	76.4333	4.33871
1	121	74	122.409	73.2614	1.59087
1	121	74	111.354	94.3787	22.5464
1	121	74	110.569	88.631	17.9688
1	121	74	115.81	97.3867	23.9557
1	121	74	120.089	72.0107	2.18814
1	121	74	110.291	97.2757	25.6211
1	121	74	122.265	77.5035	3.72496
1	121	74	128.011	71.4103	7.47408
1	121	74	107.496	94.8626	24.8518
1	121	74	122.776	76.3768	2.96707
1	121	74	124.048	76.4708	3.92369
1	121	74	118.744	75.2754	2.59146
1	121	74	122.768	76.374	2.9598
1	121	74	105.926	88.655	21.0233
1	121	74	102.433	88.3117	23.4427
1	121	74	118.584	74.121	2.41891
1	121	74	105.16	92.1222	24.0693
1	121	74	122.96	76.0073	2.80568
1	121	74	100.515	64.6527	22.5172
1	121	74	121.024	77.3395	3.33963
1	121	74	132.282	66.4767	13.5606
1	121	74	122.834	79.0993	5.41921
1	121	74	108.613	65.9272	14.7854
1	121	74	119.199	76.7291	3.26954
1	121	74	119.828	74.632	1.33182
1	121	74	114.985	75.7995	6.27821
1	121	74	112.105	97.4238	25.0557
1	121	74	104.873	89.9324	22.6701
1	121	74	83.626	54.8336	42.002
1	121	74	125.146	81.3372	8.42732
1	121	74	119.135	78.9647	5.30327
1	121	74	125.815	77.4482	5.92258
1	121	74	110.262	90.4824	19.6717
1	121	74	118.909	75.6117	2.63984
1	121	74	121.843	84.1158	10.1509
1	121	74	120.622	86.7946	12.8002
1	121	74	68.3102	11.536	81.7189
1	121	74	113.65	72.6108	7.48006
1	121	74	105.577	85.9173	19.4905
1	121	74	118.713	83.644	9.91133
1	121	74	68.8868	11.2499	81.5681
1	121	74	142.192	85.2205	23.9791
1	121	74	129.674	76.867	9.13529
1	121	74	125.297	76.6981	5.07373
1	121	74	110.016	92.7021	21.689
1	121	74	128.407	74.252	7.41079
1	121	74	138.62	77.5844	17.9811
1	121	74	106.646	97.1481	27.2373
1	121	74	117.633	75.6915	3.76776
1	121	74	125.992	78.5877	6.78006
1	121	74	122.634	78.6916	4.96812
1	121	74	123.974	78.3933	5.30502
1	121	74	110.926	93.9	22.3047
1	121	74	126.255	70.6322	6.2415
1	121	74	121.266	82.1942	8.19851
1	121	74	121.87	70.2988	3.80199
1	121	74	89.1599	54.5786	37.2959
1	121	74	121.835	79.5438	5.6063
1	121	74	115.115	82.4681	10.3125
1	121	74	129.483	75.4701	8.60948
1	121	74	96.1727	53.7958	32.0095
1	121	74	118.374	75.5056	3.0269
1	121	74	127.049	77.3865	6.93276
1	121	74	120.329	77.6577	3.7187
1	121	74	109.691	97.4844	26.0655
1	121	74	142.237	74.9187	21.2571
1	121	74	104.765	62.621	19.8253
1	121	74	108.756	95.5381	24.7753
1	121	74	105.387	89.3886	21.9224
1	121	74	118.667	73.2042	2.4647
1	121	74	120.613	78.5336	4.55008
1	121	74	110.663	95.7216	24.0558
1	121	74	43.2346	21.7819	93.6707
1	121	74	138.052	83.0571	19.3085
1	121	74	97.6829	97.4377	33.0607
1	121	74	109.816	96.2655	24.9166
1	121	74	141.254	86.3939	23.7448
1	121	74	99.7097	92.4941	28.2012
1	121	74	132.927	77.3007	12.3756
1	121	74	120.679	75.1702	1.21326
1	121	74	141.837	85.63	23.8628
1	121	74	122.187	86.8792	12.9337
1	121	74	117.524	77.6694	5.05455
1	121	74	127.887	76.0109	7.1747
1	121	74	125.759	81.181	8.61475
1	121	74	141.956	85.7688	24.0345
1	121	74	126.834	75.1582	5.94834
1	121	74	126.845	71.2349	6.46558
1	121	74	117.128	75.9155	4.31981
1	121	74	102.441	87.2104	22.7804
1	121	74	141.021	86.5791	23.645
1	121	74	129.926	87.5024	16.1862
1	121	74	119.253	73.4125	1.84271
1	121	74	119.27	83.0332	9.19735
1	121	74	113.105	32.3115	42.4295
1	121	74	125.115	77.1342	5.17288
1	121	74	141.81	84.2082	23.1791
1	121	74	105.404	94.9477	26.1159
1	121	74	111.341	79.5606	11.1448
1	121	74	126.626	74.1008	5.62701
1	121	74	128.382	74.2637	7.38648
1	121	74	128.717	67.4139	10.1455
1	121	74	119.902	77.0218	3.21505
1	121	74	114.383	76.4569	7.05833
1	121	74	124.031	71.32	4.0456
1	121	74	88.3126	66.2359	33.5969
1	121	74	129.51	75.1056	8.58122
1	121	74	124.599	78.228	5.55207
1	121	74	118.786	74.8009	2.35407
1	121	74	110.894	96.0518	24.2571
1	121	74	117.27	77.1949	4.91162
1	121	74	141.37	86.3005	23.7958
1	121	74	113.088	67.0909	10.5043
1	121	74	108.729	87.1926	18.0173
1	121	74	120.413	85.8351	11.8496
1	121	74	87.2071	66.1888	34.6839
1	121	74	118.424	82.6564	9.03175
1	121	74	124.155	85.9473	12.3569
1	121	74	121.111	80.0523	6.05327
1	121	74	129.374	79.0207	9.76347
1	121	74	94.5269	97.437	35.357
1	121	74	121.377	73.9273	0.384129
1	121	74	116.46	70.7567	5.57977
1	121	74	109.213	95.9277	24.8948
1	121	74	120.757	70.4232	3.58508
1	121	74	121.901	82.8857	8.93122
1	121	74	109.344	93.2783	22.528
1	121	74	45.8985	44.9993	80.5064
1	121	74	124.372	75.1806	3.57296
1	121	74	105.973	85.2958	18.7988
1	121	74	139.968	42.6676	36.6263
1	121	74	107.044	89.2199	20.65
1	121	74	117.174	78.5236	5.9248
1	121	74	130.639	72.9113	9.70078
1	121	74	108.747	92.6812	22.341
1	121	74	118.588	74.7924	2.53852
1	121	74	122.754	73.8081	1.76482
1	121	74	125.181	75.9582	4.61722
1	121	74	100.178	83.59	22.9241
1	121	74	75.7752	93.2365	49.146
1	121	74	102.034	86.7217	22.8374
1	121	74	125.028	81.8582	8.83051
1	121	74	87.5369	66.0005	34.406
1	121	74	141.799	85.5123	23.7723
1	121	74	115.288	72.7515	5.84647
1	121	74	123.264	80.3094	6.70317
1	121	74	113.628	74.4492	7.38548
1	121	74	119.476	72.3545	2.24284
1	121	74	50.1946	18.9233	89.7042
1	121	74	122.541	74.1135	1.54552
1	121	74	106.455	88.2301	20.3484
1	121	74	119.006	84.1077	10.3026
1	121	74	90.0312	97.4361	38.837
1	121	74	119.526	79.5267	5.71983
1	121	74	118.752	75.505	2.70557
1	121	74	85.512	49.5135	43.1159
1	121	74	118.045	84.0342	10.4602
1	121	74	116.762	82.8603	9.82172
1	121	74	112.597	93.8576	21.5623
1	121	74	119.734	82.4156	8.51039
1	121	74	111.618	92.5495	20.7873
1	121	74	130.019	82.8528	12.638
1	121	74	122.963	83.313	9.51771
1	121	74	88.286	53.2362	38.7471
1	121	74	126.872	79.4627	8.02002
1	121	74	142.066	86.8888	24.6961
1	121	74	120.23	72.4694	1.71361
1	121	74	125.716	74.2042	4.72075
1	121	74	93.7991	97.4369	35.9051
1	121	74	121.535	72.6267	1.474
1	121	74	43.369	21.662	93.6261
1	121	74	86.8287	55.5435	38.8371
1	121	74	118.42	76.5676	3.64006
1	121	74	117.565	78.0327	5.29741
1	121	74	123.802	78.9901	5.72323
1	121	74	111.608	96.4591	24.3439
1	121	74	121.151	73.779	0.267876
1	121	74	113.558	70.5459	8.2041
1	121	74	142.192	85.3754	24.0522
1	121	74	115.835	94.9828	21.609
1	121	74	126.206	83.9093	11.1934
1	121	74	107.185	79.8555	15.005
1	121	74	118.961	74.2666	2.05663
1	121	74	124.543	80.7435	7.61766
1	121	74	104.607	87.7091	21.37
1	121	74	123.849	71.4091	3.8512
1	121	74	123.174	77.1748	3.84773
1	121	74	120.686	71.5202	2.4996
1	121	74	102.961	89.9977	24.1109
1	121	74	126.34	77.3133	6.28438
1	121	74	127.569	78.7354	8.09781
1	121	74	117.341	76.1232	4.23031
1	121	74	122.481	78.7847	5.00854
1	121	74	122.444	76.2877	2.70525
1	121	74	126.035	86.2872	13.2787
1	121	74	107.964	97.3298	26.7246
1	121	74	126.206	82.7647	10.1944
1	121	74	122.02	71.4923	2.70734
1	121	74	121.036	79.6772	5.67731
1	121	74	107.499	88.4496	19.7752
1	121	74	128.634	79.9663	9.68931
1	121	74	119.775	72.2275	2.15459
1	121	74	106.125	91.1338	22.6901
1	121	74	112.528	77.0092	8.9905
1	121	74	118.242	75.6784	3.22863
1	121	74	109.929	87.3237	17.323
1	121	74	106.62	63.8577	17.5966
1	121	74	92.0986	57.3849	33.3369
1	121	74	114.684	97.4933	24.3274
1	121	74	141.27	83.0549	22.2009
1	121	74	136.467	75.7689	15.5677
1	121	74	138.734	84.5204	20.6193
1	121	74	142.235	81.9565	22.6771
1	121	74	139.846	85.539	22.0978
1	121	74	111.346	95.0354	23.1448
1	121	74	128.935	73.965	7.93542
1	121	74	124.495	75.3797	3.75706
1	121	74	119.427	74.3846	1.61915
1	121	74	120.647	73.9027	0.366584
1	121	74	104.999	90.5721	23.0362
1	121	74	139.808	86.611	22.6444
1	121	74	110.735	89.1025	18.261
1	121	74	135.413	75.7018	14.513
1	121	74	96.3201	69.0656	25.1684
1	121	74	119.01	74.0297	1.99033
1	121	74	141.166	85.6311	23.2799
1	121	74	50.2351	18.9646	89.6469
1	121	74	106.123	90.155	21.9615
1	121	74	124.123	79.8578	6.63817
1	121	74	132.171	73.1348	11.2042
1	121	74	106.854	97.4388	27.3768
1	121	74	116.716	96.4131	22.8189
1	121	74	126.648	73.9292	5.64815
1	121	74	129.263	73.1265	8.30952
1	121	74	125.756	69.2747	6.70434
1	121	74	141.955	85.5059	23.906
1	121	74	141.837	85.6894	23.8921
1	121	74	100.651	94.2203	28.6871
1	121	74	118.093	75.3972	3.22572
1	121	74	139.068	85.1407	21.2268
1	121	74	105.856	87.8239	20.5043
1	121	74	110.771	93.197	21.7523
1	121	74	89.8067	65.9186	32.2232
1	121	74	122.176	79.9912	6.10546
1	121	74	119.641	78.6609	4.85485
1	121	74	120.803	83.9479	9.94983
1	121	74	117.397	97.4265	23.7019
1	121	74	117.277	77.5572	5.14932
1	121	74	120.696	75.4042	1.43659
1	121	74	120.148	73.4359	1.0216
1	121	74	119.983	77.6302	3.77005
1	121	74	138.47	79.0668	18.1897
1	121	74	83.2849	45.1335	47.4942
1	121	74	121.313	77.776	3.78895
1	121	74	110.474	90.3615	19.455
1	121	74	118.605	74.6802	2.4899
1	121	74	141.971	80.6068	21.9869
1	121	74	115.584	96.5276	23.1696
1	121	74	107.452	97.3364	26.9839
1	121	74	123.112	79.2456	5.65471
1	121	74	121.973	73.4985	1.09426
1	121	74	107.937	93.7806	23.7046
1	121	74	106.756	83.7621	17.2685
1	121	74	119.083	72.6023	2.37275
1	121	74	126.478	77.6202	6.56575
1	121	74	67.8126	11.7804	81.8546
1	121	74	122.715	84.5298	10.6686
1	121	74	120.06	78.9314	5.02021
1	121	74	134.883	75.841	14.0041
1	121	74	141.371	86.3763	23.8358
1	121	74	121.035	78.2042	4.20433
1	121	74	120.218	75.6702	1.8443
1	121	74	107.552	95.2135	25.1171
1	121	74	119.085	74.3064	1.93943
1	121	74	119.682	74.9752	1.63959
1	121	74	119.443	79.5	5.71605
1	121	74	86.5022	53.0864	40.342
1	121	74	119.888	73.4163	1.25624
1	121	74	130.159	76.8798	9.60102
1	121	74	106.125	82.2713	17.0204
1	121	74	141.14	86.7058	23.8131
1	121	74	121.892	85.7354	11.7693
1	121	74	76.2356	77.0531	44.8684
1	121	74	139.128	79.8071	19.0355
1	121	74	121.842	71.6434	2.50248
1	121	74	110.777	95.4637	23.7738
1	121	74	126.123	73.0634	5.20747
1	121	74	67.7709	11.8008	81.8662
1	121	74	134.014	76.6022	13.2712
1	121	74	114.586	81.3723	9.77173
1	121	74	116.608	77.6851	5.73333
1	121	74	107.328	97.221	26.9469
1	121	74	110.632	96.9309	25.1661
1	121	74	102.511	88.968	23.788
1	121	74	126.687	65.6595	10.0948
1	121	74	109.716	97.3361	25.9212
1	121	74	112.112	70.7651	9.45801
1	121	74	105.519	93.7111	25.0636
1	121	74	124.141	78.7556	5.69942
1	121	74	119.905	73.7609	1.12068
1	121	74	112.277	97.4859	25.0536
1	121	74	122.835	75.5184	2.38205
1	121	74	114.304	74.9663	6.76576
1	121	74	120.781	75.5612	1.57655
1	121	74	126.168	77.3938	6.18243
1	121	74	116.799	79.5205	6.93724
1	121	74	121.598	74.3063	0.672234
1	121	74	123.67	81.6176	8.07209
1	121	74	123.272	69.6169	4.93701
1	121	74	137.984	88.0365	22.0336
1	121	74	127.864	72.2115	7.09337
1	121	74	119.946	78.8748	4.98746
1	121	74	121.434	83.9702	9.97965
1	121	74	127.216	77.7871	7.27912
1	121	74	107.307	91.2625	22.0337
1	121	74	141.37	86.3341	23.8135
1	121	74	124.602	72.1116	4.06714
1	121	74	126.977	91.205	18.2138
1	121	74	127.473	73.951	6.47333
1	121	74	118.43	74.4429	2.60829
1	121	74	117.95	75.6035	3.44583
1	121	74	110.203	94.4866	23.1579
1	121	74	126.998	78.8971	7.74358
1	121	74	123.783	75.0343	2.96864
1	121	74	141.252	86.2485	23.6677
1	121	74	120.105	76.2421	2.41411
1	121	74	100.873	86.2878	23.5818
1	121	74	124.116	76.007	3.70636
1	121	74	120.595	71.7641	2.27219
1	121	74	107.322	88.0656	19.6196
1	121	74	123.717	70.6205	4.33652
1	121	74	122.092	77.3238	3.49861
1	121	74	118.896	74.6392	2.19915
1	121	74	116.923	82.0399	9.01444
1	121	74	93.9229	97.4369	35.8114
1	121	74	127.759	88.0448	15.5867
1	121	74	121.44	67.7767	6.23881
1	121	74	126.505	78.7981	7.30274
1	121	74	109.079	97.2268	26.1076
1	121	74	122.778	85.9241	12.056
1	121	74	105.155	92.9138	24.6739
1	121	74	112.932	97.1603	24.5254
1	121	74	104.863	91.3492	23.6938
1	121	74	116.852	82.2867	9.26699
1	121	74	130.657	74.4314	9.66615
1	121	74	112.636	96.4277	23.9365
1	121	74	137.793	85.3652	20.2773
1	121	74	103.95	90.8935	24.0016
1	121	74	123.66	81.3397	7.80677
1	121	74	117.199	75.7066	4.16614
1	121	74	121.479	76.4797	2.52564
1	121	74	128.775	70.4973	8.52725
1	121	74	125.447	78.4082	6.26198
1	121	74	111.629	66.302	12.1272
1	121	74	68.263	11.5593	81.7315
1	121	74	122.896	73.7941	1.90727
1	121	74	108.332	95.1207	24.6286
1	121	74	120.714	85.4989	11.5025
1	121	74	123.167	74.6457	2.26087
1	121	74	126.974	73.3528	6.00846
1	121	74	120.745	72.1534	1.86416
1	121	74	121.509	81.0535	7.07184
1	121	74	129.597	80.781	10.9491
1	121	74	120.82	75.1191	1.13352
1	121	74	104.145	89.5773	22.9511
1	121	74	79.9949	47.6669	48.7324
1	121	74	106.143	95.7677	26.3545
1	121	74	125.886	77.9421	6.27796
1	121	74	118.459	74.632	2.61883
1	121	74	142.191	84.6	23.6943
1	121	74	135.446	83.4322	17.253
1	121	74	114.497	75.0516	6.58711
1	121	74	110.276	97.3855	25.7271
1	121	74	105.925	64.0673	18.0531
1	121	74	122.162	74.0511	1.16289
1	121	74	118.283	77.1939	4.19332
1	121	74	108.995	93.6868	23.0582
1	121	74	124.62	74.0515	3.62083
1	121	74	113.202	97.1549	24.4327
1	121	74	103.728	89.1976	23.0061
1	121	74	118.881	73.8543	2.12441
1	121	74	68.1806	11.5998	81.7537
1	121	74	113.91	73.4112	7.11441
1	121	74	142.189	82.9329	22.9947
1	121	74	110.64	97.4451	25.6322
1	121	74	120.707	74.4043	0.499192
1	121	74	136.253	78.4769	15.8966
1	121	74	91.6444	57.7198	33.5678
1	121	74	126.466	78.4356	7.0391
1	121	74	126.849	71.9266	6.20592
1	121	74	103.189	84.082	20.4664
1	121	74	118.531	75.498	2.88783
1	121	74	88.9102	53.3221	38.175
1	121	74	97.4242	82.7774	25.1568
1	121	74	117.937	81.7215	8.30673
1	121	74	121.302	76.6331	2.65037
1	121	74	85.7332	55.8546	39.6611
1	121	74	127.306	74.4269	6.32025
1	121	74	124.456	73.7611	3.46393
1	121	74	135.37	67.9642	15.5866
1	121	74	120.789	78.6965	4.70124
1	121	74	126.837	76.8634	6.50172
1	121	74	109.051	66.8402	13.9298
1	121	74	42.942	21.7809	93.9143
1	121	74	106.742	97.0582	27.1101
1	121	74	126.188	78.8252	7.08526
1	121	74	131.322	72.1137	10.4926
1	121	74	127.801	78.0788	7.93023
1	121	74	68.9322	11.2272	81.5566
1	121	74	141.719	85.7555	23.8218
1	121	74	108.711	87.4329	18.2059
1	121	74	100.45	80.7988	21.6455
1	121	74	124.675	80.4306	7.40654
1	121	74	124.756	80.2915	7.32728
