1	121	74	124.982	74.0087	3.98167
1	121	74	119.944	72.4634	1.86462
1	121	74	119.114	82.5204	8.72672
1	121	74	87.7626	52.4196	39.6288
1	121	74	107.947	97.058	26.4964
1	121	74	109.264	93.1276	22.4411
1	121	74	69.3431	11.0213	81.454
1	121	74	123.855	76.741	3.9578
1	121	74	126.657	71.3649	6.24033
1	121	74	68.7723	11.3069	81.5975
1	121	74	128.233	77.2669	7.93687
1	121	74	135.981	75.9746	15.1107
1	121	74	117.436	77.0441	4.68701
1	121	74	110.876	96.78	24.9285
1	121	74	121.189	79.3978	5.40113
1	121	74	51.4746	18.5451	88.9327
1	121	74	109.992	97.3599	25.8236
1	121	74	109.563	85.9478	16.5394
1	121	74	119.779	75.1077	1.64827
1	121	74	124.256	73.5272	3.29056
1	121	74	82.978	47.3377	46.4387
1	121	74	124.579	81.9118	8.68382
1	121	74	118.39	77.8491	4.6507
1	121	74	112.222	67.6584	10.8291
1	121	74	123.369	79.2452	5.75531
1	121	74	110.929	90.3463	19.1998
1	121	74	126.025	74.6963	5.0732
1	121	74	117.805	81.3884	8.04979
1	121	74	112.767	75.583	8.38367
1	121	74	68.191	11.5947	81.7509
1	121	74	126.46	74.8703	5.52899
1	121	74	124.711	75.9414	4.1884
1	121	74	116.775	80.1906	7.49478
1	121	74	118.946	73.7854	2.06521
1	121	74	128.981	72.9859	8.04501
1	121	74	103.255	84.6577	20.6996
1	121	74	109.099	71.0511	12.2611
1	121	74	122.357	72.2305	2.23005
1	121	74	116.538	79.6155	7.17211
1	121	74	120.129	71.6688	2.48877
1	121	74	104.788	63.8227	19.1419
1	121	74	101.066	59.2786	24.7804
1	121	74	140.962	86.5691	23.5894
1	121	74	107.318	95.3873	25.3892
1	121	74	123.927	70.2742	4.73823
1	121	74	102.488	88.0846	23.2612
1	121	74	119.307	81.7916	7.97339
1	121	74	115.078	97.4873	24.2223
1	121	74	106.956	96.7677	26.7507
1	121	74	138.174	88.1178	22.2316
1	121	74	117.328	77.5796	5.1281
1	121	74	127.01	76.4471	6.48916
1	121	74	124.515	71.4376	4.35
1	121	74	138.281	87.2702	21.7879
1	121	74	130.298	71.3008	9.68217
1	121	74	117.895	76.4878	3.97871
1	121	74	111.524	96.332	24.2594
1	121	74	107.894	62.2406	17.6085
1	121	74	119.355	87.2137	13.3157
1	121	74	118.492	83.7838	10.1002
1	121	74	123.254	78.1448	4.71804
1	121	74	141.811	86.4767	24.2648
1	121	74	120.3	77.8277	3.89123
1	121	74	120.95	73.0567	0.944632
1	121	74	123.118	76.1161	2.9938
1	121	74	97.2469	78.489	24.1736
1	121	74	103.593	33.2065	44.3521
1	121	74	46.6833	20.3218	91.6751
1	121	74	124.791	70.2608	5.32472
1	121	74	130.484	75.5118	9.60333
1	121	74	125.269	80.2139	7.53908
1	121	74	131.045	74.9664	10.0912
1	121	74	111.464	97.3037	25.1791
1	121	74	120.33	74.5434	0.862748
1	121	74	105.883	89.2546	21.4763
1	121	74	119.979	72.0355	2.21405
1	121	74	125.933	78.0989	6.41353
1	121	74	122.275	80.2287	6.35774
1	121	74	44.7073	21.1191	92.8276
1	121	74	128.952	91.5799	19.2948
1	121	74	118.573	73.5161	2.47428
1	121	74	117.474	75.8747	3.99332
1	121	74	124.628	76.9698	4.68868
1	121	74	116.795	77.7882	5.65992
1	121	74	93.9097	63.3662	29.1026
1	121	74	121.722	76.2574	2.37
1	121	74	120.386	84.4413	10.4594
1	121	74	68.095	11.642	81.7769
1	121	74	119.977	76.949	3.12158
1	121	74	121.947	76.162	2.36033
1	121	74	125.683	81.7132	9.02351
1	121	74	94.927	67.7585	26.8097
1	121	74	119.27	73.779	1.74449
1	121	74	104.398	92.41	24.7903
1	121	74	115.515	81.8428	9.57042
1	121	74	118.87	74.2889	2.14994
1	121	74	69.4657	10.9595	81.4241
1	121	74	107.476	97.4948	27.1089
1	121	74	111.575	97.2278	25.0672
1	121	74	121.235	70.4017	3.60599
1	121	74	102.632	86.003	21.9422
1	121	74	119.002	72.7817	2.34034
1	121	74	120.276	72.9325	1.2896
1	121	74	119.132	77.5095	3.97575
1	121	74	123.174	77.2045	3.87219
1	121	74	132.254	75.0216	11.3004
1	121	74	123.078	73.6033	2.11505
1	121	74	121.084	76.5075	2.50894
1	121	74	90.1266	56.8502	35.3169
1	121	74	117.24	76.8002	4.6882
1	121	74	83.9016	52.8561	42.7008
1	121	74	131.132	72.4141	10.2554
1	121	74	115.559	75.7536	5.7169
1	121	74	106.813	97.2596	27.2446
1	121	74	140.511	86.6061	23.2294
1	121	74	91.1753	60.9549	32.5528
1	121	74	120.771	74.5203	0.568592
1	121	74	88.478	66.2484	33.433
1	121	74	118.218	71.0356	4.06527
1	121	74	104.118	89.6405	23.0136
1	121	74	125.462	72.0688	4.8618
1	121	74	133.299	74.5916	12.3134
1	121	74	118.107	75.4417	3.23266
1	121	74	107.305	63.4437	17.291
1	121	74	123.997	74.0231	2.99715
1	121	74	121.851	79.5034	5.5689
1	121	74	126.809	79.4584	7.97107
1	121	74	67.6391	11.8652	81.9032
1	121	74	126.269	72.4298	5.49801
1	121	74	104.148	55.8086	24.7976
1	121	74	120.051	72.9633	1.40569
1	121	74	121.169	72.6603	1.35031
1	121	74	115.588	79.9385	8.03437
1	121	74	124.203	72.2426	3.65312
1	121	74	127.128	72.2708	6.36767
1	121	74	125.849	83.7473	10.8869
1	121	74	124.035	70.5368	4.60485
1	121	74	111.472	92.307	20.6379
1	121	74	133.91	74.0768	12.9102
1	121	74	121.955	73.0836	1.32377
1	121	74	130.598	76.8599	10.015
1	121	74	107.091	85.4894	18.0406
1	121	74	130.356	72.9079	9.42002
1	121	74	125.168	75.6395	4.47859
1	121	74	118.01	75.846	3.51429
1	121	74	119.772	80.6437	6.75627
1	121	74	92.0105	95.001	35.7971
1	121	74	142.074	85.5817	24.0467
1	121	74	125.987	73.7065	4.99546
1	121	74	70.2707	10.5506	81.236
1	121	74	128.194	82.9705	11.4987
1	121	74	70.1584	10.608	81.2614
1	121	74	120.385	72.1423	1.95668
1	121	74	119.412	77.9457	4.25341
1	121	74	124.441	78.9867	6.05862
1	121	74	120.55	76.4737	2.5143
1	121	74	112.463	97.3864	24.8958
1	121	74	117.383	77.5588	5.0745
1	121	74	112.813	96.9701	24.3855
1	121	74	95.8916	93.9411	32.0636
1	121	74	128.56	70.9855	8.13883
1	121	74	121.025	76.774	2.77409
1	121	74	120.558	75.8668	1.91838
1	121	74	128.037	76.2625	7.39205
1	121	74	124.753	67.7615	7.28058
1	121	74	105.691	83.7935	18.1736
1	121	74	50.1519	18.9634	89.7133
1	121	74	111.381	64.5615	13.4766
1	121	74	123.635	72.7909	2.89927
1	121	74	121.177	71.1683	2.83726
1	121	74	126.795	73.3655	5.82949
1	121	74	121.59	83.7453	9.76317
1	121	74	126.531	76.1654	5.93976
1	121	74	138.649	78.0556	18.1088
1	121	74	95.6149	97.4372	34.55
1	121	74	129.796	74.3434	8.80229
1	121	74	127.096	78.3095	7.46578
1	121	74	125.148	73.1225	4.23941
1	121	74	125.072	74.6374	4.1215
1	121	74	124.831	75.0499	3.97264
1	121	74	103.473	86.3136	21.4202
1	121	74	119.383	74.0273	1.61722
1	121	74	110.426	97.4746	25.7461
1	121	74	107.367	69.0951	14.4883
1	121	74	113.368	97.4864	24.6953
1	121	74	134.307	68.8936	14.253
1	121	74	101.962	87.5993	23.396
1	121	74	120.184	76.5852	2.71103
1	121	74	122.439	71.3379	3.02595
1	121	74	117.02	81.3551	8.36275
1	121	74	141.696	89.7028	25.9785
1	121	74	42.1608	22.3841	94.2328
1	121	74	129.286	73.9873	8.28604
1	121	74	108.947	93.759	23.1452
1	121	74	126.342	76.9194	6.08726
1	121	74	68.5841	11.4004	81.6464
1	121	74	125.912	82.0644	9.44259
1	121	74	122.812	75.696	2.48187
1	121	74	111.011	97.2264	25.2832
1	121	74	119.394	74.0041	1.60644
1	121	74	125.302	75.1068	4.44208
1	121	74	116.628	95.4786	21.919
1	121	74	107.339	95.9016	25.813
1	121	74	100.545	81.3718	21.743
1	121	74	109.358	95.4402	24.3971
1	121	74	116.899	91.5717	18.0438
1	121	74	120.018	79.4488	5.53667
1	121	74	124.534	77.1823	4.75543
1	121	74	120.734	86.132	12.135
1	121	74	120.008	75.4769	1.77913
1	121	74	116.177	78.3717	6.5095
1	121	74	104.403	87.0316	21.1014
1	121	74	122.54	79.6938	5.89829
1	121	74	122.589	71.4614	2.99478
1	121	74	119.005	74.6734	2.10552
1	121	74	116.046	76.4378	5.52117
1	121	74	105.296	88.1747	21.1547
1	121	74	118.452	73.9501	2.54873
1	121	74	124.503	78.3667	5.59833
1	121	74	120.66	70.917	3.10169
1	121	74	111.166	93.0796	21.465
1	121	74	140.097	87.4582	23.3627
1	121	74	130.606	71.6585	9.88699
1	121	74	108.183	96.093	25.5415
1	121	74	118.688	78.217	4.80909
1	121	74	109.283	93.6607	22.8871
1	121	74	104.46	92.3401	24.6968
1	121	74	133.179	90.4647	20.4796
1	121	74	92.9496	97.4367	36.5527
1	121	74	106.821	85.2772	18.117
1	121	74	103.647	89.8502	23.5022
1	121	74	101.257	86.526	23.3816
1	121	74	116.309	81.7452	9.05512
1	121	74	120.49	76.4384	2.49116
1	121	74	127.742	77.6801	7.68107
1	121	74	120.692	75.7741	1.80063
1	121	74	118.087	74.8153	3.0251
1	121	74	105.82	91.8724	23.4492
1	121	74	134.724	80.7249	15.2829
1	121	74	109.24	66.8341	13.7715
1	121	74	114.302	97.4619	24.3993
1	121	74	118.036	76.5857	3.93299
1	121	74	105.964	96.4595	27.0282
1	121	74	128.101	72.1134	7.34733
1	121	74	107.289	88.6124	20.0377
1	121	74	123.264	77.0996	3.83812
1	121	74	121.111	80.1097	6.11067
1	121	74	126.736	80.5372	8.6968
1	121	74	129.387	71.9314	8.6381
1	121	74	105.102	86.2009	20.0403
1	121	74	122.72	69.4989	4.81847
1	121	74	141.188	88.9588	25.1262
1	121	74	119.303	85.3223	11.4488
1	121	74	130.817	88.8899	17.8351
1	121	74	119.549	72.4701	2.10864
1	121	74	130.108	91.4131	19.6513
1	121	74	106.994	65.9273	16.1655
1	121	74	107.033	85.0603	17.8156
1	121	74	93.1283	55.2854	33.5718
1	121	74	137.341	81.5759	18.0119
1	121	74	139.874	86.5106	22.644
1	121	74	109.641	97.4179	26.0275
1	121	74	128.206	71.7451	7.55028
1	121	74	119.094	76.1503	2.87369
1	121	74	116.771	77.164	5.28169
1	121	74	103.485	90.8399	24.2974
1	121	74	113.67	69.328	8.69262
1	121	74	125.544	70.3744	5.81285
1	121	74	122.004	78.6368	4.74436
1	121	74	117.641	77.0034	4.50627
1	121	74	140.99	79.2642	20.6714
1	121	74	109.185	88.2085	18.4793
1	121	74	136.224	82.4573	17.4153
1	121	74	105.266	97.4392	28.2306
1	121	74	119.779	75.3204	1.79825
1	121	74	123.927	79.5845	6.30492
1	121	74	108.65	93.5851	23.1537
1	121	74	127.136	73.9152	6.137
1	121	74	119.391	75.4374	2.15747
1	121	74	125.824	78.7535	6.77222
1	121	74	126.914	73.3709	5.9469
1	121	74	141.252	86.2703	23.6793
1	121	74	129.791	69.9466	9.68009
1	121	74	111.459	94.1409	22.2867
1	121	74	120.852	76.1465	2.15156
1	121	74	140.04	78.9603	19.6759
1	121	74	107.23	92.8285	23.3267
1	121	74	124.583	74.2474	3.59137
1	121	74	109.949	90.4241	19.796
1	121	74	99.2352	81.8013	23.1207
1	121	74	117.514	75.4991	3.79448
1	121	74	105.502	89.9089	22.2098
1	121	74	120.508	71.5532	2.49587
1	121	74	102.161	86.6849	22.7116
1	121	74	133.534	81.1576	14.4335
1	121	74	139.573	86.6903	22.4947
1	121	74	117.552	77.053	4.60528
1	121	74	107.144	93.77	24.1422
1	121	74	116.807	77.1092	5.21961
1	121	74	130.319	66.9528	11.684
1	121	74	103.983	90.6339	23.7966
1	121	74	115.656	80.5052	8.41907
1	121	74	125.907	81.1039	8.63386
1	121	74	106.825	91.9839	22.8986
1	121	74	130.063	73.2842	9.09156
1	121	74	118.035	75.8834	3.51269
1	121	74	117.877	75.3478	3.40116
1	121	74	134.788	76.6687	14.0443
1	121	74	127.727	74.3435	6.73598
1	121	74	129.721	76.5552	9.0881
1	121	74	120.6	83.1946	9.20334
1	121	74	136.976	84.6964	19.2263
1	121	74	125.743	76.7721	5.494
1	121	74	119.592	72.732	1.89517
1	121	74	123.766	79.3962	6.06391
1	121	74	137.046	82.1907	18.0155
1	121	74	124.963	77.8616	5.53325
1	121	74	120.854	70.5554	3.44766
1	121	74	106.781	92.6073	23.418
1	121	74	110.775	88.9866	18.1426
1	121	74	113.768	67.2384	9.90035
1	121	74	142.184	79.9062	21.9918
1	121	74	129.09	81.84	11.2654
1	121	74	126.887	75.7059	6.1287
1	121	74	124.653	72.2275	4.05992
1	121	74	115.153	76.7575	6.46481
1	121	74	117.925	79.9785	6.72308
1	121	74	123.509	77.5229	4.32478
1	121	74	117.193	77.4008	5.10505
1	121	74	108.789	86.5732	17.5272
1	121	74	120.348	73.8412	0.670636
1	121	74	108.123	66.466	14.9192
1	121	74	124.61	72.8212	3.79806
1	121	74	124.535	75.7168	3.92987
1	121	74	122.156	78.3993	4.54849
1	121	74	120.416	74.2181	0.623871
1	121	74	118.985	80.5669	6.86902
1	121	74	125.657	80.3659	7.88742
1	121	74	117.562	77.432	4.85809
1	121	74	125.014	77.499	5.32471
1	121	74	126.604	76.5243	6.14608
1	121	74	104.397	91.2075	23.9116
1	121	74	117.862	79.0516	5.94713
1	121	74	87.7673	66.2282	34.1293
1	121	74	119.201	74.7152	1.93626
1	121	74	109.645	87.9785	18.0093
1	121	74	106.912	97.2144	27.1549
1	121	74	125.95	74.1109	4.95121
1	121	74	103.37	56.1071	25.1194
1	121	74	142.299	85.2604	24.0928
1	121	74	118.594	75.839	3.02839
1	121	74	124.482	78.6447	5.80507
1	121	74	108.723	33.8079	42.0254
1	121	74	129.243	70.1079	9.116
1	121	74	130.289	74.7412	9.31816
1	121	74	123.65	78.2632	5.01941
1	121	74	123.319	77.6004	4.28274
1	121	74	124.119	79.8368	6.61801
1	121	74	121.344	77.0777	3.09691
1	121	74	115.578	76.7682	6.08807
1	121	74	116.065	72.8537	5.06669
1	121	74	119.679	75.3069	1.85802
1	121	74	119.15	75.5058	2.38511
1	121	74	107.861	97.3954	26.8326
1	121	74	128.524	78.5171	8.77602
1	121	74	116.724	76.4324	4.91945
1	121	74	125.334	69.6717	6.12506
1	121	74	122.041	73.6346	1.10327
1	121	74	122.216	69.5155	4.64659
1	121	74	134.523	89.7026	20.7228
1	121	74	123.925	74.7725	3.025
1	121	74	114.859	80.941	9.26784
1	121	74	107.466	88.5122	19.8439
1	121	74	120.901	74.5942	0.602483
1	121	74	68.7049	11.3405	81.6149
1	121	74	112.343	94.3731	22.1362
1	121	74	118.556	81.2806	7.67986
1	121	74	117.907	84.2347	10.6918
1	121	74	134.517	86.7531	18.5838
1	121	74	112.501	92.2221	20.1065
1	121	74	114.7	97.4914	24.3214
1	121	74	114.499	97.4937	24.3765
1	121	74	119.798	78.2583	4.42467
1	121	74	41.9618	22.3916	94.3952
1	121	74	137.892	80.1925	17.9916
1	121	74	122.088	76.5896	2.80899
1	121	74	123.047	77.8875	4.39358
1	121	74	119.879	82.8173	8.88827
1	121	74	108.813	97.4941	26.4669
1	121	74	121.735	76.7028	2.801
1	121	74	142.187	81.8019	22.5778
1	121	74	113.609	88.1001	15.9197
1	121	74	122.941	78.2007	4.62739
1	121	74	122.092	71.0536	3.14208
1	121	74	117.777	77.1447	4.50335
1	121	74	104.021	88.261	22.1733
1	121	74	129.555	76.8687	9.02286
1	121	74	122.847	71.5527	3.06581
1	121	74	105.049	91.4149	23.6162
1	121	74	113.675	76.5464	7.75506
1	121	74	119.815	75.7547	2.1175
1	121	74	118.106	76.8136	4.0361
1	121	74	111.853	89.6273	18.1074
1	121	74	94.6394	97.437	35.2728
1	121	74	127.876	70.1297	7.89081
1	121	74	116.553	84.1862	11.1144
1	121	74	111.646	97.4389	25.2364
1	121	74	127.78	68.7336	8.58493
1	121	74	110.741	97.4372	25.5843
1	121	74	127.191	76.1264	6.54554
1	121	74	104.531	90.8131	23.535
1	121	74	119.426	74.3241	1.60688
1	121	74	124.272	75.9261	3.79678
1	121	74	110.096	90.5856	19.849
1	121	74	132.927	68.1563	13.2817
1	121	74	116.6	77.7178	5.76061
1	121	74	94.8202	97.4371	35.138
1	121	74	106.51	95.6677	26.066
1	121	74	119.641	78.5879	4.7849
1	121	74	111.752	65.7992	12.3605
1	121	74	126.298	71.2838	5.95376
1	121	74	101.177	83.4981	21.9815
1	121	74	109.17	97.1179	25.969
1	121	74	104.407	89.3705	22.6181
1	121	74	120.404	74.3403	0.686498
1	121	74	122.009	74.9115	1.35982
1	121	74	110.73	67.7213	12.037
1	121	74	126.961	76.1344	6.33201
1	121	74	122.242	74.1673	1.25356
1	121	74	122.925	74.8855	2.11898
1	121	74	106.154	91.9585	23.3006
1	121	74	118.968	77.2252	3.81171
1	121	74	125.572	75.5288	4.82125
1	121	74	69.2768	11.0546	81.4703
1	121	74	110.974	72.6195	10.1204
1	121	74	105.171	89.1507	21.9113
1	121	74	122.752	76.2493	2.85091
1	121	74	98.2993	90.961	28.3372
1	121	74	122.129	71.8556	2.42337
1	121	74	115.379	80.6287	8.69113
1	121	74	117.829	75.2486	3.40804
1	121	74	132.706	71.6099	11.9471
1	121	74	121.371	74.5537	0.666397
1	121	74	106.038	84.5559	18.3106
1	121	74	124.681	73.0193	3.80953
1	121	74	117.429	94.8945	21.1975
1	121	74	124.542	75.7617	3.95551
1	121	74	115.541	77.2049	6.33031
1	121	74	107.886	95.6561	25.3175
1	121	74	117.011	76.4032	4.6571
1	121	74	131.753	78.4236	11.6278
1	121	74	123.857	75.492	3.22344
1	121	74	124.635	68.7363	6.39705
1	121	74	104.57	90.0727	22.9844
1	121	74	135.457	74.8933	14.4846
1	121	74	119.473	73.3278	1.66867
1	121	74	141.995	86.9318	24.658
1	121	74	105.097	83.6571	18.6059
1	121	74	106.662	91.3013	22.4703
1	121	74	125.339	74.1834	4.34289
1	121	74	137.155	76.6572	16.3719
1	121	74	78.8275	50.7822	48.1413
1	121	74	123.185	73.6483	2.21287
1	121	74	110.565	96.3927	24.7047
1	121	74	121.051	78.7725	4.77277
1	121	74	124.523	77.0359	4.65057
1	121	74	118.553	84.892	11.1635
1	121	74	125.652	73.9452	4.6523
1	121	74	124.208	72.5498	3.52087
1	121	74	115.809	82.136	9.65084
1	121	74	130.643	74.6009	9.66124
1	121	74	99.0264	81.8759	23.3424
1	121	74	122.365	78.1313	4.35096
1	121	74	122.928	73.622	1.96452
1	121	74	120.528	79.5441	5.56417
1	121	74	69.2636	11.0613	81.4735
1	121	74	107.265	96.8492	26.6595
1	121	74	68.4603	11.4618	81.6789
1	121	74	121.685	82.2053	8.2338
1	121	74	119.475	72.0273	2.49323
1	121	74	118.134	76.4915	3.79752
1	121	74	73.1955	77.2663	47.916
1	121	74	123.399	74.2299	2.41014
1	121	74	120.884	77.4716	3.47351
1	121	74	108.211	86.2465	17.7067
1	121	74	117.716	75.3852	3.56457
1	121	74	125.25	75.8984	4.6551
1	121	74	121.057	85.0594	11.0595
1	121	74	137.809	86.5416	20.972
1	121	74	130.14	80.4644	11.1951
1	121	74	141.843	83.5465	22.9255
1	121	74	120.827	76.1822	2.18903
1	121	74	119.346	76.0677	2.64806
1	121	74	131.781	72.6427	10.8664
1	121	74	96.8504	93.3103	30.9208
1	121	74	94.7833	97.4371	35.1655
1	121	74	119.544	73.1584	1.6817
1	121	74	89.3405	58.8741	35.0873
1	121	74	113.996	95.6258	22.7317
1	121	74	118.252	73.1464	2.87757
1	121	74	69.0414	11.1726	81.529
1	121	74	120.128	82.3761	8.42142
1	121	74	77.6994	45.5286	51.8224
1	121	74	129.18	76.0068	8.42292
1	121	74	140.416	84.8733	22.2532
1	121	74	113.074	76.5727	8.33298
1	121	74	105.713	88.4832	21.0581
1	121	74	121.977	79.5906	5.67533
1	121	74	115.723	97.3448	23.9338
1	121	74	117.729	78.0648	5.21752
1	121	74	119.574	73.8978	1.4296
1	121	74	88.1293	66.2156	33.7798
1	121	74	112.992	78.3368	9.10665
1	121	74	118.734	76.4973	3.37242
1	121	74	124.973	76.9398	4.94268
1	121	74	113.177	84.3394	12.9652
1	121	74	119.153	73.8403	1.85439
1	121	74	126.461	72.724	5.60845
1	121	74	109.882	97.4402	25.9431
1	121	74	128.042	76.7839	7.57261
1	121	74	106.721	94.1556	24.7009
1	121	74	113.642	97.476	24.6021
1	121	74	110.105	90.9308	20.1332
1	121	74	113.947	76.1704	7.37952
1	121	74	120.131	75.5254	1.75574
1	121	74	45.1421	20.9417	92.5722
1	121	74	109.856	93.6707	22.6079
1	121	74	120.253	74.4077	0.850685
1	121	74	108.562	91.3724	21.3662
1	121	74	127.232	71.1851	6.83806
1	121	74	130.216	77.2185	9.76178
1	121	74	88.8422	97.2795	39.6996
1	121	74	125.504	77.2	5.52473
1	121	74	128.1	79.4061	8.92364
1	121	74	116.969	80.9075	7.99756
1	121	74	128.366	80.9709	10.1414
1	121	74	103.945	87.8168	21.9498
1	121	74	121.151	89.5347	15.5354
1	121	74	105.002	84.3826	19.0717
1	121	74	110.534	90.2311	19.3128
1	121	74	123.637	80.6437	7.14783
1	121	74	65.067	13.1535	82.6486
1	121	74	124.49	77.5776	4.99765
1	121	74	141.023	86.7056	23.714
1	121	74	117.407	76.0487	4.13623
1	121	74	118.396	76.8855	3.88696
1	121	74	117.529	80.7758	7.61316
1	121	74	102.306	88.2618	23.5129
1	121	74	119.399	75.8392	2.43835
1	121	74	64.4523	17.3336	80.0545
1	121	74	120.918	75.4994	1.50166
1	121	74	121.933	75.2235	1.53859
1	121	74	106.493	97.092	27.2706
1	121	74	125.028	74.8242	4.11156
1	121	74	118.473	77.3871	4.22562
1	121	74	108.445	96.196	25.5007
1	121	74	115.901	77.1856	6.01265
1	121	74	123.712	76.6349	3.78116
1	121	74	107.147	96.9698	26.8238
1	121	74	108.073	97.4553	26.7817
1	121	74	118.547	76.7671	3.69793
1	121	74	125.347	79.8029	7.25024
1	121	74	121.256	72.9892	1.04273
1	121	74	102.797	97.4387	29.6767
1	121	74	117.393	76.6501	4.47584
1	121	74	123.777	76.9751	4.06992
1	121	74	117.642	81.8178	8.50847
1	121	74	117.015	77.9269	5.59486
1	121	74	142.192	85.5059	24.1143
1	121	74	117.533	75.3743	3.72919
1	121	74	126.975	73.7339	5.98056
1	121	74	125.615	75.9385	5.00599
1	121	74	120.641	81.1202	7.12919
1	121	74	117.687	74.9111	3.43576
1	121	74	107.922	66.9586	14.8534
1	121	74	120.548	77.719	3.74636
1	121	74	114.594	80.4732	9.10731
1	121	74	118.403	73.7523	2.60859
1	121	74	120.611	76.914	2.93981
1	121	74	120.92	78.5325	4.53318
1	121	74	122.254	71.9276	2.42205
1	121	74	131.882	76.5749	11.1823
1	121	74	118.829	77.5181	4.13427
1	121	74	125.914	72.5924	5.11127
1	121	74	111.614	95.1924	23.1779
1	121	74	110.507	96.3658	24.705
1	121	74	128.206	76.5823	7.65505
1	121	74	108.253	95.2813	24.8069
1	121	74	77.8987	86.7802	44.9562
1	121	74	117.365	77.2503	4.87631
1	121	74	105.284	83.369	18.297
1	121	74	125.318	80.3816	7.70541
1	121	74	140.151	76.0101	19.2563
1	121	74	139.977	86.0264	22.4669
1	121	74	88.504	55.0058	37.6401
1	121	74	124.72	85.7729	12.3465
1	121	74	126.909	73.6161	5.92128
1	121	74	115.654	81.1612	8.93646
1	121	74	128.406	77.718	8.28703
1	121	74	113.933	76.967	7.66488
1	121	74	124.519	74.4115	3.54289
1	121	74	130.467	82.6345	12.8134
1	121	74	132.328	72.4257	11.4367
1	121	74	121.352	78.5878	4.60126
1	121	74	118.365	79.2783	5.89932
1	121	74	129.889	91.5033	19.6312
1	121	74	119.579	76.3005	2.70402
1	121	74	126.448	77.8932	6.69601
1	121	74	122.859	75.555	2.42351
1	121	74	110.951	87.5604	16.8782
1	121	74	116.457	74.7197	4.60012
1	121	74	123.595	80.1321	6.65839
1	121	74	128.262	80.4495	9.71232
1	121	74	126.422	71.4534	5.99009
1	121	74	103.327	86.6679	21.744
1	121	74	112.473	85.9499	14.6803
1	121	74	107.499	86.713	18.5442
1	121	74	91.2083	62.5253	31.9251
1	121	74	106.403	89.4889	21.283
1	121	74	118.52	79.1349	5.70258
1	121	74	120.033	72.3608	1.90301
1	121	74	119.544	75.0251	1.78101
1	121	74	129.456	73.2509	8.48867
1	121	74	108.086	89.9588	20.5296
1	121	74	123.316	83.2609	9.54622
1	121	74	130.179	81.2833	11.7172
1	121	74	113.071	87.1288	15.3372
1	121	74	137.616	75.1808	16.658
1	121	74	125.312	68.8059	6.75065
1	121	74	122.09	78.0986	4.24115
1	121	74	108.677	93.3485	22.9396
1	121	74	123.07	79.7417	6.10332
1	121	74	122.15	72.1428	2.18442
1	121	74	116.304	77.1509	5.65545
1	121	74	112.257	73.8123	8.74543
1	121	74	108.372	97.2833	26.4872
1	121	74	122.495	77.4292	3.74104
1	121	74	133.714	71.0073	13.0617
1	121	74	124.802	81.1405	8.08947
1	121	74	93.2512	97.4367	36.3218
1	121	74	117.594	76.451	4.19646
1	121	74	127.883	77.2215	7.59986
1	121	74	141.87	87.0149	24.5957
1	121	74	135.898	84.6492	18.3128
1	121	74	126.29	77.0038	6.08305
1	121	74	132.53	89.3261	19.179
1	121	74	122.538	76.8982	3.28118
1	121	74	93.4	97.4368	36.2083
1	121	74	121.734	74.5894	0.941675
1	121	74	129.878	81.1852	11.4212
1	121	74	125.824	70.3487	6.04968
1	121	74	131.975	67.1046	12.9614
1	121	74	136.697	83.0732	18.1303
1	121	74	119.28	75.5617	2.32306
1	121	74	140.823	85.8458	23.093
1	121	74	114.775	96.483	23.3288
1	121	74	125.235	71.7127	4.81301
1	121	74	127.097	74.4494	6.11349
1	121	74	111.322	94.3953	22.575
1	121	74	135.188	84.6761	17.7557
1	121	74	51.1918	18.6692	89.0768
1	121	74	122.732	80.5842	6.80825
1	121	74	116.12	79.9009	7.65717
1	121	74	103.403	91.001	24.4681
1	121	74	118.072	87.8467	14.1529
1	121	74	65.0026	61.6603	57.3409
1	121	74	119.469	73.9643	1.53154
1	121	74	112.749	97.4861	24.8932
1	121	74	116.6	77.669	5.72926
1	121	74	124.308	75.4161	3.59867
1	121	74	114.79	76.4143	6.66286
1	121	74	113.823	88.5969	16.2657
1	121	74	123.236	76.3913	3.27394
1	121	74	57.5005	46.514	69.193
1	121	74	141.004	86.7487	23.7211
1	121	74	124.807	74.0295	3.80732
1	121	74	93.9331	93.0792	33.1155
1	121	74	122.792	72.1374	2.58467
1	121	74	121.027	71.8197	2.18044
1	121	74	119.138	75.2239	2.22788
1	121	74	120.432	73.9077	0.57584
1	121	74	108.554	88.4623	19.0806
1	121	74	116.559	77.5888	5.70944
1	121	74	94.9053	51.7329	34.3039
1	121	74	123.535	71.5167	3.54858
1	121	74	103.029	88.6755	23.2021
1	121	74	106.843	90.4442	21.699
1	121	74	106.148	97.447	27.7552
1	121	74	120.728	72.4886	1.53576
1	121	74	110.979	97.4317	25.4845
1	121	74	119.8	74.164	1.21066
1	121	74	117.196	97.4013	23.7084
1	121	74	107.627	91.8762	22.3246
1	121	74	104.643	88.2442	21.6897
1	121	74	109.119	95.666	24.71
1	121	74	118.148	82.3896	8.86106
1	121	74	141.139	86.6329	23.7735
1	121	74	124.304	73.5133	3.33943
1	121	74	121.241	77.6433	3.65125
1	121	74	104.954	84.3585	19.0991
1	121	74	121.701	74.6688	0.968566
1	121	74	136.395	84.7899	18.7996
1	121	74	127.989	80.8922	9.8159
1	121	74	40.3524	22.9323	95.4565
1	121	74	95.2544	97.4372	34.8157
1	121	74	109.369	85.6066	16.4314
1	121	74	125.846	74.6389	4.88798
1	121	74	105.072	78.5845	16.5742
1	121	74	106.3	87.1796	19.7435
1	121	74	132.356	90.13	19.7265
1	121	74	110.997	97.3685	25.4194
1	121	74	111.358	92.569	20.9233
1	121	74	122.378	76.1165	2.52534
1	121	74	111.424	96.9877	24.9027
1	121	74	108.846	88.4121	18.8526
1	121	74	135.492	67.3611	15.9405
1	121	74	99.9322	97.4381	31.5151
1	121	74	117.512	76.5326	4.3104
1	121	74	127.029	71.7775	6.42571
1	121	74	121.846	70.6693	3.43658
1	121	74	108.283	96.5257	25.8676
1	121	74	120.913	83.6788	9.67921
1	121	74	116.389	76.9068	5.45062
1	121	74	126.742	78.0036	6.99992
1	121	74	115.892	75.4049	5.29753
1	121	74	120.268	75.5834	1.74438
1	121	74	134.799	76.0876	13.9556
1	121	74	98.8096	59.1267	26.7138
1	121	74	114.996	76.2155	6.40015
1	121	74	114.495	88.2033	15.6221
1	121	74	46.4791	20.4182	91.7843
1	121	74	127.39	77.3477	7.21391
1	121	74	115.388	85.8746	13.1338
1	121	74	123.533	81.9214	8.31665
1	121	74	109.509	62.9259	15.9584
1	121	74	105.674	94.4253	25.5358
1	121	74	104.787	85.2416	19.7286
1	121	74	120.243	79.2075	5.26227
1	121	74	107.283	65.5048	16.1346
1	121	74	103.994	97.439	28.9582
1	121	74	119.4	72.8579	1.96551
1	121	74	111.587	97.4405	25.2597
1	121	74	115.505	81.9191	9.63891
1	121	74	104.773	83.7373	18.9245
1	121	74	117.355	81.4002	8.24904
1	121	74	140.345	83.9745	21.7653
1	121	74	125.168	77.5766	5.49199
1	121	74	135.329	81.6772	16.2563
1	121	74	110.388	96.517	24.8922
1	121	74	119.529	81.9197	8.0552
1	121	74	111.881	97.369	25.0852
1	121	74	119.827	72.7386	1.72233
1	121	74	109.62	97.4703	26.0835
1	121	74	98.6719	80.218	23.1778
1	121	74	86.1721	63.9672	36.2442
1	121	74	119.792	79.3701	5.50432
1	121	74	102.587	87.028	22.5558
1	121	74	110.816	67.9207	11.8609
1	121	74	117.333	77.7317	5.23182
1	121	74	123.767	76.0703	3.45593
1	121	74	140.732	84.114	22.1734
1	121	74	95.2058	62.8732	28.0918
1	121	74	48.3957	19.6135	90.7154
1	121	74	118.902	75.2345	2.43452
1	121	74	134.275	80.4425	14.7555
1	121	74	107.061	85.7905	18.2566
1	121	74	125.916	72.8541	5.04792
1	121	74	126.552	81.1319	9.03811
1	121	74	105.936	87.7457	20.3931
1	121	74	104.585	89.0025	22.2379
1	121	74	107.178	97.297	27.0885
1	121	74	117.978	77.2701	4.45286
1	121	74	84.7888	45.2407	46.2423
1	121	74	101.82	87.741	23.5939
1	121	74	139.068	87.5789	22.6021
1	121	74	123.081	77.7123	4.25572
1	121	74	114.354	97.4484	24.372
1	121	74	98.8175	93.6591	29.6402
1	121	74	126.11	74.657	5.15205
1	121	74	110.678	89.113	18.3019
1	121	74	108.909	89.7242	19.8355
1	121	74	114.027	76.4166	7.38005
1	121	74	106.165	63.6537	18.0865
1	121	74	119.939	83.8112	9.86832
1	121	74	100.434	81.2005	21.7899
1	121	74	141.487	86.2749	23.8832
1	121	74	89.9787	28.8227	54.8025
1	121	74	132.448	88.6063	18.5578
1	121	74	126.359	71.5815	5.87948
1	121	74	110.7	96.7192	24.945
1	121	74	118.423	74.3477	2.60021
1	121	74	118.762	77.0332	3.76947
1	121	74	123.461	70.7677	4.06262
1	121	74	149.768	89.9795	32.9082
1	121	74	120.419	73.1102	1.06252
1	121	74	139.293	86.5817	22.2024
1	121	74	113.407	73.7597	7.5966
1	121	74	105.461	85.8447	19.5389
1	121	74	112.942	94.3013	21.8422
1	121	74	70.2324	10.5702	81.2446
1	121	74	64.7832	60.1962	57.8867
1	121	74	119.691	74.0747	1.31064
1	121	74	112.934	97.4946	24.8406
1	121	74	106.773	88.236	20.1261
1	121	74	132.513	73.7109	11.517
1	121	74	120.202	73.6129	0.886728
1	121	74	105.442	91.0582	23.0874
1	121	74	106.522	87.0563	19.4954
1	121	74	123.233	72.6451	2.61184
1	121	74	49.2136	19.3311	90.2329
1	121	74	126.653	70.4834	6.65761
1	121	74	117.039	82.1542	9.06518
1	121	74	118.167	75.8618	3.38961
1	121	74	123.932	70.1211	4.8621
1	121	74	116.799	84.0026	10.849
1	121	74	132.542	77.8745	12.1751
1	121	74	126.696	67.0608	8.97742
1	121	74	117.042	81.5028	8.48277
1	121	74	117.048	77.9965	5.62021
1	121	74	140.054	81.2132	20.3734
1	121	74	123.78	74.5205	2.82861
1	121	74	101.073	97.4384	30.7646
1	121	74	122.622	69.9463	4.36604
1	121	74	96.7332	97.4375	33.7371
1	121	74	109.237	93.0407	22.3812
1	121	74	125.008	76.8152	4.89784
1	121	74	110.292	95.0115	23.5828
1	121	74	119.937	67.345	6.73944
1	121	74	122.554	65.8703	8.27689
1	121	74	108.768	67.222	13.9847
1	121	74	130.09	77.8812	9.88348
1	121	74	112.902	90.9554	18.7899
1	121	74	126.922	74.261	5.92824
1	121	74	122.952	74.1554	1.95796
1	121	74	137.875	83.7983	19.5135
1	121	74	123.955	76.7796	4.05722
1	121	74	69.9137	10.7327	81.3176
1	121	74	108.573	94.039	23.5794
1	121	74	108.269	95.9439	25.3694
1	121	74	119.877	73.5078	1.22656
1	121	74	110.929	67.3809	12.0515
1	121	74	141.934	85.8199	24.0406
1	121	74	129.32	92.0152	19.8435
1	121	74	72.9046	60.6608	49.9109
1	121	74	71.2037	12.6929	78.9825
1	121	74	100.636	97.4383	31.0489
1	121	74	120.24	74.8035	1.10612
1	121	74	119.037	75.5098	2.47683
1	121	74	142.073	85.415	23.9664
1	121	74	137.975	82.3257	18.9065
1	121	74	122.547	75.7448	2.33208
1	121	74	130.722	76.7184	10.0949
1	121	74	74.8374	50.1133	51.9766
1	121	74	121.041	75.2372	1.23783
1	121	74	110.468	95.4725	23.9163
1	121	74	121.832	72.7342	1.5145
1	121	74	131.875	88.7791	18.3489
1	121	74	123.852	77.5941	4.58822
1	121	74	129.516	76.2389	8.80536
1	121	74	122.941	85.0668	11.2356
1	121	74	123.792	73.054	2.94755
1	121	74	116.663	75.454	4.57409
1	121	74	120.742	76.378	2.39194
1	121	74	107.383	93.1332	23.4838
1	121	74	121.987	83.7109	9.76089
1	121	74	110.596	60.645	16.9293
1	121	74	117.467	77.7817	5.17527
1	121	74	106.039	97.3838	27.7603
1	121	74	128.187	72.2299	7.40191
1	121	74	108.058	85.9913	17.6431
1	121	74	124.994	72.8899	4.14535
1	121	74	120.9	75.8295	1.83224
1	121	74	115.531	80.577	8.55354
1	121	74	133.096	87.7789	18.3347
1	121	74	108.891	84.9234	16.3077
1	121	74	127.071	79.8627	8.43941
1	121	74	120.279	78.6213	4.67724
1	121	74	120.283	83.3346	9.36208
1	121	74	110.341	97.4091	25.7215
1	121	74	112.173	87.1309	15.8222
1	121	74	88.8542	62.6405	34.0938
1	121	74	129.425	78.2883	9.45355
1	121	74	126.584	76.2985	6.03837
1	121	74	131.945	76.8393	11.3074
1	121	74	103.067	87.161	22.2441
1	121	74	118.81	73.4088	2.26836
1	121	74	112.025	96.8104	24.5124
1	121	74	110.083	91.4604	20.5924
1	121	74	121.462	75.624	1.6886
1	121	74	118.72	75.6686	2.82504
1	121	74	124.954	85.3708	12.0385
1	121	74	121.263	84.3571	10.3605
1	121	74	124.118	75.2461	3.35756
1	121	74	129.272	76.2088	8.56164
1	121	74	44.6873	21.1346	92.8353
1	121	74	121.384	81.5526	7.56234
1	121	74	123.705	76.4621	3.65767
1	121	74	117.844	65.9705	8.62727
1	121	74	102.544	97.4387	29.833
1	121	74	127.143	76.0042	6.46179
1	121	74	120.881	76.3372	2.3402
1	121	74	105.436	89.374	21.8767
1	121	74	114.55	97.4098	24.2822
1	121	74	128.214	80.4819	9.69813
1	121	74	111.062	97.4754	25.4924
1	121	74	121.823	75.3694	1.59753
1	121	74	117.522	81.3805	8.15913
1	121	74	119.687	74.9994	1.65002
1	121	74	69.511	10.9367	81.4131
1	121	74	112.908	95.3636	22.8448
1	121	74	142.068	86.525	24.5099
1	121	74	126.689	77.3021	6.57797
1	121	74	119.378	83.4489	9.58702
1	121	74	125.571	75.2867	4.74879
1	121	74	120.423	79.6768	5.70598
1	121	74	110.86	90.7111	19.5469
1	121	74	122.487	72.6769	1.99049
1	121	74	108.242	92.9784	22.8682
1	121	74	119.806	73.5276	1.28401
1	121	74	109.713	90.0524	19.6235
1	121	74	117.623	76.4682	4.18321
1	121	74	138.034	86.8255	21.3225
1	121	74	119.057	79.4605	5.79594
1	121	74	117.42	76.4217	4.32216
1	121	74	117.95	83.2293	9.72012
1	121	74	127.179	74.7452	6.22406
1	121	74	117.287	81.3794	8.26078
1	121	74	123.655	75.527	3.06267
1	121	74	112.425	92.4481	20.3437
1	121	74	124.643	75.7893	4.05907
1	121	74	136.22	81.8856	17.1417
1	121	74	115.569	74.2318	5.43583
1	121	74	114.618	97.4708	24.323
1	121	74	42.9722	21.9163	93.8139
1	121	74	123.858	71.5615	3.75666
1	121	74	131.811	83.3039	14.2631
1	121	74	136.835	82.9177	18.1734
1	121	74	109.742	92.1073	21.3215
1	121	74	126.621	70.1825	6.79472
1	121	74	118.55	76.3652	3.40524
1	121	74	114.863	95.0345	21.9116
1	121	74	123.397	79.8446	6.31721
1	121	74	117.786	75.17	3.41991
1	121	74	131.418	81.3336	12.7404
1	121	74	112.776	95.5618	23.0771
1	121	74	123.478	78.7763	5.38066
1	121	74	124.475	76.441	4.24688
1	121	74	129.028	74.1039	8.02846
1	121	74	129.475	71.6855	8.78517
1	121	74	116.837	83.5192	10.3898
1	121	74	110.942	63.6691	14.4185
1	121	74	106.09	94.1243	25.0456
1	121	74	131.914	81.9204	13.4855
1	121	74	107.788	92.6057	22.8193
1	121	74	117.29	77.3926	5.02708
1	121	74	113.191	97.4863	24.7505
1	121	74	109.955	87.3968	17.363
1	121	74	107.492	97.4831	27.091
1	121	74	128.541	72.4841	7.69145
1	121	74	124.141	77.9143	5.01883
1	121	74	70.4738	13.0659	79.1571
1	121	74	121.133	70.6661	3.33654
1	121	74	124.565	77.9255	5.30257
1	121	74	117.981	76.6587	4.02261
1	121	74	91.4246	61.8702	31.9662
1	121	74	141.14	86.6989	23.8093
1	121	74	115.856	78.0973	6.57604
1	121	74	68.6091	11.3881	81.6398
1	121	74	99.4211	80.9424	22.6681
1	121	74	105.875	86.5945	19.6822
1	121	74	107.228	87.5712	19.3354
1	121	74	119.804	73.5063	1.29353
1	121	74	115.836	77.6506	6.32391
1	121	74	119.767	78.4925	4.65867
1	121	74	110.237	96.9474	25.3459
1	121	74	120.226	74.3495	0.848798
1	121	74	122.231	74.3969	1.29309
1	121	74	128.006	78.2752	8.20746
1	121	74	115.154	80.6166	8.82904
1	121	74	127.445	74.6207	6.4744
