1	121	74	108.758	96.1461	25.3047
1	121	74	110.924	95.2457	23.5138
1	121	74	129.738	79.0701	10.1023
1	121	74	137.52	75.7849	16.6163
1	121	74	106.294	97.4129	27.6481
1	121	74	94.3299	94.47	33.6202
1	121	74	113.535	94.9416	22.2324
1	121	74	113.94	80.1373	9.35477
1	121	74	39.7344	25.0947	94.8463
1	121	74	111.081	87.7933	16.9893
1	121	74	119.142	97.4637	23.5371
1	121	74	131.964	77.9624	11.6584
1	121	74	137.889	69.2695	17.5388
1	121	74	126.615	94.3363	21.0972
1	121	74	105.647	97.4393	28.0197
1	121	74	130.111	70.4878	9.76484
1	121	74	114.13	82.4888	10.9203
1	121	74	137.319	64.6573	18.8045
1	121	74	113.09	83.2717	12.1875
1	121	74	116.959	83.0715	9.93091
1	121	74	129.451	81.8194	11.5133
1	121	74	141.772	70.9788	20.9907
1	121	74	118.956	81.9419	8.20072
1	121	74	136.794	76.7385	16.0298
1	121	74	140.449	74.0284	19.4493
1	121	74	70.547	10.7028	80.9447
1	121	74	119.666	92.0634	18.1126
1	121	74	104.09	90.9828	23.9659
1	121	74	124.507	85.3087	11.8401
1	121	74	118.987	78.1698	4.63006
1	121	74	135.413	69.981	14.9625
1	121	74	117.728	45.5901	28.5977
1	121	74	125.056	95.2614	21.6449
1	121	74	104.973	87.2599	20.8015
1	121	74	131.788	77.6055	11.3743
1	121	74	70.7437	10.6041	80.8996
1	121	74	131.742	90.8808	20.0091
1	121	74	109.338	95.1297	24.1343
1	121	74	127.476	80.0202	8.84195
1	121	74	134.784	74.4499	13.7914
1	121	74	92.9485	97.4367	36.5536
1	121	74	117.791	74.9699	3.35214
1	121	74	118.772	76.5703	3.40162
1	121	74	131.814	78.9318	11.8856
1	121	74	125.141	88.1441	14.7378
1	121	74	123.293	79.6209	6.07048
1	121	74	107.131	86.5194	18.6836
1	121	74	130.046	81.4948	11.7477
1	121	74	92.8098	97.4367	36.6601
1	121	74	125.972	30.3024	43.9796
1	121	74	140.316	54.1135	27.723
1	121	74	69.8942	11.0276	81.1007
1	121	74	103.592	97.3828	29.1509
1	121	74	113.674	45.6451	29.286
1	121	74	38.8956	26.2033	95.0034
1	121	74	118.284	75.2555	2.99239
1	121	74	137.574	69.8747	17.08
1	121	74	113.056	97.0726	24.4018
1	121	74	115.844	78.8608	7.08615
1	121	74	125.707	71.2985	5.42687
1	121	74	115.491	45.2153	29.3071
1	121	74	135.676	75.1786	14.7232
1	121	74	40.1138	24.847	94.6498
1	121	74	129.218	69.5486	9.34659
1	121	74	126.811	84.0206	11.5837
1	121	74	45.862	42.2092	81.5866
1	121	74	112.649	96.9182	24.3923
1	121	74	137.795	80.1519	17.8859
1	121	74	120.153	45.9313	28.0815
1	121	74	114.431	85.9	13.5925
1	121	74	115.071	76.13	6.29953
1	121	74	80.1502	14.2534	72.3765
1	121	74	132.401	71.958	11.5825
1	121	74	39.4316	25.8589	94.7152
1	121	74	129.752	75.4536	8.8721
1	121	74	111.773	94.9963	22.9344
1	121	74	129.371	72.6679	8.47589
1	121	74	97.5313	91.9146	29.5248
1	121	74	116.377	76.9554	5.48706
1	121	74	132.087	78.9763	12.1528
1	121	74	112.066	96.3327	24.0536
1	121	74	107.419	96.616	26.3803
1	121	74	123.534	46.4554	27.661
1	121	74	87.9285	56.9832	37.1927
1	121	74	118.396	79.0875	5.71513
1	121	74	106.04	85.0807	18.617
1	121	74	126.496	68.5867	7.71396
1	121	74	134.598	78.8821	14.4479
1	121	74	114.284	72.6306	6.854
1	121	74	132.827	78.8408	12.7797
1	121	74	141.369	54.2554	28.3683
1	121	74	112.268	83.1682	12.6612
1	121	74	135.107	81.1744	15.8266
1	121	74	86.0081	66.1084	35.8707
1	121	74	115.939	45.2979	29.1448
1	121	74	87.4758	66.0957	34.4434
1	121	74	117.776	45.5487	28.6335
1	121	74	108.652	84.2876	16.0716
1	121	74	105.448	49.7109	28.8412
1	121	74	105.932	89.5232	21.6335
1	121	74	122.058	68.9961	5.11461
1	121	74	131.52	86.4362	16.2887
1	121	74	126.925	55.2776	19.6376
1	121	74	135.031	73.7929	14.033
1	121	74	140.65	85.52	22.7777
1	121	74	76.4767	89.8128	47.248
1	121	74	105.144	27.7892	48.8555
1	121	74	116.854	77.3279	5.31661
1	121	74	137.187	70.6841	16.5233
1	121	74	120.084	45.931	28.0839
1	121	74	132.95	70.9923	12.3222
1	121	74	91.0477	54.9988	35.4709
1	121	74	114.473	81.9263	10.268
1	121	74	100.674	92.7965	27.6847
1	121	74	132.052	83.3882	14.5013
1	121	74	117.845	85.5186	11.943
1	121	74	122.892	73.6501	1.92378
1	121	74	125.829	72.3579	5.10041
1	121	74	127.639	80.3874	9.21296
1	121	74	141.977	69.224	21.514
1	121	74	124.396	76.532	4.23588
1	121	74	129.115	76.8897	8.61406
1	121	74	41.552	23.8025	93.9775
1	121	74	131.277	72.0503	10.4604
1	121	74	7.23187	86.2428	114.425
1	121	74	139.33	85.2595	21.5119
1	121	74	138.703	84.5858	20.6262
1	121	74	113.302	83.7277	12.4051
1	121	74	67.6964	89.3489	55.4695
1	121	74	122.47	71.1594	3.19838
1	121	74	100.181	97.4382	31.349
1	121	74	110.119	45.1732	30.812
1	121	74	130.764	68.3851	11.263
1	121	74	133.295	80.1785	13.7602
1	121	74	133.194	89.4753	19.7024
1	121	74	137.406	84.7705	19.6257
1	121	74	110.903	97.4851	25.5635
1	121	74	107.044	86.946	19.0358
1	121	74	141.949	84.0345	23.228
1	121	74	112.487	96.9204	24.4502
1	121	74	62.5234	51.9836	62.4838
1	121	74	128.292	72.7852	7.39293
1	121	74	113.064	90.7112	18.5
1	121	74	118.605	85.1702	11.4241
1	121	74	139.481	84.4179	21.2148
1	121	74	129.547	63.4006	13.6158
1	121	74	125.334	85.6617	12.441
1	121	74	142.105	76.527	21.256
1	121	74	121.417	88.6241	14.63
1	121	74	110.884	85.8839	15.6067
1	121	74	112.08	89.6776	18.0378
1	121	74	133.933	80.4381	14.4465
1	121	74	110.257	96.747	25.1564
1	121	74	122.22	76.3057	2.6087
1	121	74	106.543	92.8152	23.7281
1	121	74	130.3	73.1317	9.3406
1	121	74	111.755	96.6701	24.4828
1	121	74	112.698	45.1736	29.9982
1	121	74	136.98	76.7883	16.2218
1	121	74	127.45	79.2874	8.33989
1	121	74	122.02	88.2048	14.2414
1	121	74	121.132	77.0697	3.07257
1	121	74	39.7793	25.0216	94.8456
1	121	74	108.892	90.7107	20.6364
1	121	74	133.162	80.1404	13.6244
1	121	74	123.189	91.3072	17.445
1	121	74	102.078	85.2289	22.0026
1	121	74	122.169	79.6579	5.77741
1	121	74	129.549	74.8377	8.58963
1	121	74	126.351	75.3474	5.51834
1	121	74	111.364	96.172	24.1753
1	121	74	132.738	70.5066	12.2467
1	121	74	116.294	45.3394	29.0443
1	121	74	129.188	75.436	8.31307
1	121	74	106.043	87.856	20.3889
1	121	74	111.286	82.1498	12.6796
1	121	74	119.697	87.5551	13.6176
1	121	74	133.064	80.0521	13.4968
1	121	74	112.641	82.4655	11.8972
1	121	74	117.896	72.8522	3.30932
1	121	74	130.375	70.8038	9.90448
1	121	74	138.15	71.5208	17.3285
1	121	74	136.895	63.9707	18.7948
1	121	74	87.7025	62.7622	35.1427
1	121	74	91.3127	63.6738	31.4319
1	121	74	99.2659	92.3316	28.4327
1	121	74	117.25	77.6752	5.25095
1	121	74	118.192	45.6327	28.5059
1	121	74	106.139	95.2391	25.9218
1	121	74	137.072	74.3629	16.0758
1	121	74	101.421	82.7285	21.4361
1	121	74	133.07	84.1711	15.7842
1	121	74	40.142	24.8303	94.6344
1	121	74	91.0309	58.4647	33.7564
1	121	74	142.172	73.4582	21.1784
1	121	74	120.429	46.0164	27.9894
1	121	74	132.434	72.7234	11.505
1	121	74	115.233	84.4172	11.9068
1	121	74	113.187	97.4518	24.7191
1	121	74	84.6294	51.7829	42.6195
1	121	74	117.624	84.1635	10.7096
1	121	74	99.2002	97.0801	31.7478
1	121	74	117.209	45.4647	28.7861
1	121	74	105.965	92.6865	23.9841
1	121	74	118.7	75.2625	2.62394
1	121	74	115.268	76.6398	6.31024
1	121	74	139.88	71.9998	18.9853
1	121	74	114.709	81.488	9.77978
1	121	74	120.088	92.539	18.5614
1	121	74	99.6066	93.8467	29.1816
1	121	74	123.993	72.2226	3.48112
1	121	74	136.879	78.7547	16.5755
1	121	74	118.084	87.7902	14.0951
1	121	74	141.807	82.5193	22.4836
1	121	74	86.6696	59.5163	37.2606
1	121	74	114.474	80.6028	9.28329
1	121	74	125.958	70.7463	5.92989
1	121	74	113.308	83.9105	12.5451
1	121	74	40.964	24.2693	94.2279
1	121	74	119.908	97.3612	23.3867
1	121	74	114.645	75.833	6.61429
1	121	74	70.5825	11.1898	80.5422
1	121	74	42.5035	24.9479	92.5625
1	121	74	118.003	45.6323	28.5256
1	121	74	103.109	96.129	28.4568
1	121	74	108.813	49.5855	27.2874
1	121	74	73.2147	10.6998	79.3117
1	121	74	122.984	68.9475	5.4281
1	121	74	138.13	84.955	20.3338
1	121	74	141.932	74.6069	20.9405
1	121	74	122.124	86.5589	12.6091
1	121	74	128.426	73.3175	7.45752
1	121	74	117.149	45.4646	28.7941
1	121	74	135.637	81.3764	16.3903
1	121	74	92.8344	97.4367	36.6412
1	121	74	134.328	65.6863	15.7081
1	121	74	122.17	81.8723	7.9587
1	121	74	38.3291	26.8798	95.1567
1	121	74	46.7953	44.6339	79.8042
1	121	74	84.6349	35.2212	53.1621
1	121	74	56.0443	93.865	67.9254
1	121	74	116.782	45.4227	28.8869
1	121	74	122.936	71.404	3.23855
1	121	74	86.6097	66.1204	35.2814
1	121	74	117.808	78.5481	5.5566
1	121	74	114.943	84.9118	12.4804
1	121	74	111.735	86.1335	15.2666
1	121	74	70.2833	10.8345	81.0066
1	121	74	131.357	70.7536	10.8538
1	121	74	70.1546	10.8985	81.0373
1	121	74	121.693	59.7614	14.2555
1	121	74	110.984	72.4068	10.1418
1	121	74	128.137	81.7109	10.5067
1	121	74	139.021	73.9528	18.0212
1	121	74	113.508	97.4832	24.6492
1	121	74	117.918	96.1869	22.4
1	121	74	132.314	56.7617	20.6194
1	121	74	127.676	79.3984	8.58574
1	121	74	126.781	76.0829	6.14491
1	121	74	137.774	74.3874	16.7782
1	121	74	137.046	73.9015	16.0459
1	121	74	123.055	70.7012	3.88636
1	121	74	129.427	88.5432	16.8084
1	121	74	130.559	72.0838	9.7488
1	121	74	123.514	73.1413	2.65672
1	121	74	117.64	45.5484	28.6493
1	121	74	135.517	48.0395	29.744
1	121	74	112.444	68.2176	10.3267
1	121	74	123.456	86.9113	13.1428
1	121	74	128.936	75.9734	8.17763
1	121	74	129.462	70.1529	9.29511
1	121	74	128.068	89.1374	16.7061
1	121	74	137.646	78.2062	17.1689
1	121	74	119.252	96.9286	22.9952
1	121	74	125.577	76.8068	5.36926
1	121	74	126.701	68.9814	7.59521
1	121	74	114.431	77.1139	7.26946
1	121	74	117.386	93.2159	19.5527
1	121	74	112.336	93.2554	21.1148
1	121	74	112.702	93.7625	21.4339
1	121	74	122.233	81.0828	7.18928
1	121	74	140.566	80.1946	20.5228
1	121	74	115.064	87.5086	14.7552
1	121	74	128.118	75.4161	7.25718
1	121	74	122.353	46.3211	27.712
1	121	74	47.3696	45.3731	78.9996
1	121	74	138.507	75.6661	17.5865
1	121	74	118.128	45.6326	28.5124
1	121	74	38.6729	25.7575	95.4206
1	121	74	114.58	89.5298	16.8045
1	121	74	126.454	79.3312	7.62702
1	121	74	45.9403	20.624	92.103
1	121	74	132.992	71.397	12.271
1	121	74	125.915	91.8184	18.4839
1	121	74	131.612	75.1574	10.6749
1	121	74	140.831	83.7496	22.098
1	121	74	140.536	85.7646	22.8049
1	121	74	115.659	27.7446	46.5627
1	121	74	141.853	75.2522	20.8907
1	121	74	119.727	79.7979	5.93601
1	121	74	121.829	92.2838	18.3026
1	121	74	133.137	63.8585	15.8166
1	121	74	127.504	72.9467	6.58843
1	121	74	105.655	83.2802	17.9327
1	121	74	70.3411	10.8056	80.9929
1	121	74	103.032	97.3826	29.4888
1	121	74	106.672	97.0124	27.1081
1	121	74	119.348	45.8028	28.2456
1	121	74	139.856	81.7351	20.3807
1	121	74	119.698	55.2902	18.7551
1	121	74	102.166	87.9088	23.4131
1	121	74	106.582	25.2265	50.8599
1	121	74	109.174	91.7141	21.299
1	121	74	132.975	74.8599	12.0061
1	121	74	110.208	97.3924	25.7618
1	121	74	138.878	75.2138	17.9195
1	121	74	123.119	95.6011	21.7049
1	121	74	123.212	73.3106	2.31657
1	121	74	97.2946	96.5688	32.7307
1	121	74	122.817	91.5063	17.6004
1	121	74	104.317	88.3828	22.0268
1	121	74	47.2235	45.3788	79.1337
1	121	74	123.936	72.6671	3.22439
1	121	74	132.185	75.2644	11.2558
1	121	74	123.454	93.4757	19.6297
1	121	74	140.48	79.4211	20.22
1	121	74	40.9064	25.3965	93.6872
1	121	74	119.894	45.9303	28.0915
1	121	74	113.823	88.3936	16.0835
1	121	74	102.45	81.2461	19.9153
1	121	74	112.968	93.7564	21.3266
1	121	74	141.169	71.3684	20.3401
1	121	74	134.716	77.5325	14.1638
1	121	74	127.764	86.6139	14.3131
1	121	74	107.799	97.3232	26.8
1	121	74	70.7924	10.5796	80.8885
1	121	74	121.983	84.6256	10.671
1	121	74	112.297	78.96	10.017
1	121	74	139.734	76.1441	18.8561
1	121	74	96.0421	97.4662	34.2572
1	121	74	38.4546	26.1022	95.4356
1	121	74	135.178	68.0732	15.3671
1	121	74	118.968	88.1549	14.3001
1	121	74	141.15	43.4618	36.5869
1	121	74	104.257	66.1027	18.5118
1	121	74	136.869	77.2858	16.2053
1	121	74	111.241	90.681	19.3261
1	121	74	116.802	30.6693	43.5337
1	121	74	98.6394	59.2447	26.7902
1	121	74	100.823	45.3444	35.0466
1	121	74	127.584	74.7139	6.62253
1	121	74	115.043	83.1051	10.8804
1	121	74	110.271	71.3944	11.0409
1	121	74	46.3754	45.1584	80.0041
1	121	74	93.8513	57.5641	31.7363
1	121	74	85.6202	56.8197	39.3306
1	121	74	118.435	94.9707	21.127
1	121	74	44.1084	42.4431	83.1153
1	121	74	136.107	78.9529	15.8985
1	121	74	122.969	91.0098	17.1234
1	121	74	134.144	68.334	14.3128
1	121	74	101.44	85.8681	22.8792
1	121	74	102.943	97.4388	29.5879
1	121	74	106.702	54.4033	24.2585
1	121	74	40.1214	24.8415	94.6462
1	121	74	123.396	95.6819	21.8138
1	121	74	140.637	73.0943	19.6575
1	121	74	133.687	83.0851	15.6041
1	121	74	118.005	96.5432	22.7412
1	121	74	125.792	93.4255	20.0078
1	121	74	127.632	59.9934	15.4972
1	121	74	116.738	94.6276	21.0633
1	121	74	106.375	97.2539	27.4704
1	121	74	139.942	74.4106	18.9464
1	121	74	141.893	74.0292	20.8927
1	121	74	141.88	85.949	24.057
1	121	74	102.878	73.6443	18.1255
1	121	74	142.068	83.6334	23.1663
1	121	74	61.8761	14.343	83.9916
1	121	74	92.9255	97.4367	36.5713
1	121	74	32.0026	31.5667	98.5957
1	121	74	132.925	73.196	11.9521
1	121	74	129.838	73.7565	8.84108
1	121	74	85.936	62.5057	36.8999
1	121	74	129.535	74.7986	8.57239
1	121	74	10.5063	58.3004	111.604
1	121	74	127.528	90.5854	17.8239
1	121	74	121.247	78.6222	4.62876
1	121	74	139.843	73.7925	18.8443
1	121	74	109.101	90.208	20.1067
1	121	74	120.793	78.5237	4.52846
1	121	74	119.512	45.8452	28.1941
1	121	74	86.5405	65.8385	35.4128
1	121	74	129.293	76.2857	8.60216
1	121	74	119.243	74.8023	1.93117
1	121	74	109.789	97.3853	25.9336
1	121	74	107.88	83.4308	16.1578
1	121	74	127.564	92.4824	19.6135
1	121	74	127.736	81.8475	10.3422
1	121	74	119.378	45.8447	28.2019
1	121	74	118.244	76.4046	3.65745
1	121	74	85.0395	58.9543	38.9812
1	121	74	104.61	89.3991	22.4889
1	121	74	129.816	75.3347	8.91667
1	121	74	138.483	78.7526	18.1171
1	121	74	106.532	91.3014	22.5537
1	121	74	41.129	24.157	94.1472
1	121	74	39.2544	25.3972	95.103
1	121	74	133.047	67.5861	13.6477
1	121	74	120.23	73.0251	1.24242
1	121	74	127.821	71.3833	7.30542
1	121	74	140.548	84.4371	22.16
1	121	74	101.267	96.4397	29.882
1	121	74	116.276	45.3394	29.0472
1	121	74	138.441	74.5612	17.45
1	121	74	134.831	83.6817	16.8827
1	121	74	94.5875	96.8647	34.9345
1	121	74	112.844	97.4767	24.8531
1	121	74	121.452	76.4257	2.46741
1	121	74	114.925	86.2781	13.6988
1	121	74	138.893	72.775	17.9351
1	121	74	33.3232	29.7561	98.2076
1	121	74	10.5051	58.6779	111.552
1	121	74	137.52	75.869	16.6251
1	121	74	98.7458	96.2828	31.4924
1	121	74	91.3846	52.3223	36.7014
1	121	74	126.72	78.7858	7.45841
1	121	74	119.763	82.4791	8.56893
1	121	74	132.922	79.4624	13.1141
1	121	74	37.6237	26.6726	95.8723
1	121	74	141.829	84.27	23.2236
1	121	74	110.237	85.2124	15.5419
1	121	74	124.797	70.5634	5.1215
1	121	74	139.338	76.9121	18.568
1	121	74	119.918	45.8884	28.1323
1	121	74	117.745	77.3519	4.67252
1	121	74	131.974	90.9951	20.23
1	121	74	115.184	84.6318	12.1187
1	121	74	107.432	45.1727	31.8607
1	121	74	130.764	80.706	11.8452
1	121	74	110.239	92.3331	21.2581
1	121	74	79.4078	45.135	50.627
1	121	74	129.218	54.4617	21.1961
1	121	74	131.934	80.8096	12.8808
1	121	74	139.845	86.4236	22.5714
1	121	74	131.885	85.8381	16.0816
1	121	74	114.816	82.8305	10.7803
1	121	74	123.123	73.8387	2.12888
1	121	74	117.252	77.8509	5.37397
1	121	74	117.074	76.3668	4.58454
1	121	74	123.793	68.8173	5.88742
1	121	74	77.6671	52.7509	48.2625
1	121	74	10.5052	58.6573	111.555
1	121	74	110.995	76.7967	10.389
1	121	74	126.476	87.3883	14.4651
1	121	74	107.329	86.9187	18.8092
1	121	74	132.095	74.287	11.0983
1	121	74	130.29	78.8494	10.4799
1	121	74	102.465	83.4699	20.8144
1	121	74	118.693	96.5104	22.6283
1	121	74	4.86538	88.0371	116.98
1	121	74	119.76	73.5873	1.30639
1	121	74	112.254	87.5582	16.1342
1	121	74	107.716	89.9092	20.726
1	121	74	108.761	97.3747	26.3851
1	121	74	101.435	97.4384	30.5311
1	121	74	134.414	82.0443	15.6415
1	121	74	117.482	88.5384	14.9579
1	121	74	129.139	47.0329	28.1686
1	121	74	97.1064	50.1426	33.7651
1	121	74	128.143	73.9315	7.14347
1	121	74	113.5	84.1418	12.6138
1	121	74	132.72	73.3499	11.7385
1	121	74	125.672	78.5236	6.50289
1	121	74	119.097	80.8442	7.10373
1	121	74	134.755	79.8905	14.9635
1	121	74	104.267	89.1903	22.5993
1	121	74	40.8813	24.3314	94.2655
1	121	74	63.3059	83.1257	58.4114
1	121	74	120.959	72.8045	1.19618
1	121	74	135.416	72.1142	14.5384
1	121	74	127.837	75.2991	6.95917
1	121	74	107.574	96.8229	26.4793
1	121	74	115.464	86.1505	13.3523
1	121	74	117.261	81.5427	8.4184
1	121	74	122.841	74.9415	2.06772
1	121	74	135.765	79.9286	15.9106
1	121	74	105.423	86.487	19.9643
1	121	74	115.001	76.2107	6.39359
1	121	74	114.97	77.0319	6.74941
1	121	74	91.8803	93.7975	35.2122
1	121	74	96.0925	96.8122	33.7755
1	121	74	132.728	70.1809	12.3343
1	121	74	141.582	84.3678	23.0455
1	121	74	115.099	63.8203	11.7664
1	121	74	120.406	45.9742	28.0321
1	121	74	128.98	82.9067	11.9587
1	121	74	115.946	80.3994	8.15468
1	121	74	53.0401	47.3276	73.0066
1	121	74	115.244	81.8841	9.76197
1	121	74	118.379	80.2005	6.73163
1	121	74	104.996	69.8677	16.5288
1	121	74	139.015	83.9469	20.5785
1	121	74	114.327	94.0786	21.1585
1	121	74	114.691	75.9194	6.59464
1	121	74	100.167	97.4382	31.3584
1	121	74	101.786	97.382	30.264
1	121	74	118.59	77.9404	4.61918
1	121	74	139.189	76.6489	18.3809
1	121	74	113.25	96.1994	23.5135
1	121	74	39.5677	25.1941	94.938
1	121	74	141.52	68.9146	21.1405
1	121	74	107.882	88.7979	19.775
1	121	74	131.289	82.7524	13.5083
1	121	74	118.415	95.6599	21.8136
1	121	74	123.042	74.3532	2.0722
1	121	74	90.446	56.6312	35.1457
1	121	74	98.664	97.4379	32.3764
1	121	74	132.739	67.5372	13.4004
1	121	74	133.986	81.4564	14.9745
1	121	74	97.9808	97.4377	32.8513
1	121	74	134.364	74.1239	13.3646
1	121	74	141.95	61.3377	24.4796
1	121	74	124.028	85.5509	11.9413
1	121	74	102.805	84.9092	21.2146
1	121	74	122.356	46.3211	27.7121
1	121	74	114.496	76.5678	6.99253
1	121	74	133.68	68.5392	13.8063
1	121	74	128.273	72.9187	7.35315
1	121	74	126.557	75.8249	5.84917
1	121	74	117.654	76.362	4.09563
1	121	74	140.43	82.5652	21.2341
1	121	74	140.22	74.9607	19.2443
1	121	74	123.899	78.8099	5.6161
1	121	74	136.218	81.193	16.8323
1	121	74	140.815	84.7175	22.5281
1	121	74	125.161	75.7721	4.52223
1	121	74	126.136	87.7134	14.6435
1	121	74	122.71	71.1119	3.35648
1	121	74	122.988	87.5908	13.7354
1	121	74	70.8984	10.5262	80.8646
1	121	74	41.2343	24.0799	94.0988
1	121	74	117.56	76.4696	4.23505
1	121	74	140.151	70.1608	19.5325
1	121	74	139.705	73.7725	18.7067
1	121	74	128.309	70.2242	8.22684
1	121	74	82.78	56.8894	41.8753
1	121	74	109.634	81.595	13.67
1	121	74	137.961	84.6355	20.0197
1	121	74	129.348	84.2213	13.1972
1	121	74	91.7588	59.2326	32.7586
1	121	74	103.912	97.0754	28.7137
1	121	74	78.0261	57.5301	46.0219
1	121	74	132.931	46.0831	30.3595
1	121	74	114.937	76.2651	6.47257
1	121	74	95.7244	84.3865	27.3265
1	121	74	111.851	80.148	11.0227
1	121	74	114.88	84.9826	12.5727
1	121	74	122.659	97.1351	23.1945
1	121	74	97.4765	92.0538	29.6529
1	121	74	120.077	79.1916	5.27298
1	121	74	120.234	73.7072	0.820457
1	121	74	122.497	68.9153	5.30047
1	121	74	110.529	97.139	25.3977
1	121	74	121.226	72.0022	2.0105
1	121	74	110.513	96.6836	24.9904
1	121	74	118.667	77.9173	4.55938
1	121	74	129.448	79.0581	9.8466
1	121	74	130.412	82.5382	12.7078
1	121	74	124.168	79.8814	6.68033
1	121	74	141.155	69.6563	20.6177
1	121	74	121.032	71.9191	2.08118
1	121	74	117.543	75.8869	3.93886
1	121	74	126.892	80.2117	8.56186
1	121	74	135.895	74.7333	14.9131
1	121	74	111.862	90.3562	18.7358
1	121	74	107.152	97.3843	27.1772
1	121	74	85.1475	64.6501	37.0516
1	121	74	106.865	95.2587	25.5289
1	121	74	39.1947	25.4341	95.1355
1	121	74	111.591	89.1688	17.8498
1	121	74	141.162	62.1624	23.3801
1	121	74	142.189	83.1659	23.0865
1	121	74	131.45	75.6665	10.582
1	121	74	116.851	79.1578	6.61928
1	121	74	93.8708	97.4369	35.8508
1	121	74	116.467	86.3975	13.2004
1	121	74	122.493	75.2714	1.96108
1	121	74	137.205	77.2273	16.5234
1	121	74	95.2229	45.4589	38.4584
1	121	74	60.1557	87.7284	62.3739
1	121	74	111.81	97.4762	25.211
1	121	74	140.957	60.7568	23.9511
1	121	74	129.515	79.9331	10.3779
1	121	74	128.483	60.7899	15.1823
1	121	74	126.516	78.7529	7.28149
1	121	74	127.077	74.4487	6.0933
1	121	74	118.317	77.6559	4.53506
1	121	74	115.73	77.7186	6.44987
1	121	74	120.343	73.3255	0.941385
1	121	74	129.936	72.2982	9.09649
1	121	74	120.897	88.072	14.0724
1	121	74	123.695	79.181	5.83995
1	121	74	104.086	97.0092	28.5573
1	121	74	122.158	69.7885	4.3678
1	121	74	132.9	89.9723	19.9178
1	121	74	141.403	84.6333	23.0073
1	121	74	135.872	75.6742	14.966
1	121	74	121.118	75.8153	1.81911
1	121	74	113.574	85.0695	13.3294
1	121	74	123.402	72.7398	2.71253
1	121	74	122.664	88.953	15.0453
1	121	74	9.00022	84.9122	112.53
1	121	74	121.636	71.3805	2.69564
1	121	74	110.023	81.133	13.0908
1	121	74	121.641	88.013	14.0276
1	121	74	137.253	79.2248	17.0724
1	121	74	98.6243	72.545	22.4229
1	121	74	136.684	72.0915	15.8001
1	121	74	138.491	56.4837	24.754
1	121	74	109.402	96.1901	25.0382
1	121	74	141.948	83.8396	23.1437
1	121	74	119.746	71.7685	2.55959
1	121	74	116.928	97.4944	23.8446
1	121	74	102.766	86.9727	22.3782
1	121	74	125.678	73.8018	4.68177
1	121	74	83.5062	63.5415	38.9252
1	121	74	117.107	76.3446	4.54483
1	121	74	137.585	76.3729	16.7535
1	121	74	105.631	87.4977	20.4544
1	121	74	136.725	73.2279	15.7444
1	121	74	124.52	68.5263	6.50763
1	121	74	119.223	73.7716	1.79168
1	121	74	130.292	74.4884	9.30529
1	121	74	93.0449	96.029	35.5916
1	121	74	119.213	45.8506	28.2061
1	121	74	138.893	85.3918	21.2119
1	121	74	126.17	84.4019	11.6158
1	121	74	131.653	81.3434	12.939
1	121	74	97.0355	97.3801	33.4802
1	121	74	139.512	70.1544	18.9075
1	121	74	47.7381	43.2546	79.4517
1	121	74	133.344	80.8426	14.1137
1	121	74	122.224	69.2221	4.93214
1	121	74	102.743	86.7236	22.2536
1	121	74	113.891	88.0754	15.769
1	121	74	116.107	89.0002	15.778
1	121	74	120.027	83.7889	9.83711
1	121	74	108.38	94.3304	23.9287
1	121	74	132.715	74.9003	11.7491
1	121	74	110.04	96.5692	25.0896
1	121	74	134.261	73.8722	13.2612
1	121	74	70.631	10.6607	80.9253
1	121	74	120.206	45.9735	28.0378
1	121	74	122.95	46.4094	27.6595
1	121	74	96.2053	96.8805	33.7386
1	121	74	107.018	97.328	27.1972
1	121	74	141.71	84.4033	23.1761
1	121	74	118.598	45.7171	28.3847
1	121	74	118.531	85.5702	11.8307
1	121	74	108.673	93.5431	23.1062
1	121	74	79.1375	87.5827	44.0109
1	121	74	140.303	85.925	22.6896
1	121	74	133.018	72.3441	12.1312
1	121	74	119.717	87.9244	13.9834
1	121	74	95.5501	68.737	25.9884
1	121	74	118.924	95.7884	21.8871
1	121	74	125.583	86.3421	13.1654
1	121	74	135.009	89.6142	20.9773
1	121	74	10.4404	59.0839	111.561
1	121	74	115.906	76.4088	5.63452
1	121	74	100.672	97.4383	31.0254
1	121	74	75.6358	92.2871	48.9114
1	121	74	102.872	97.4387	29.6308
1	121	74	114.493	95.8374	22.7863
1	121	74	120.348	76.6384	2.7177
1	121	74	116.706	77.8021	5.73562
1	121	74	103.308	51.1449	28.9025
1	121	74	120.245	45.9736	28.0366
1	121	74	37.5178	26.4143	96.092
1	121	74	116.201	45.3394	29.0596
1	121	74	106.762	87.3505	19.518
1	121	74	116.159	83.5075	10.6688
1	121	74	136.623	74.49	15.631
1	121	74	95.4039	93.1091	31.9424
1	121	74	114.037	84.6506	12.7247
1	121	74	102.63	87.599	22.856
1	121	74	140.843	77.4444	20.14
1	121	74	124.315	89.5709	15.92
1	121	74	130.861	75.8767	10.0378
1	121	74	139.871	74.1671	18.8718
1	121	74	140.767	85.4429	22.8403
1	121	74	106.089	85.9334	19.0979
1	121	74	109.1	87.9008	18.2989
1	121	74	134.087	81.6171	15.1422
1	121	74	139.896	82.7926	20.8411
1	121	74	130.167	87.4527	16.2789
1	121	74	81.8925	59.219	41.8076
1	121	74	125.404	87.2629	13.975
1	121	74	121.838	46.2337	27.779
1	121	74	118.02	84.5393	10.9526
1	121	74	122.88	61.407	12.7325
1	121	74	113.43	89.6952	17.4255
1	121	74	127.077	66.4286	9.70849
1	121	74	137.501	79.5946	17.4237
1	121	74	119.602	91.9959	18.0501
1	121	74	110.44	88.011	17.5451
1	121	74	75.4173	88.7064	47.8963
1	121	74	75.3815	10.7317	77.9995
1	121	74	110.92	78.1883	10.9152
1	121	74	118.109	45.6325	28.5144
1	121	74	117.427	77.9709	5.34172
1	121	74	107.251	91.0967	21.9393
1	121	74	77.2662	11.3827	76.3778
1	121	74	111.458	97.4854	25.3497
1	121	74	91.188	50.2468	38.1178
1	121	74	109.524	96.6151	25.3602
1	121	74	129.299	78.7668	9.57093
1	121	74	127.571	78.8737	8.18117
1	121	74	106.643	89.1018	20.837
1	121	74	98.798	97.4379	32.2841
1	121	74	131.532	75.2189	10.6018
1	121	74	102.578	95.3038	28.1645
1	121	74	135.417	84.493	17.8313
1	121	74	136.857	75.2279	15.9042
1	121	74	104.942	97.4392	28.4122
1	121	74	129.21	69.6342	9.2983
1	121	74	115.136	77.6846	6.92528
1	121	74	139.841	76.9161	19.0654
1	121	74	132.331	78.2964	12.1183
1	121	74	121.752	78.6812	4.74113
1	121	74	135.892	73.222	14.9127
1	121	74	126.989	88.4658	15.6567
1	121	74	125.093	76.3813	4.73556
1	121	74	127.751	65.9352	10.5178
1	121	74	125.549	76.7406	5.31105
1	121	74	107.161	95.5497	25.6106
1	121	74	108.021	83.518	16.095
1	121	74	123.353	88.4981	14.6878
1	121	74	110.668	84.3058	14.5929
1	121	74	118.296	79.1306	5.7996
1	121	74	134.867	81.0423	15.5531
1	121	74	122.652	78.5055	4.79887
1	121	74	117.339	77.582	5.12182
1	121	74	119.191	45.8023	28.2557
1	121	74	124.921	77.021	4.95005
1	121	74	121.947	79.9207	5.99598
1	121	74	121.396	88.6324	14.6378
1	121	74	115.156	45.6723	28.9243
1	121	74	116.752	77.7447	5.663
1	121	74	141.472	84.6266	23.0654
1	121	74	40.897	24.3165	94.26
1	121	74	93.7904	94.1143	33.8371
1	121	74	117.461	45.5066	28.7124
1	121	74	131.094	51.6598	24.5149
1	121	74	110.022	85.3557	15.7945
1	121	74	124.77	75.6168	4.10251
1	121	74	122.611	84.2791	10.4045
1	121	74	118.55	79.6974	6.20165
1	121	74	135.846	77.7841	15.3204
1	121	74	127.608	63.8817	12.0848
1	121	74	110.271	97.4778	25.8131
1	121	74	110.915	87.6984	17.0107
1	121	74	140.868	83.9368	22.2145
1	121	74	118.251	45.6329	28.5
1	121	74	129.745	75.4058	8.8572
1	121	74	130.388	75.2443	9.46985
1	121	74	40.9129	24.3077	94.2511
1	121	74	130.635	69.2279	10.7523
1	121	74	97.9802	84.3846	25.2538
1	121	74	111.008	93.6626	22.056
1	121	74	137.606	82.0419	18.4506
1	121	74	137.302	80.2066	17.4435
1	121	74	137.266	71.6922	16.4289
1	121	74	119.674	45.8876	28.1437
1	121	74	122.193	80.0392	6.15589
1	121	74	120.005	45.9307	28.0869
1	121	74	107.758	93.2491	23.3641
1	121	74	70.3641	10.7942	80.9875
1	121	74	117.586	45.5483	28.6558
1	121	74	131.893	71.9888	11.0772
1	121	74	98.558	48.3256	34.1001
1	121	74	99.8428	59.5645	25.6127
1	121	74	117.995	45.5907	28.5679
1	121	74	131.656	80.6178	12.5434
1	121	74	121.883	68.6927	5.38019
1	121	74	119.064	77.2165	3.75428
1	121	74	130.116	70.6599	9.70887
1	121	74	38.7671	97.425	85.5043
1	121	74	106.303	52.9179	25.6991
1	121	74	101.768	58.4784	24.7144
1	121	74	100.224	46.1323	34.7602
1	121	74	109.676	63.1683	15.6707
1	121	74	125.297	78.6468	6.32878
1	121	74	121.693	79.8551	5.89603
1	121	74	124.881	64.7959	9.98872
1	121	74	134.311	74.4781	13.3196
1	121	74	120.187	97.2104	23.2246
1	121	74	122.662	85.0918	11.2157
1	121	74	98.9563	76.4458	22.179
1	121	74	140.302	85.9538	22.7041
1	121	74	108.278	96.4688	25.8206
1	121	74	122.609	76.7451	3.18211
1	121	74	111.41	97.3739	25.2648
1	121	74	113.956	80.5542	9.62147
1	121	74	116.703	68.3551	7.09406
1	121	74	134.786	89.6937	20.889
1	121	74	106.586	97.0118	27.1531
1	121	74	134.508	68.5194	14.5777
1	121	74	114.824	77.3047	7.00445
1	121	74	132.226	75.9558	11.3954
1	121	74	98.1087	91.5463	28.8424
1	121	74	135.463	59.7775	20.2843
1	121	74	116.359	96.7816	23.2496
1	121	74	117.155	81.513	8.43984
1	121	74	51.0838	16.2613	90.6754
1	121	74	123.043	77.919	4.41958
1	121	74	127.602	87.2788	14.8296
1	121	74	142.16	82.8107	22.9209
1	121	74	122.6	69.132	5.12423
1	121	74	129.894	50.8256	24.8225
1	121	74	127.412	65.9921	10.2587
1	121	74	128.994	42.6119	32.3899
1	121	74	123.938	75.846	3.46944
1	121	74	128.17	73.8299	7.17182
1	121	74	84.4293	63.7539	37.9789
1	121	74	115.66	45.2153	29.2757
1	121	74	135.391	70.7513	14.753
1	121	74	119.448	80.4412	6.62552
1	121	74	134.878	82.8056	16.4363
1	121	74	100.553	92.7819	27.764
1	121	74	110.052	96.2818	24.8261
1	121	74	87.6152	35.3809	51.0488
1	121	74	129.011	79.3558	9.63617
1	121	74	107.808	97.4398	26.8972
1	121	74	113.968	96.693	23.7575
1	121	74	60.9135	45.6222	66.4507
1	121	74	126.665	91.8121	18.6913
1	121	74	87.3384	66.0647	34.5842
1	121	74	105.861	97.4394	27.9031
1	121	74	110.29	90.8881	19.998
1	121	74	77.8392	63.0984	44.5163
1	121	74	10.6644	83.1823	110.717
1	121	74	118.315	87.9668	14.2224
1	121	74	125.934	75.1633	5.06895
1	121	74	121.643	74.1021	0.650865
1	121	74	122.596	76.8529	3.26913
1	121	74	131.804	84.995	15.415
1	121	74	107.773	87.2227	18.7025
1	121	74	140.911	87.2698	23.9277
1	121	74	140.187	86.0023	22.6317
1	121	74	108.29	97.285	26.528
1	121	74	141.024	84.757	22.7305
1	121	74	121.93	95.3431	21.3634
1	121	74	112.663	86.5244	15.0458
1	121	74	100.438	51.7109	30.325
1	121	74	131.27	72.8176	10.3382
1	121	74	122.65	75.5048	2.23299
1	121	74	135.802	76.6251	15.0326
1	121	74	112.827	93.1251	20.7983
1	121	74	118.247	82.1914	8.64165
1	121	74	112.669	45.6676	29.5319
1	121	74	123.023	46.4098	27.6643
1	121	74	45.816	20.7582	92.1266
1	121	74	130.377	72.1069	9.56645
1	121	74	131.93	75.1838	10.9938
1	121	74	125.179	80.5356	7.75726
1	121	74	126.106	92.2191	18.921
1	121	74	122.904	89.5198	15.6362
1	121	74	101.861	97.4385	30.2597
1	121	74	103.665	97.4389	29.1526
1	121	74	94.2202	97.4369	35.5872
1	121	74	141.144	85.1392	23.0191
1	121	74	128.271	72.436	7.43769
1	121	74	133.22	72.7881	12.2803
1	121	74	10.7721	83.3013	110.62
1	121	74	35.7517	24.5923	98.5312
1	121	74	108.754	95.8663	25.0619
1	121	74	87.4696	65.9038	34.494
1	121	74	52.9715	38.6255	76.6762
1	121	74	83.397	54.8093	42.2169
1	121	74	103.651	95.5111	27.6357
1	121	74	113.938	74.4727	7.07795
1	121	74	126.42	80.1456	8.1939
1	121	74	47.3423	42.9632	79.9296
1	121	74	57.7862	85.7396	64.2946
1	121	74	111.624	89.277	17.9247
1	121	74	125.156	69.7891	5.91667
1	121	74	117.578	79.2696	6.28314
1	121	74	135.19	67.78	15.4931
1	121	74	117.204	83.3708	10.1104
1	121	74	117.273	88.1464	14.629
1	121	74	119.436	45.8449	28.1985
1	121	74	86.4781	66.0618	35.4229
1	121	74	107.144	95.0498	25.2009
1	121	74	119.611	45.8874	28.1469
1	121	74	39.6834	25.1341	94.8697
1	121	74	136.763	52.3139	26.8097
1	121	74	71.6723	88.6474	51.4565
1	121	74	123.086	89.6598	15.7981
1	121	74	99.5272	97.3811	31.7452
1	121	74	138.562	70.5937	17.8891
1	121	74	10.7003	83.2445	110.686
1	121	74	133.498	84.1077	16.0735
1	121	74	96.3379	96.8884	33.6467
1	121	74	120.395	45.9742	28.0323
1	121	74	102.121	86.4901	22.6365
1	121	74	126.007	82.7046	10.0417
1	121	74	117.074	85.1564	11.8272
1	121	74	138.165	59.1291	22.7105
1	121	74	95.6816	96.6772	33.9894
1	121	74	132.068	73.0874	11.1056
1	121	74	97.4886	85.0613	25.9834
1	121	74	130.412	81.9988	12.352
1	121	74	107.222	96.5789	26.4507
1	121	74	102.48	82.7718	20.492
1	121	74	139.052	72.9907	18.0805
1	121	74	97.2695	48.7029	34.6854
1	121	74	112.067	94.3642	22.2374
1	121	74	85.3364	63.2123	37.2595
1	121	74	96.4397	95.4484	32.6075
1	121	74	132.133	84.686	15.4313
1	121	74	122.386	71.365	2.9772
1	121	74	119.255	90.8786	16.9686
1	121	74	128.779	77.1186	8.38061
1	121	74	120.164	88.0793	14.1041
1	121	74	140.248	86.0836	22.7265
1	121	74	114.76	88.0177	15.3438
1	121	74	128.189	72.1984	7.41177
1	121	74	130.606	77.2065	10.1274
1	121	74	134.291	70.3435	13.7849
1	121	74	135.448	60.0703	20.0696
1	121	74	126.001	70.1972	6.28224
1	121	74	104.562	89.8552	22.8387
1	121	74	113.263	90.9546	18.6365
1	121	74	137.746	85.4682	20.2965
1	121	74	99.5815	56.5748	27.6114
1	121	74	129.867	88.5449	17.0348
1	121	74	118.714	74.311	2.30745
1	121	74	117.513	96.6295	22.8966
1	121	74	91.8593	95.8208	36.405
1	121	74	112.374	45.1736	30.0895
1	121	74	127.283	76.4781	6.75424
1	121	74	120.572	73.5562	0.616508
1	121	74	126.661	92.4109	19.2615
1	121	74	133.653	82.2808	15.1221
1	121	74	141.59	84.4414	23.0862
1	121	74	115.762	72.7598	5.38297
1	121	74	126.711	81.0883	9.10286
1	121	74	104.366	86.9293	21.0682
1	121	74	127.73	94.1073	21.2037
1	121	74	120.723	46.0597	27.9417
1	121	74	118.664	85.7131	11.9437
1	121	74	108.841	97.4839	26.445
1	121	74	84.9251	64.8977	37.2055
1	121	74	120.915	77.24	3.24114
1	121	74	107.547	97.0101	26.6544
