1	121	74	121.095	75.0225	1.02696
1	121	74	123.902	73.9803	2.90253
1	121	74	120.395	73.749	0.655141
1	121	74	119.8	73.1149	1.49143
1	121	74	122.863	74.5834	1.9518
1	121	74	107.82	96.9855	26.4963
1	121	74	119.576	73.4492	1.5264
1	121	74	123.376	74.8015	2.50737
1	121	74	120.58	74.5881	0.722389
1	121	74	120.972	74.7866	0.7871
1	121	74	122.099	74.0595	1.10106
1	121	74	120.31	74.0532	0.691604
1	121	74	120.659	73.4318	0.662701
1	121	74	109.785	96.2572	24.9232
1	121	74	120.186	73.6481	0.886634
1	121	74	123.952	73.8853	2.95407
1	121	74	107.942	96.6963	26.1846
1	121	74	120.411	72.6256	1.49524
1	121	74	120.6	74.8424	0.932409
1	121	74	99.8364	80.2185	22.0583
1	121	74	120.775	75.2542	1.27421
1	121	74	121.175	72.937	1.07725
1	121	74	119.487	75.5475	2.16423
1	121	74	121.648	73.0673	1.13566
1	121	74	123.246	73.3803	2.32986
1	121	74	100.831	83.5478	22.3146
1	121	74	121.619	74.1449	0.635256
1	121	74	121.57	74.6583	0.871036
1	121	74	120.295	75.139	1.33973
1	121	74	123.528	73.7025	2.54497
1	121	74	121.149	74.6827	0.698797
1	121	74	119.494	74.9391	1.77506
1	121	74	121.643	75.2031	1.36427
1	121	74	120.747	75.8487	1.86589
1	121	74	121.683	72.4483	1.69532
1	121	74	120.905	74.9317	0.936533
1	121	74	121.768	74.7642	1.0835
1	121	74	120.109	75.4125	1.67006
1	121	74	102.859	97.4387	29.6393
1	121	74	118.978	74.3053	2.04487
1	121	74	121.012	73.5563	0.443895
1	121	74	135.823	84.8157	18.3496
1	121	74	121.855	74.6131	1.05229
1	121	74	120.405	75.195	1.33496
1	121	74	107.134	94.373	24.6438
1	121	74	121.008	73.7899	0.210296
1	121	74	121.979	75.7293	1.98701
1	121	74	122.247	75.2859	1.79143
1	121	74	120.941	74.4312	0.435292
1	121	74	122.24	74.0125	1.24051
1	121	74	121.05	76.4629	2.46341
1	121	74	122.898	76.3501	3.02066
1	121	74	122.455	74.9519	1.73908
1	121	74	122.628	73.4363	1.72287
1	121	74	122.581	74.7668	1.75689
1	121	74	120.385	75.0562	1.22201
1	121	74	121.597	74.9358	1.10978
1	121	74	106.625	93.5228	24.2442
1	121	74	119.224	74.6302	1.88435
1	121	74	119.679	73.5275	1.40279
1	121	74	122.556	74.5542	1.65133
1	121	74	121.372	75.3479	1.39832
1	121	74	122.595	77.1163	3.50059
1	121	74	120.466	74.7572	0.926379
1	121	74	105.87	95.1546	26.0086
1	121	74	121.79	74.7125	1.06358
1	121	74	121.195	74.7029	0.729364
1	121	74	119.983	74.4111	1.09715
1	121	74	104.595	97.4391	28.6097
1	121	74	121.185	75.0613	1.07736
1	121	74	111.027	95.0658	23.3073
1	121	74	120.12	74.016	0.879805
1	121	74	121.768	73.1238	1.16511
1	121	74	135.867	84.9599	18.4705
1	121	74	133.997	85.7502	17.521
1	121	74	137.414	84.6637	19.5738
1	121	74	121.575	75.1691	1.30299
1	121	74	119.71	73.8583	1.29784
1	121	74	123.862	74.2523	2.87306
1	121	74	119.951	75.126	1.53911
1	121	74	107.453	93.986	24.1444
1	121	74	120.06	74.9196	1.3153
1	121	74	121.91	73.9055	0.914448
1	121	74	120.898	75.6664	1.66946
1	121	74	122.35	74.767	1.55299
1	121	74	121.61	73.6488	0.704268
1	121	74	120.888	73.199	0.808818
1	121	74	121.786	74.4341	0.897916
1	121	74	121.124	74.0046	0.124243
1	121	74	121.544	73.7104	0.616636
1	121	74	122.058	74.3021	1.10045
1	121	74	122.696	73.9182	1.69835
1	121	74	119.466	73.3043	1.68438
1	121	74	119.744	73.7337	1.28352
1	121	74	108.649	97.3425	26.4088
1	121	74	120.064	74.2288	0.963694
1	121	74	121.844	76.0184	2.18789
1	121	74	106.492	94.4526	25.0756
1	121	74	108.987	96.6824	25.667
1	121	74	119.204	75.363	2.25484
1	121	74	121.053	74.9395	0.940989
1	121	74	123.287	74.2917	2.3051
1	121	74	118.76	72.2738	2.82824
1	121	74	119.78	75.908	2.26471
1	121	74	106.802	92.7009	23.4797
1	121	74	120.507	74.4486	0.666487
1	121	74	134.751	84.3873	17.2336
1	121	74	120.788	73.2306	0.798069
1	121	74	120.306	75.7745	1.90548
1	121	74	120.913	75.768	1.77019
1	121	74	120.77	75.3395	1.35911
1	121	74	105.627	93.7785	25.0505
1	121	74	102.846	84.0897	20.7693
1	121	74	119.537	74.7331	1.63673
1	121	74	121.368	73.9785	0.369033
1	121	74	119.969	76.0835	2.32449
1	121	74	122.026	73.7661	1.05202
1	121	74	120.884	74.9562	0.963169
1	121	74	121.316	76.9626	2.9794
1	121	74	119.33	74.3155	1.69966
1	121	74	122.755	74.952	1.99622
1	121	74	120.752	76.0718	2.0866
1	121	74	122.295	73.904	1.29878
1	121	74	93.9977	97.4369	35.7549
1	121	74	121.54	75.4924	1.58714
1	121	74	121.187	75.0684	1.08462
1	121	74	121.542	74.1474	0.562009
1	121	74	120.578	73.82	0.458331
1	121	74	121.205	74.2226	0.302875
1	121	74	135.065	84.3844	17.4829
1	121	74	119.13	74.3743	1.9074
1	121	74	120.763	74.882	0.91327
1	121	74	119.446	75.6326	2.25427
1	121	74	121.553	74.0437	0.554302
1	121	74	122.614	73.4495	1.70546
1	121	74	122.98	74.8529	2.1557
1	121	74	121.12	76.1208	2.12421
1	121	74	120.897	76.2312	2.23355
1	121	74	122.877	73.3202	1.99587
1	121	74	107.598	96.5747	26.2532
1	121	74	108.952	96.4701	25.4964
1	121	74	122.112	74.6999	1.31365
1	121	74	121.464	73.9146	0.471368
1	121	74	120.991	75.2586	1.25866
1	121	74	122.535	73.7293	1.55884
1	121	74	119.948	73.8054	1.06984
1	121	74	122.321	74.1798	1.33317
1	121	74	120.202	72.79	1.44932
1	121	74	121.842	74.4782	0.968751
1	121	74	121.103	75.4837	1.4873
1	121	74	121.802	75.605	1.79437
1	121	74	122.045	73.3034	1.2556
1	121	74	120.21	75.3083	1.5282
1	121	74	138.984	85.9767	21.607
1	121	74	120.376	75.1012	1.26589
1	121	74	106.989	93.4411	23.9638
1	121	74	120.825	71.9624	2.04507
1	121	74	120.619	75.3522	1.40485
1	121	74	121.914	75.945	2.14921
1	121	74	120.644	75.4768	1.51919
1	121	74	120.219	74.4419	0.897427
1	121	74	119.924	74.7857	1.33204
1	121	74	119.993	75.3682	1.6987
1	121	74	122.026	74.5078	1.14462
1	121	74	120.748	73.9144	0.266298
1	121	74	119.053	74.4858	2.00695
1	121	74	121.181	73.5499	0.485218
1	121	74	121.604	74.6653	0.898292
1	121	74	121.868	73.2865	1.12392
1	121	74	120.606	72.7054	1.35317
1	121	74	122.538	75.4631	2.1231
1	121	74	120.32	74.8052	1.05374
1	121	74	120.52	74.7507	0.891199
1	121	74	119.849	75.8793	2.20357
1	121	74	135.659	85.0936	18.3837
1	121	74	121.549	75.7357	1.82053
1	121	74	101.236	83.8679	22.0901
1	121	74	107.182	96.6786	26.5566
1	121	74	121.044	75.6001	1.60072
1	121	74	120.684	75.6275	1.65786
1	121	74	120.664	75.2925	1.33537
1	121	74	119.331	75.6306	2.33303
1	121	74	130.287	80.2898	11.2161
1	121	74	120.133	75.991	2.17158
1	121	74	120.276	76.0043	2.13113
1	121	74	121.078	74.5728	0.578078
1	121	74	122	74.1611	1.01281
1	121	74	121.145	75.2289	1.23748
1	121	74	121.213	74.8171	0.844484
1	121	74	121.53	74.4366	0.686661
1	121	74	122.076	73.7134	1.11339
1	121	74	121.571	72.6972	1.42246
1	121	74	123.359	78.3981	4.99067
1	121	74	123.316	74.6311	2.40092
1	121	74	122.098	75.2054	1.63069
1	121	74	121.961	74.6944	1.18597
1	121	74	122.498	74.4087	1.55283
1	121	74	121.668	73.815	0.693168
1	121	74	120.558	75.3157	1.38808
1	121	74	120.312	74.8151	1.06668
1	121	74	122.615	75.6971	2.34281
1	121	74	120.872	74.6176	0.630816
1	121	74	122.158	74.1067	1.16327
1	121	74	122.097	73.9497	1.09809
1	121	74	107.799	94.0907	24.0396
1	121	74	119.497	73.5421	1.57098
1	121	74	122.68	73.4364	1.7716
1	121	74	122.079	73.335	1.26707
1	121	74	134.371	84.4467	16.9679
1	121	74	99.8054	97.4381	31.5999
1	121	74	122.018	73.8881	1.0245
1	121	74	122.304	74.3685	1.35547
1	121	74	122.866	74.2234	1.8792
1	121	74	109.715	68.8939	12.3863
1	121	74	118.619	75.2135	2.67236
1	121	74	119.197	74.3853	1.84365
1	121	74	120.627	76.4739	2.50176
1	121	74	121.106	74.24	0.262442
1	121	74	119.883	73.9802	1.11706
1	121	74	121.234	75.4921	1.5104
1	121	74	119.63	75.8664	2.31503
1	121	74	120.658	75.3882	1.42978
1	121	74	125.896	78.2504	6.48371
1	121	74	119.4	75.0967	1.94017
1	121	74	120.82	73.4263	0.601375
1	121	74	123.105	74.8254	2.26085
1	121	74	122.823	73.481	1.89573
1	121	74	119.984	74.4674	1.11853
1	121	74	120.883	76.2952	2.29817
1	121	74	120.494	73.8016	0.543127
1	121	74	94.5336	97.437	35.352
1	121	74	99.5633	97.4381	31.7628
1	121	74	123.335	74.6044	2.41187
1	121	74	121.963	75.6873	1.94292
1	121	74	121.741	74.6904	1.0126
1	121	74	120.534	74.7758	0.90526
1	121	74	120.846	74.1706	0.229524
1	121	74	118.65	74.0673	2.35081
1	121	74	121.282	73.433	0.633064
1	121	74	120.16	74.0403	0.840989
1	121	74	120.165	75.9725	2.14189
1	121	74	121.852	75.004	1.31705
1	121	74	121.77	74.5529	0.94806
1	121	74	121.271	75.4468	1.47199
1	121	74	120.573	75.0883	1.16921
1	121	74	120.815	75.9999	2.00838
1	121	74	119.948	75.0037	1.45378
1	121	74	117.122	72.9871	4.00853
1	121	74	119.799	75.497	1.91909
1	121	74	121.045	73.0412	0.95985
1	121	74	134.701	85.1747	17.68
1	121	74	122.145	74.2901	1.18165
1	121	74	121.482	74.4223	0.640642
1	121	74	122.11	73.9329	1.11223
1	121	74	121.79	74.624	1.00658
1	121	74	134.193	85.9758	17.818
1	121	74	119.905	75.546	1.8943
1	121	74	121.193	72.0378	1.97174
1	121	74	121.286	75.455	1.48274
1	121	74	121.284	75.315	1.34541
1	121	74	123.524	74.2373	2.53509
1	121	74	121.239	73.9756	0.23975
1	121	74	120.869	72.998	1.0105
1	121	74	121.622	75.8218	1.92501
1	121	74	121.533	74.4813	0.718509
1	121	74	121.572	74.9078	1.07319
1	121	74	94.59	97.437	35.3098
1	121	74	107.633	96.562	26.2247
1	121	74	121.748	76.5145	2.62336
1	121	74	121.842	73.0936	1.23683
1	121	74	121.195	73.6421	0.407758
1	121	74	121.591	73.0249	1.14049
1	121	74	136.725	84.6482	18.9908
1	121	74	122.228	74.4679	1.31439
1	121	74	121.101	75.5313	1.53465
1	121	74	99.1388	97.438	32.0507
1	121	74	122.626	74.6661	1.75759
1	121	74	106.783	96.8023	26.8715
1	121	74	120.902	74.2647	0.282303
1	121	74	120.559	73.7651	0.499321
1	121	74	122.461	75.2688	1.93529
1	121	74	102.082	97.4386	30.1208
1	121	74	107.845	97.4827	26.9164
1	121	74	122.989	74.8639	2.16867
1	121	74	120.521	75.771	1.8346
1	121	74	106.931	97.4198	27.3209
1	121	74	120.861	72.8141	1.19409
1	121	74	123.821	73.5226	2.86065
1	121	74	106.659	93.2791	24.0284
1	121	74	121.801	75.8379	2.00492
1	121	74	122.794	74.5228	1.86816
1	121	74	122.097	75.2516	1.66443
1	121	74	121.766	75.1446	1.37724
1	121	74	122.655	75.0668	1.96881
1	121	74	130.399	80.9795	11.7071
1	121	74	121.044	75.0535	1.05441
1	121	74	97.7228	97.4377	33.0326
1	121	74	122.197	76.2827	2.57741
1	121	74	109.215	97.3526	26.158
1	121	74	137.301	84.9141	19.6172
1	121	74	122.087	73.4841	1.20352
1	121	74	122.331	74.0738	1.33296
1	121	74	124.09	75.5884	3.47422
1	121	74	121.368	73.863	0.392848
1	121	74	123.368	74.0733	2.36884
1	121	74	120.024	73.5443	1.07693
1	121	74	110.88	68.7022	11.4226
1	121	74	100.101	80.2071	21.8016
1	121	74	119.405	74.826	1.79579
1	121	74	105.916	93.4386	24.6048
1	121	74	106.981	97.4396	27.3122
1	121	74	119.142	74.0735	1.85972
1	121	74	119.71	76.1588	2.51494
1	121	74	120.196	75.4278	1.63835
1	121	74	119.679	72.8714	1.73719
1	121	74	120.824	75.6162	1.62574
1	121	74	121.255	74.2546	0.360269
1	121	74	121.874	76.0376	2.21698
1	121	74	120.41	73.8215	0.616789
1	121	74	106.683	94.27	24.8166
1	121	74	121.239	74.9697	0.998679
1	121	74	119.393	74.5779	1.70814
1	121	74	119.108	75.1171	2.19686
1	121	74	122.219	74.0059	1.21918
1	121	74	120.582	74.8943	0.987048
1	121	74	122.389	74.8021	1.6039
1	121	74	121.115	74.9903	0.996977
1	121	74	122.455	74.6071	1.57687
1	121	74	119.467	73.8968	1.53675
1	121	74	136.868	86.0684	19.936
1	121	74	121.991	73.1066	1.3345
1	121	74	120.297	75.1023	1.30727
1	121	74	121.555	74.8434	1.0097
1	121	74	120.667	74.2203	0.399465
1	121	74	120.944	72.4625	1.53853
1	121	74	106.86	97.4279	27.3641
1	121	74	121.845	73.4429	1.01229
1	121	74	101.175	83.7341	22.0855
1	121	74	120.854	73.6711	0.359901
1	121	74	122.762	73.3261	1.88652
1	121	74	120.177	75.5318	1.73899
1	121	74	120.774	74.5485	0.593333
1	121	74	106.756	94.544	24.9988
1	121	74	121.464	74.8162	0.938754
1	121	74	120.772	74.7382	0.772621
1	121	74	119.777	73.3375	1.39101
1	121	74	120.764	75.544	1.56192
1	121	74	120.998	76.5366	2.53665
1	121	74	121.512	75.5961	1.67625
1	121	74	122.896	74.5198	1.96557
1	121	74	122.987	74.6929	2.10417
1	121	74	118.997	73.8479	2.00839
1	121	74	103.245	87.2686	22.1655
1	121	74	92.9684	97.4367	36.5383
1	121	74	107.025	91.0634	22.056
1	121	74	117.274	73.8353	3.72918
1	121	74	122.572	74.9109	1.81655
1	121	74	121.957	74.2392	0.986279
1	121	74	121.515	75.6583	1.7365
1	121	74	121.314	74.2438	0.397364
1	121	74	121.466	75.5196	1.58941
1	121	74	123.524	73.8758	2.52664
1	121	74	121.803	75.9267	2.08738
1	121	74	121.65	73.9735	0.650642
1	121	74	121.772	73.382	0.989089
1	121	74	120.707	75.9294	1.95152
1	121	74	119.643	74.504	1.44759
1	121	74	120.404	76.7054	2.77018
1	121	74	120.462	75.0666	1.19456
1	121	74	121.302	73.1452	0.906444
1	121	74	122.047	73.3523	1.23091
1	121	74	123.443	74.3387	2.46679
1	121	74	121.534	75.3239	1.42762
1	121	74	121.151	76.8304	2.83446
1	121	74	119.291	75.5196	2.28703
1	121	74	119.914	75.1613	1.59006
1	121	74	121.484	74.0855	0.491077
1	121	74	119.713	73.6701	1.3288
1	121	74	121.064	76.5126	2.51338
1	121	74	120.902	73.7035	0.312476
1	121	74	120.785	73.052	0.972178
1	121	74	100.423	82.4828	22.2568
1	121	74	121.44	74.0217	0.440294
1	121	74	121.327	74.4686	0.571659
1	121	74	121.864	74.4108	0.956561
1	121	74	107.816	97.3714	26.8338
1	121	74	122.048	73.42	1.19769
1	121	74	108.459	97.4751	26.615
1	121	74	122.491	73.959	1.49205
1	121	74	121.463	75.1924	1.27899
1	121	74	121.219	74.453	0.503134
1	121	74	123.455	74.8684	2.60364
1	121	74	129.693	80.1778	10.6644
1	121	74	120.221	76.5498	2.66622
1	121	74	123.008	74.9906	2.23925
1	121	74	120.608	74.4394	0.588756
1	121	74	120.913	73.4933	0.514094
1	121	74	121.337	74.746	0.818574
1	121	74	121.524	73.8826	0.537359
1	121	74	119.382	74.753	1.78463
1	121	74	121.336	74.6992	0.775728
1	121	74	121.265	75.5532	1.57563
1	121	74	119.419	73.3345	1.71543
1	121	74	121.686	75.4816	1.63295
1	121	74	136.927	85.3942	19.5833
1	121	74	115.917	83.5053	10.7788
1	121	74	92.5486	55.7537	33.7995
1	121	74	129.775	80.0856	10.679
1	121	74	120.532	74.2088	0.512487
1	121	74	121.372	74.8991	0.972841
1	121	74	123.027	73.601	2.0659
1	121	74	122.586	73.8577	1.59227
1	121	74	109.069	95.7936	24.8456
1	121	74	122.305	74.3761	1.35833
1	121	74	119.585	73.9525	1.4158
1	121	74	127.125	77.9913	7.31087
1	121	74	120.434	73.5489	0.723824
1	121	74	122.422	75.1075	1.80277
1	121	74	123.482	73.8869	2.48478
1	121	74	121.568	75.8462	1.93171
1	121	74	120.016	75.3241	1.64997
1	121	74	122.671	75.7628	2.4292
1	121	74	120.603	75.7808	1.82448
1	121	74	120.675	74.8825	0.940476
1	121	74	121.32	75.481	1.51512
1	121	74	108.287	96.0461	25.4489
1	121	74	119.498	74.4624	1.5719
1	121	74	122.918	77.6426	4.11657
1	121	74	122.554	74.3548	1.59378
1	121	74	120.858	73.8537	0.204126
1	121	74	121.696	73.78	0.729691
1	121	74	122.789	74.9346	2.01823
1	121	74	109.792	69.5876	12.0455
1	121	74	119.802	74.3849	1.25798
1	121	74	120.12	73.7103	0.926081
1	121	74	121.37	76.8847	2.90825
1	121	74	121.847	74.8088	1.1709
1	121	74	122.694	74.8656	1.90242
1	121	74	120.207	73.4783	0.949378
1	121	74	120.142	74.3461	0.925401
1	121	74	120.279	74.7715	1.05569
1	121	74	118.712	80.1208	6.5346
1	121	74	122.027	75.5543	1.86287
1	121	74	121.82	75.0469	1.33006
1	121	74	122.133	73.4139	1.27579
1	121	74	119.252	73.7518	1.76553
1	121	74	121.997	75.6028	1.88784
1	121	74	108.667	97.3197	26.3803
1	121	74	120.753	77.2456	3.255
1	121	74	119.699	75.4259	1.93002
1	121	74	121.456	73.8483	0.481014
1	121	74	120.918	74.0551	0.0984555
1	121	74	121.144	74.8163	0.828914
1	121	74	119.697	74.129	1.30909
1	121	74	122.88	75.2149	2.23855
1	121	74	107.704	96.8616	26.4471
1	121	74	121.871	75.0462	1.3612
1	121	74	122.177	74.0581	1.17828
1	121	74	121.096	73.0586	0.946343
1	121	74	122.353	73.818	1.36517
1	121	74	122.747	75.9744	2.63627
1	121	74	121.395	74.5902	0.710135
1	121	74	121.9	75.021	1.36102
1	121	74	121.901	73.9505	0.902849
1	121	74	119.912	75.4028	1.77498
1	121	74	120.772	74.9991	1.02476
1	121	74	120.77	74.0381	0.233357
1	121	74	121.218	73.0347	0.989662
1	121	74	123.014	74.6067	2.10312
1	121	74	122.573	75.7287	2.33704
1	121	74	121.579	73.2776	0.926109
1	121	74	121.2	75.5358	1.54887
1	121	74	119.929	72.7997	1.60837
1	121	74	119.419	73.6304	1.62368
1	121	74	106.221	89.9032	21.7098
1	121	74	120.475	73.7089	0.600314
1	121	74	108.238	94.2059	23.8986
1	121	74	123.133	74.2707	2.15019
1	121	74	121.646	75.5523	1.68143
1	121	74	121.225	74.0719	0.235957
1	121	74	134.777	85.1918	17.7496
1	121	74	120.068	74.7286	1.18334
1	121	74	119.365	75.2162	2.03772
1	121	74	91.9454	63.4772	30.9014
1	121	74	120.604	73.8084	0.439817
1	121	74	122.095	75.3345	1.72654
1	121	74	119.989	75.8216	2.08337
1	121	74	120.652	73.2537	0.823327
1	121	74	106.74	92.6824	23.5028
1	121	74	118.86	75.1264	2.4184
1	121	74	121.299	76.3473	2.36628
1	121	74	120.298	75.2696	1.45058
1	121	74	120.972	74.3686	0.369692
1	121	74	121.64	75.2936	1.44335
1	121	74	122.099	75.0819	1.54219
1	121	74	121.797	75.1519	1.40088
1	121	74	120.983	72.8733	1.12679
1	121	74	121.102	75.8142	1.81707
1	121	74	93.2533	97.4367	36.3202
1	121	74	119.335	74.2862	1.68943
1	121	74	120.863	73.375	0.639754
1	121	74	119.939	74.5241	1.18302
1	121	74	120.835	74.9886	1.00222
1	121	74	105.009	93.1468	24.9461
1	121	74	127.106	76.6144	6.64211
1	121	74	121.602	74.7534	0.964081
1	121	74	120.336	75.5795	1.7135
1	121	74	108.702	97.4838	26.5089
1	121	74	107.252	93.7405	24.0558
1	121	74	121.087	75.1246	1.12797
1	121	74	120.723	73.2865	0.765486
1	121	74	121.264	73.9309	0.272924
1	121	74	121.444	74.4002	0.59772
1	121	74	122.135	76.6081	2.84454
1	121	74	109.345	97.3799	26.1239
1	121	74	122.531	74.3392	1.5678
1	121	74	121.044	75.1216	1.12245
1	121	74	123.056	73.6971	2.07836
1	121	74	120.795	74.5209	0.559882
1	121	74	122.475	74.6969	1.6315
1	121	74	121.906	73.59	0.99465
1	121	74	137.371	85.3919	19.9448
1	121	74	139.894	89.8248	24.6459
1	121	74	120.697	73.8452	0.340315
1	121	74	108.079	95.898	25.4257
1	121	74	122.189	77.5521	3.746
1	121	74	119.368	75.6009	2.28612
1	121	74	120.404	73.574	0.732653
1	121	74	121.986	75.303	1.63404
1	121	74	120.164	74.0989	0.841662
1	121	74	122.2	77.1705	3.38995
1	121	74	121.744	74.1213	0.753372
1	121	74	103.128	97.4388	29.4752
1	121	74	126.482	79.4543	7.73339
1	121	74	120.238	73.5482	0.886168
1	121	74	119.551	74.2269	1.467
1	121	74	122.086	75.153	1.58407
1	121	74	120.107	75.595	1.82791
1	121	74	120.497	75.8743	1.94071
1	121	74	121.785	73.996	0.785431
1	121	74	121.915	75.2888	1.58069
1	121	74	107.99	97.4834	26.8464
1	121	74	122.387	74.4788	1.46699
1	121	74	120.721	74.2581	0.379968
1	121	74	122.532	74.1301	1.53796
1	121	74	121.327	73.696	0.446564
1	121	74	105.14	94.0945	25.5993
1	121	74	122.149	72.9488	1.55765
1	121	74	122.476	73.6218	1.52409
1	121	74	120.271	74.8786	1.14152
1	121	74	121.857	73.8311	0.873019
1	121	74	121.365	75.7757	1.81272
1	121	74	120.132	75.0172	1.33739
1	121	74	121.353	71.9932	2.03752
1	121	74	122.101	75.6301	1.96711
1	121	74	122.212	75.0574	1.60832
1	121	74	120.101	75.7039	1.92648
1	121	74	122.648	74.7498	1.81076
1	121	74	121.478	76.4431	2.48944
1	121	74	118.122	73.0688	3.02499
1	121	74	121.87	74.5568	1.03323
1	121	74	121.283	73.6563	0.445485
1	121	74	119.115	73.9052	1.88777
1	121	74	121.371	75.1005	1.16133
1	121	74	120.685	74.6107	0.686962
1	121	74	122.683	74.6141	1.7912
1	121	74	105.989	93.3669	24.5035
1	121	74	120.584	74.4233	0.593345
1	121	74	119.747	73.6223	1.30853
1	121	74	120.187	74.4333	0.921085
1	121	74	121.121	73.3654	0.646133
1	121	74	120.263	75.1004	1.32423
1	121	74	120.161	74.4087	0.93296
1	121	74	99.9119	97.4381	31.5286
1	121	74	120.143	73.8632	0.867651
1	121	74	118.949	75.5761	2.58661
1	121	74	119.993	73.2755	1.24032
1	121	74	121.001	73.8444	0.155627
1	121	74	120.456	75.1614	1.28256
1	121	74	121.228	73.0031	1.02274
1	121	74	109.014	95.9728	25.0294
1	121	74	122.328	77.2224	3.48545
1	121	74	121.026	77.3886	3.38871
1	121	74	119.403	74.0211	1.59744
1	121	74	120.688	75.787	1.81407
1	121	74	121.205	74.3437	0.400342
1	121	74	120.95	75.6571	1.6578
1	121	74	121.907	74.0159	0.907615
1	121	74	120.913	75.6352	1.63751
1	121	74	121.653	74.5348	0.84417
1	121	74	120.283	75.2699	1.4586
1	121	74	120.19	73.9794	0.810689
1	121	74	121.328	73.2123	0.853401
1	121	74	120.308	74.8109	1.0661
1	121	74	107.263	94.8587	24.976
1	121	74	120.51	75.389	1.47294
1	121	74	121.01	74.2888	0.28894
1	121	74	121.868	74.2802	0.911915
1	121	74	120.193	73.5838	0.908
1	121	74	120.387	75.4435	1.56842
1	121	74	108.279	93.311	23.1244
1	121	74	120.301	80.0395	6.07977
1	121	74	122.151	74.2963	1.1883
1	121	74	120.472	73.6987	0.608254
1	121	74	121.357	75.0284	1.08872
1	121	74	122.329	76.1324	2.51256
1	121	74	121.836	73.825	0.853665
1	121	74	120.558	75.497	1.56102
1	121	74	119.196	75.3434	2.24905
1	121	74	129.353	81.2258	11.0443
1	121	74	120.979	74.109	0.111119
1	121	74	119.935	76.2048	2.44847
1	121	74	120.312	75.1157	1.31078
1	121	74	120.333	75.5253	1.66465
1	121	74	118.959	74.4054	2.08132
1	121	74	121.54	74.4476	0.701469
1	121	74	122.198	74.4456	1.27835
1	121	74	120.261	74.602	0.952767
1	121	74	120.331	74.5498	0.865857
1	121	74	122.796	74.7584	1.94949
1	121	74	120.839	73.775	0.276693
1	121	74	119.686	74.763	1.51934
1	121	74	120.384	74.7509	0.971133
1	121	74	122.078	75.1161	1.55168
1	121	74	122.919	74.8887	2.11515
1	121	74	121.006	74.5914	0.59142
1	121	74	106.399	94.984	25.5639
1	121	74	121.741	75.7582	1.90806
1	121	74	120.237	74.5171	0.921624
1	121	74	120.796	72.833	1.18476
1	121	74	121.372	75.4221	1.46998
1	121	74	123.09	74.2682	2.1075
1	121	74	121.556	76.4757	2.53738
1	121	74	119.379	73.916	1.62329
1	121	74	122.726	74.0641	1.72721
1	121	74	118.497	77.3684	4.1968
1	121	74	108.033	95.8916	25.4435
1	121	74	121.062	75.2907	1.29217
1	121	74	119.467	75.2401	1.97164
1	121	74	104.544	91.7312	24.1909
1	121	74	119.847	75.6489	2.01221
1	121	74	125.819	76.481	5.42044
1	121	74	121.03	73.7101	0.291439
1	121	74	118.894	75.1893	2.41875
1	121	74	119.894	73.9742	1.10665
1	121	74	119.802	75.9402	2.28014
1	121	74	122.226	75.4825	1.92352
1	121	74	121.745	75.4242	1.60708
1	121	74	120.065	74.1362	0.945033
1	121	74	103.611	90.0673	23.6756
1	121	74	122.423	73.1659	1.64911
1	121	74	121.589	74.3136	0.66753
1	121	74	107.041	97.4029	27.2499
1	121	74	122.174	75.547	1.94193
1	121	74	120.494	74.9725	1.09643
1	121	74	120.113	74.1028	0.893366
1	121	74	121.303	75.0471	1.09001
1	121	74	122.113	74.8761	1.41664
1	121	74	122.146	74.2893	1.18218
1	121	74	98.3605	80.6857	23.6061
1	121	74	121.32	77.12	3.13645
1	121	74	111.017	93.1604	21.605
1	121	74	120.141	75.7824	1.97883
1	121	74	100.288	80.1366	21.6019
1	121	74	121.553	72.8814	1.24785
1	121	74	93.8637	58.5667	31.218
1	121	74	134.171	84.9074	17.1009
1	121	74	121.727	75.3622	1.54386
1	121	74	120.184	76.2473	2.3908
1	121	74	121.655	73.811	0.681684
1	121	74	110.185	68.5661	12.1033
1	121	74	122.189	74.4048	1.256
1	121	74	119.668	76.0308	2.42876
1	121	74	121.187	74.7997	0.821314
1	121	74	120.786	73.292	0.739593
1	121	74	108.309	96.7911	26.0862
1	121	74	120.722	74.5685	0.632672
1	121	74	111.258	93.3934	21.7027
1	121	74	119.74	73.4767	1.36393
1	121	74	99.6276	97.4381	31.7195
1	121	74	120.06	74.0392	0.940491
1	121	74	121.287	74.7661	0.818068
1	121	74	121.012	75.9628	1.96279
1	121	74	120.914	73.3919	0.614239
1	121	74	120.56	75.5894	1.64921
1	121	74	121.677	73.7255	0.730363
1	121	74	121.652	74.5406	0.846771
1	121	74	119.585	73.9943	1.41502
1	121	74	122.124	75.7858	2.11003
1	121	74	121.271	72.7013	1.32676
1	121	74	121.21	74.309	0.373369
1	121	74	120.677	75.0809	1.12819
1	121	74	118.629	74.9514	2.55485
1	121	74	121.634	73.2523	0.980496
1	121	74	121.14	74.5083	0.527354
1	121	74	122.272	73.5775	1.3401
1	121	74	120.926	75.2396	1.24182
1	121	74	117.747	71.8099	3.9216
1	121	74	120.091	75.0837	1.41439
1	121	74	121.1	73.9863	0.100485
1	121	74	105.934	93.391	24.5558
1	121	74	121.301	74.0456	0.304584
1	121	74	120.853	75.5743	1.58119
1	121	74	121.924	75.6498	1.89099
1	121	74	120.279	76.4477	2.55158
1	121	74	120.115	74.3712	0.960112
1	121	74	122.062	74.2044	1.0817
1	121	74	101.566	84.1808	21.939
1	121	74	122.165	76.103	2.40424
1	121	74	120.75	74.7907	0.829177
1	121	74	105.846	97.4394	27.9116
1	121	74	94.8101	97.4371	35.1455
1	121	74	121.781	72.8202	1.41481
1	121	74	121.574	76.4534	2.51966
1	121	74	124.769	75.5905	4.09061
1	121	74	121.74	75.6712	1.82763
1	121	74	122.282	74.61	1.41998
1	121	74	120.339	76.0532	2.15693
1	121	74	120.244	73.9872	0.756449
1	121	74	120.665	75.2009	1.24677
1	121	74	122.209	72.9781	1.58311
1	121	74	121.822	74.9191	1.23316
1	121	74	119.842	75.0048	1.53325
1	121	74	120.776	73.4361	0.606894
1	121	74	120.468	74.7714	0.937029
1	121	74	107.881	97.4167	26.841
1	121	74	118.855	74.8552	2.3092
1	121	74	105.132	93.7697	25.3499
1	121	74	122.361	73.8661	1.36752
1	121	74	108.541	97.3191	26.4388
1	121	74	118.91	75.0508	2.33893
1	121	74	121.757	76.1734	2.3016
1	121	74	120.734	74.6069	0.662536
1	121	74	121.963	75.8464	2.08224
1	121	74	120.211	73.1955	1.12655
1	121	74	120.535	75.307	1.3872
1	121	74	134.122	85.0785	17.1731
1	121	74	121.669	74.3466	0.753395
1	121	74	119.778	73.2318	1.44353
1	121	74	121.677	72.5443	1.60562
1	121	74	121.398	75.2927	1.35272
1	121	74	120.405	74.4013	0.71736
1	121	74	120.822	75.5082	1.51867
1	121	74	119.713	74.1236	1.29267
1	121	74	122.945	74.5998	2.035
1	121	74	120.738	74.4052	0.482313
1	121	74	121.835	75.4793	1.69842
1	121	74	121.52	75.6361	1.7167
1	121	74	123.118	75.1805	2.42446
1	121	74	119.898	74.8421	1.38698
1	121	74	121.402	74.8502	0.940315
1	121	74	122.353	73.3582	1.49738
1	121	74	122.119	75.5588	1.91858
1	121	74	122.168	74.7924	1.4117
1	121	74	120.883	76.669	2.67155
1	121	74	121.32	75.7559	1.78488
1	121	74	122.307	73.8824	1.31208
1	121	74	122.676	73.8609	1.68206
1	121	74	138.715	85.3731	21.0515
1	121	74	122.272	74.1268	1.27833
1	121	74	120.705	75.902	1.92469
1	121	74	120.704	75.8172	1.84117
1	121	74	107.539	97.3509	26.9529
1	121	74	121.293	75.525	1.55294
1	121	74	120.684	74.2694	0.415063
1	121	74	120.252	74.6095	0.965027
1	121	74	121.665	75.6408	1.77046
1	121	74	121.824	74.1395	0.835815
1	121	74	130.482	81.3496	11.9968
1	121	74	122.78	74.0203	1.78051
1	121	74	120.762	74.5372	0.587583
1	121	74	123.006	77.3022	3.86394
1	121	74	121.078	75.191	1.19357
1	121	74	120.094	75.3734	1.64521
1	121	74	121.51	74.0836	0.516355
1	121	74	122.217	74.4336	1.29221
1	121	74	124.449	78.2215	5.45104
1	121	74	119.443	74.0005	1.5573
1	121	74	135.788	84.4542	18.1098
1	121	74	120.343	74.478	0.812765
1	121	74	120.09	75.19	1.4983
1	121	74	121.764	75.4357	1.62644
1	121	74	121.699	73.7949	0.728238
1	121	74	119.973	73.1772	1.31617
1	121	74	120.925	73.2494	0.754383
1	121	74	122.127	73.5146	1.22714
1	121	74	120.704	74.7786	0.832863
1	121	74	119.863	74.5998	1.28525
1	121	74	122.075	75.6456	1.96543
1	121	74	120.65	75.6883	1.72415
1	121	74	120.515	74.4643	0.671173
1	121	74	120.372	75.6134	1.73141
1	121	74	121.226	74.3361	0.404804
1	121	74	120.835	74.6774	0.697202
1	121	74	118.234	82.497	8.93584
1	121	74	121.044	76.2304	2.23084
1	121	74	119.43	74.6734	1.7087
1	121	74	122.895	74.4014	1.93738
1	121	74	119.708	75.8491	2.25582
1	121	74	121.625	74.7008	0.939275
1	121	74	120.66	75.6372	1.67219
1	121	74	107.576	95.8804	25.6702
1	121	74	121.608	76.1546	2.23871
1	121	74	120.644	73.2502	0.830098
1	121	74	128.341	80.7571	9.97777
1	121	74	123.237	75.097	2.49135
1	121	74	122.375	75.8743	2.32477
1	121	74	100.374	97.4382	31.2217
1	121	74	120.296	76.1061	2.22075
1	121	74	121.994	74.6056	1.16411
1	121	74	109.079	97.0353	25.9372
1	121	74	121.676	76.5505	2.6386
1	121	74	120.163	73.7774	0.866348
1	121	74	121.764	74.6591	1.00914
1	121	74	138.739	85.8042	21.3076
1	121	74	119.741	73.2995	1.4408
1	121	74	120.004	75.7752	2.03564
1	121	74	121.734	76.3128	2.42637
1	121	74	136.639	84.5713	18.8764
1	121	74	121.477	74.265	0.545533
1	121	74	122.836	74.9747	2.07831
1	121	74	121.856	74.4658	0.974519
1	121	74	123.351	74.01	2.35136
1	121	74	119.861	73.5609	1.2207
1	121	74	120.178	73.9718	0.82213
1	121	74	120.943	74.9875	0.989135
1	121	74	118.441	75.2803	2.86138
1	121	74	120.842	73.0308	0.982038
1	121	74	116.505	82.7048	9.79695
1	121	74	121.081	77.2173	3.21832
1	121	74	121.037	73.9289	0.0800399
1	121	74	121.079	75.7939	1.79561
1	121	74	120.645	75.8292	1.86328
1	121	74	114.336	83.6714	11.7448
1	121	74	120.649	74.6436	0.733169
1	121	74	118.519	75.3236	2.81189
1	121	74	121.758	74.6003	0.96705
1	121	74	125.232	75.8841	4.63289
1	121	74	119.96	75.2576	1.63176
1	121	74	119.054	74.0999	1.94832
1	121	74	120.071	75.3955	1.67621
1	121	74	120.458	72.8276	1.29166
1	121	74	120.124	73.2786	1.13475
1	121	74	119.797	74.9027	1.50379
1	121	74	119.536	73.6176	1.51279
1	121	74	119.557	75.8758	2.36639
1	121	74	123.052	75.0204	2.29171
1	121	74	121.577	74.7058	0.91179
1	121	74	120.368	76.2982	2.38359
1	121	74	122.254	73.1852	1.49563
1	121	74	120.946	75.5035	1.5045
1	121	74	122.903	74.3853	1.94145
1	121	74	121.836	74.6646	1.06831
1	121	74	120.174	75.1176	1.38945
1	121	74	122.012	74.5645	1.15844
1	121	74	118.902	75.4601	2.55592
1	121	74	120.222	74.7342	1.0696
1	121	74	119.297	73.9351	1.7047
1	121	74	109.347	97.4142	26.1538
1	121	74	120.288	75.8474	1.97995
1	121	74	121.88	73.7321	0.919678
1	121	74	135.019	85.4373	18.0928
1	121	74	102.497	84.3391	21.196
1	121	74	121.781	75.6231	1.80138
1	121	74	121.582	73.9395	0.58483
1	121	74	121.829	73.8508	0.8426
1	121	74	120.228	73.3532	1.00674
1	121	74	120.39	75.0147	1.18381
1	121	74	108.53	93.7266	23.3375
1	121	74	101.647	97.4385	30.3959
1	121	74	121.641	75.8569	1.96432
1	121	74	121.145	73.5984	0.426827
1	121	74	121.031	72.3369	1.66342
1	121	74	122.071	76.0923	2.35025
1	121	74	120.352	74.6264	0.901531
1	121	74	119.675	73.2157	1.54003
1	121	74	121.983	74.9016	1.33372
1	121	74	121.168	74.5996	0.622836
1	121	74	120.147	75.7366	1.93494
1	121	74	120.334	73.4716	0.850528
1	121	74	121.899	74.3035	0.949194
1	121	74	131.475	80.5622	12.3604
1	121	74	127.53	77.3772	7.35156
1	121	74	120.277	73.6449	0.805229
1	121	74	121.901	75.6829	1.90907
1	121	74	121.671	72.598	1.55411
1	121	74	121.295	74.8728	0.921255
1	121	74	121.397	75.9344	1.97469
1	121	74	122.826	75.0466	2.10469
1	121	74	96.265	97.4374	34.0754
1	121	74	122.817	74.7464	1.96405
1	121	74	121.651	74.3984	0.763413
1	121	74	120.36	74.6495	0.912171
1	121	74	121.208	73.5042	0.537741
1	121	74	122.272	76.1381	2.48781
1	121	74	120.267	72.8125	1.39532
1	121	74	120.963	72.9734	1.02724
1	121	74	120.265	73.317	1.00311
1	121	74	122.073	75.6954	2.00646
1	121	74	122.893	75.4506	2.38498
1	121	74	120.883	74.8499	0.857885
1	121	74	120.21	75.2881	1.51088
1	121	74	120.176	75.6859	1.87628
1	121	74	120.848	76.2914	2.29647
1	121	74	122.376	75.085	1.75205
1	121	74	118.054	74.8265	3.05978
1	121	74	121.686	74.2533	0.73165
1	121	74	120.777	74.2543	0.338162
1	121	74	122.273	75.0957	1.67984
1	121	74	107.652	94.5972	24.544
1	121	74	120.598	73.4412	0.688638
1	121	74	120.73	75.0808	1.1139
1	121	74	119.737	74.7818	1.48521
1	121	74	108.184	95.809	25.296
1	121	74	120.23	73.9689	0.770865
1	121	74	118.572	72.242	2.99787
1	121	74	120.241	75.0398	1.28722
1	121	74	120.304	75.6808	1.81911
1	121	74	122.068	74.2148	1.08946
1	121	74	120.22	75.8435	2.00178
1	121	74	120.794	73.1096	0.913982
1	121	74	120.82	74.8391	0.858235
1	121	74	121.375	74.9671	1.03744
1	121	74	121.305	73.0682	0.980529
1	121	74	119.739	73.1037	1.54705
1	121	74	122.718	74.9397	1.95844
1	121	74	121.365	76.0364	2.06888
1	121	74	122.518	75.0047	1.82006
1	121	74	117.117	75.0359	4.01845
1	121	74	121.221	76.9223	2.93063
1	121	74	109.9	69.0811	12.1413
1	121	74	121.255	74.0428	0.258079
1	121	74	121.547	72.5663	1.53449
1	121	74	121.183	75.7278	1.73746
1	121	74	136.163	84.4971	18.4419
1	121	74	120.188	75.4634	1.67341
1	121	74	120.562	75.4628	1.5269
1	121	74	118.158	73.716	2.85662
1	121	74	105.967	91.4753	23.0517
1	121	74	121.687	74.5313	0.868281
1	121	74	122.496	75.912	2.42738
1	121	74	120.277	72.889	1.32557
1	121	74	119.648	75.6661	2.14592
1	121	74	121.626	76.1265	2.21686
1	121	74	106.725	93.2684	23.9799
1	121	74	120.968	78.8377	4.83777
1	121	74	120.721	74.4583	0.536619
1	121	74	120.231	74.741	1.06802
1	121	74	105.233	97.4392	28.2488
1	121	74	121.951	73.222	1.22832
1	121	74	105.776	97.4393	27.9494
1	121	74	121.459	73.0549	1.05052
1	121	74	121.108	73.6916	0.326894
1	121	74	120.365	75.612	1.73242
1	121	74	119.591	73.6026	1.46378
1	121	74	135.031	85.2456	17.9815
1	121	74	107.172	94.5616	24.7791
1	121	74	123.478	74.3483	2.50206
1	121	74	120.77	74.946	0.973647
1	121	74	122.822	74.0624	1.82288
1	121	74	121.348	73.2497	0.8271
1	121	74	123.161	73.2777	2.27889
1	121	74	135.169	83.1757	16.8807
1	121	74	120.137	75.6196	1.83526
1	121	74	103.226	97.4388	29.416
1	121	74	126.574	76.243	6.00795
1	121	74	121.585	73.301	0.911749
1	121	74	109.124	96.6052	25.5349
1	121	74	120.777	73.9812	0.223488
1	121	74	120.964	75.6167	1.61713
1	121	74	120.327	73.4632	0.860804
1	121	74	120.386	74.5232	0.806709
1	121	74	120.246	74.7665	1.0753
1	121	74	119.318	73.9608	1.68259
1	121	74	120.279	74.0853	0.726172
1	121	74	121.631	73.7613	0.674748
1	121	74	121.734	75.3987	1.57954
1	121	74	122.489	74.5541	1.58833
1	121	74	122.042	75.0066	1.44852
1	121	74	119.29	75.48	2.26133
1	121	74	101.797	97.4385	30.3004
1	121	74	122.017	74.4629	1.11703
1	121	74	116.667	82.7124	9.7303
1	121	74	122.381	73.6568	1.42323
1	121	74	122.191	75.9731	2.30456
1	121	74	123.156	74.6518	2.25222
1	121	74	121.474	74.6012	0.765867
1	121	74	119.156	75.4018	2.31608
1	121	74	121.601	74.9782	1.14833
1	121	74	120.883	73.9437	0.129491
1	121	74	122.854	74.4414	1.90598
1	121	74	121.176	74.9445	0.960772
1	121	74	121.214	75.9015	1.91345
1	121	74	121.648	74.5373	0.841824
