1	121	74	117.615	77.7825	5.07581
1	121	74	128.731	78.6994	9.04737
1	121	74	128.378	73.4103	7.40156
1	121	74	129.999	72.4926	9.12414
1	121	74	119.44	76.4449	2.90025
1	121	74	125.224	78.0711	5.86642
1	121	74	142.056	83.2408	22.9942
1	121	74	142.192	85.443	24.0843
1	121	74	139.101	84.069	20.7129
1	121	74	113.103	85.6499	14.0742
1	121	74	118.207	86.9353	13.2334
1	121	74	105.52	70.5461	15.8606
1	121	74	136.169	80.575	16.5331
1	121	74	125.872	80.7432	8.31901
1	121	74	116.419	77.393	5.70058
1	121	74	117.919	77.3194	4.52901
1	121	74	119.763	73.1938	1.4765
1	121	74	124.245	80.4073	7.18202
1	121	74	114.823	82.4662	10.4801
1	121	74	134.622	78.2089	14.2571
1	121	74	137.546	81.0635	17.991
1	121	74	122.983	79.1693	5.53657
1	121	74	121.183	78.8666	4.86999
1	121	74	121.38	77.5601	3.5803
1	121	74	115.298	78.4758	7.24896
1	121	74	120.043	76.8135	2.97176
1	121	74	121.019	74.3653	0.365782
1	121	74	128.061	76.823	7.60406
1	121	74	122.789	74.3037	1.81508
1	121	74	121.202	80.5308	6.53396
1	121	74	125.937	75.6277	5.19817
1	121	74	118.323	76.3819	3.58319
1	121	74	120.839	71.251	2.75367
1	121	74	124.353	78.7887	5.84609
1	121	74	133.73	76.4795	12.9691
1	121	74	125.079	77.0924	5.11878
1	121	74	122.037	72.1388	2.1304
1	121	74	123.775	74.68	2.85701
1	121	74	123.076	78.3424	4.81315
1	121	74	124.115	85.9183	12.3186
1	121	74	120.446	76.4287	2.49101
1	121	74	119.846	72.132	2.19567
1	121	74	122.807	75.0812	2.10572
1	121	74	120.354	72.4695	1.66116
1	121	74	124.366	72.6748	3.61782
1	121	74	123.292	71.8364	3.15178
1	121	74	133.506	90.3196	20.5604
1	121	74	125.023	79.6366	6.92518
1	121	74	119.53	77.175	3.49896
1	121	74	124.59	72.9883	3.7302
1	121	74	123.184	71.2691	3.49707
1	121	74	118.612	76.107	3.18442
1	121	74	124.512	74.1317	3.5141
1	121	74	118.789	75.1839	2.50802
1	121	74	121.669	83.3293	9.35323
1	121	74	121.782	75.597	1.77825
1	121	74	117.421	88.56	14.9935
1	121	74	68.5241	11.4302	81.6621
1	121	74	122.516	75.1112	1.87995
1	121	74	133.172	78.7146	13.0531
1	121	74	122.08	70.2018	3.94872
1	121	74	119.65	72.7821	1.81791
1	121	74	60.1226	52.032	64.7198
1	121	74	126.365	80.1824	8.18586
1	121	74	134.835	84.2081	17.1934
1	121	74	124.086	72.0485	3.65164
1	121	74	119.732	72.208	2.19515
1	121	74	129.908	73.188	8.94495
1	121	74	121.457	81.0788	7.09348
1	121	74	122.289	70.7852	3.46344
1	121	74	126.717	76.1773	6.11711
1	121	74	108.864	94.8905	24.1597
1	121	74	124.68	74.6616	3.73898
1	121	74	121.529	74.9863	1.11898
1	121	74	121.555	82.7338	8.75144
1	121	74	121.863	72.1984	1.99743
1	121	74	120.863	78.6084	4.61041
1	121	74	135.024	80.0888	15.2887
1	121	74	127.455	73.5667	6.46955
1	121	74	126.188	69.7038	6.73557
1	121	74	118.12	80.2345	6.86757
1	121	74	122.083	79.4014	5.5089
1	121	74	121.261	76.8506	2.86254
1	121	74	141.955	85.5211	23.9134
1	121	74	121.842	72.7204	1.53167
1	121	74	122.366	74.774	1.56985
1	121	74	120.826	73.6747	0.368946
1	121	74	124.121	72.4792	3.47221
1	121	74	129.364	77.1954	8.95347
1	121	74	121.455	75.4135	1.48491
1	121	74	135.261	68.3123	15.3536
1	121	74	125.874	81.1827	8.6802
1	121	74	121.583	77.8507	3.89454
1	121	74	133.463	82.1611	14.8971
1	121	74	126.479	83.062	10.5896
1	121	74	117.343	75.5408	3.96865
1	121	74	117.718	81.4789	8.16737
1	121	74	118.162	74.4052	2.86724
1	121	74	115.706	80.2019	8.15396
1	121	74	125.245	75.0336	4.36868
1	121	74	125.514	76.9366	5.38532
1	121	74	122.354	75.35	1.91213
1	121	74	122.891	74.7519	2.03458
1	121	74	141.371	86.3527	23.8233
1	121	74	122.12	73.5456	1.20899
1	121	74	126.149	74.1644	5.15117
1	121	74	129.865	76.2441	9.145
1	121	74	120.21	86.4226	12.4477
1	121	74	119.742	74.8748	1.53225
1	121	74	110.127	97.3125	25.7236
1	121	74	116.068	97.1293	23.6492
1	121	74	121.438	79.3446	5.36246
1	121	74	122.509	89.0042	15.0799
1	121	74	125.492	78.2494	6.18334
1	121	74	110.88	90.853	19.6583
1	121	74	127.309	78.5984	7.80693
1	121	74	122.556	78.7312	4.98039
1	121	74	126.21	75.8895	5.54229
1	121	74	133.987	83.8145	16.2787
1	121	74	125.681	73.7436	4.68795
1	121	74	123.296	83.07	9.35599
1	121	74	119.123	74.1149	1.88056
1	121	74	141.644	85.6052	23.6827
1	121	74	117.842	77.4302	4.66268
1	121	74	120.966	75.4406	1.44103
1	121	74	119.03	75.9233	2.75313
1	121	74	117.567	74.5323	3.4737
1	121	74	127.474	76.1085	6.8087
1	121	74	93.3918	97.4368	36.2146
1	121	74	120.807	76.2197	2.22803
1	121	74	125.838	77.7008	6.09094
1	121	74	123.165	74.3927	2.20039
1	121	74	126.779	73.449	5.80523
1	121	74	141.592	86.2691	23.9696
1	121	74	118.834	75.6487	2.72173
1	121	74	118.561	76.7926	3.70781
1	121	74	117.402	76.3187	4.28007
1	121	74	124.516	83.2589	9.90405
1	121	74	119.001	87.3909	13.5394
1	121	74	134.425	77.8409	13.9637
1	121	74	120.328	71.004	3.07044
1	121	74	119.867	73.9956	1.13278
1	121	74	119.742	83.3744	9.4584
1	121	74	127.178	79.6531	8.37402
1	121	74	125.803	82.5644	9.81923
1	121	74	119.644	75.6862	2.16395
1	121	74	101.38	97.4384	30.5664
1	121	74	120.659	79.3275	5.33842
1	121	74	126.154	74.7088	5.20263
1	121	74	120.244	70.5821	3.50054
1	121	74	122.486	76.0212	2.50884
1	121	74	126.636	74.9044	5.70787
1	121	74	126.363	73.4089	5.39558
1	121	74	141.622	83.1875	22.5762
1	121	74	118.467	81.9148	8.3103
1	121	74	124.598	76.8356	4.58126
1	121	74	119.085	74.9713	2.14724
1	121	74	120.973	82.7964	8.79644
1	121	74	125.526	75.214	4.68609
1	121	74	124.659	80.6289	7.5717
1	121	74	126.532	74.3244	5.54115
1	121	74	117.743	75.0521	3.42291
1	121	74	124.803	71.9866	4.3031
1	121	74	124.885	79.0517	6.37272
1	121	74	133.753	78.3845	13.4858
1	121	74	119.962	70.5985	3.55647
1	121	74	120.039	75.234	1.56409
1	121	74	138.175	82.6501	19.2299
1	121	74	115.121	75.85	6.16368
1	121	74	123.574	77.3288	4.20814
1	121	74	118.341	80.6402	7.15283
1	121	74	119.534	73.9048	1.46872
1	121	74	120.847	82.9159	8.91719
1	121	74	124.426	77.5644	4.94373
1	121	74	120.215	72.7929	1.43984
1	121	74	125.022	79.9238	7.16021
1	121	74	142.191	84.3544	23.5852
1	121	74	126.408	77.6499	6.52471
1	121	74	121.091	82.4622	8.46268
1	121	74	127.794	78.8887	8.37008
1	121	74	136.303	76.3262	15.4785
1	121	74	120.195	75.4444	1.6534
1	121	74	104.247	93.9475	26.0496
1	121	74	118.924	75.0176	2.31168
1	121	74	122.756	76.4295	2.9976
1	121	74	118.452	79.9478	6.47069
1	121	74	121.467	79.7743	5.79318
1	121	74	111.82	96.8105	24.5885
1	121	74	122.063	84.5112	10.5648
1	121	74	126.154	78.1244	6.60118
1	121	74	126.823	74.3319	5.83235
1	121	74	122.438	76.8611	3.20225
1	121	74	127.14	74.4807	6.15853
1	121	74	120.384	73.9824	0.616552
1	121	74	141.255	86.4898	23.796
1	121	74	121.75	81.8401	7.87588
1	121	74	121.668	74.3155	0.738709
1	121	74	141.838	85.8946	23.9941
1	121	74	120.531	72.1945	1.8654
1	121	74	126.919	74.7026	5.96037
1	121	74	126.304	70.8779	6.15478
1	121	74	126.369	70.5169	6.39999
1	121	74	120.489	73.8056	0.546826
1	121	74	126.523	79.8603	8.05253
1	121	74	112.849	74.0681	8.15092
1	121	74	115.792	80.4975	8.32706
1	121	74	122.117	73.0326	1.47738
1	121	74	127.551	77.6414	7.49528
1	121	74	120.016	74.6913	1.2024
1	121	74	120.225	72.2563	1.90813
1	121	74	138.376	83.9696	20.0333
1	121	74	121.02	84.5642	10.5642
1	121	74	118.769	80.6108	6.97702
1	121	74	121.963	82.3553	8.41063
1	121	74	119.902	74.6176	1.25936
1	121	74	120.709	74.9417	0.985516
1	121	74	123.696	86.6298	12.9143
1	121	74	121.332	71.091	2.92785
1	121	74	111.855	89.0558	17.6158
1	121	74	126.057	76.6308	5.7001
1	121	74	120.753	76.8945	2.90509
1	121	74	123.775	72.1906	3.31285
1	121	74	119.593	73.1874	1.62516
1	121	74	125.592	77.5303	5.79224
1	121	74	45.7863	20.6932	92.1885
1	121	74	118.077	80.4753	7.10468
1	121	74	122.24	78.0827	4.26694
1	121	74	117.708	82.8628	9.45434
1	121	74	111.683	97.2689	25.0648
1	121	74	138.589	79.2211	18.3476
1	121	74	114.853	71.4589	6.65175
1	121	74	121.512	70.8958	3.14615
1	121	74	135.296	74.3879	14.3016
1	121	74	124.216	81.2523	7.93341
1	121	74	120.685	78.5099	4.52088
1	121	74	124.745	81.8115	8.66292
1	121	74	123.942	83.6999	10.1362
1	121	74	126.066	75.0088	5.16502
1	121	74	119.191	78.9309	5.25223
1	121	74	129.364	87.8695	16.1963
1	121	74	125.748	73.5226	4.77148
1	121	74	119.269	80.2734	6.50781
1	121	74	135.981	77.5532	15.3971
1	121	74	128.583	80.3213	9.87257
1	121	74	122.163	71.0896	3.13432
1	121	74	120.474	81.7034	7.72127
1	121	74	121.363	82.1479	8.15596
1	121	74	124.97	77.2339	5.12031
1	121	74	121.232	83.814	9.81678
1	121	74	142.19	84.184	23.5106
1	121	74	121.044	70.9835	3.01679
1	121	74	123.327	73.4823	2.38399
1	121	74	119.912	72.6906	1.70249
1	121	74	136.414	79.6219	16.4069
1	121	74	116.432	79.6701	7.28142
1	121	74	121.327	71.0848	2.93346
1	121	74	124.649	75.2321	3.85103
1	121	74	111.78	97.2652	25.0254
1	121	74	126.029	72.3005	5.30876
1	121	74	118.819	75.5735	2.6892
1	121	74	120.994	83.8075	9.80752
1	121	74	127.222	76.9642	6.8924
1	121	74	122.368	78.8568	5.04571
1	121	74	134.3	73.4411	13.3117
1	121	74	124.606	71.0082	4.68556
1	121	74	112.712	95.2552	22.8137
1	121	74	124.867	76.9766	4.87983
1	121	74	121.811	73.8982	0.817562
1	121	74	118.494	75.5628	2.95346
1	121	74	141.136	86.3873	23.6411
1	121	74	106.924	96.7041	26.7134
1	121	74	116.671	78.3287	6.12218
1	121	74	133.461	72.3453	12.5708
1	121	74	123.805	84.0638	10.4474
1	121	74	128.45	76.8484	7.97606
1	121	74	140.382	76.6461	19.5619
1	121	74	118.85	73.3963	2.23329
1	121	74	119.257	73.0905	1.9657
1	121	74	126.512	76.6855	6.13121
1	121	74	121.636	73.0351	1.15584
1	121	74	140.25	85.8811	22.6216
1	121	74	122.285	77.1597	3.41113
1	121	74	125.783	76.6931	5.48946
1	121	74	140.763	82.8163	21.6408
1	121	74	126.27	77.9218	6.56953
1	121	74	120.636	82.0515	8.05971
1	121	74	122.901	79.2388	5.57294
1	121	74	141.721	85.9894	23.9395
1	121	74	111.181	97.1009	25.1011
1	121	74	110.296	93.3318	22.0972
1	121	74	119.848	73.7554	1.17736
1	121	74	116.872	77.7868	5.60199
1	121	74	141.248	86.5724	23.8339
1	121	74	117.75	76.4907	4.09437
1	121	74	114.765	86.7456	14.1887
1	121	74	127.107	70.2266	7.17909
1	121	74	129.214	72.0738	8.43671
1	121	74	127.182	76.2148	6.56718
1	121	74	120.637	70.448	3.5705
1	121	74	109.307	64.2525	15.2227
1	121	74	124.19	80.6473	7.37321
1	121	74	127.505	73.1704	6.5573
1	121	74	142.066	86.4273	24.4582
1	121	74	121.906	83.3346	9.37849
1	121	74	121.474	74.8722	0.992647
1	121	74	132.138	90.6588	20.0392
1	121	74	120.346	69.7817	4.26865
1	121	74	115.001	82.342	10.275
1	121	74	117.251	77.6242	5.21465
1	121	74	80.4248	51.7263	46.2868
1	121	74	122.769	72.1215	2.58021
1	121	74	118.644	75.9843	3.08035
1	121	74	124.444	73.6954	3.45696
1	121	74	125.491	75.1431	4.63459
1	121	74	111.973	96.0208	23.7992
1	121	74	117.598	77.3783	4.79423
1	121	74	117.204	78.0913	5.58119
1	121	74	128.747	78.5462	8.9822
1	121	74	124.988	78.4641	5.98584
1	121	74	113.919	76.0055	7.35933
1	121	74	135.245	89.3568	20.9464
1	121	74	113.553	97.4409	24.5955
1	121	74	123.035	77.0779	3.6898
1	121	74	133.376	77.1641	12.774
1	121	74	127.778	80.1714	9.16681
1	121	74	124.876	73.3905	3.92388
1	121	74	10.9342	31.2067	118.092
1	121	74	130.661	80.6732	11.7419
1	121	74	123.294	71.8693	3.13114
1	121	74	91.9774	59.5963	32.4002
1	121	74	110.976	62.4376	15.3025
1	121	74	125.879	79.1317	7.08118
1	121	74	123.079	70.0095	4.49943
1	121	74	128.959	72.6181	8.07828
1	121	74	124.853	76.3018	4.48817
1	121	74	121.758	76.9597	3.05511
1	121	74	126.681	74.5857	5.71126
1	121	74	123.756	79.7548	6.38067
1	121	74	127.737	79.6131	8.76901
1	121	74	124.393	78.9586	6.00851
1	121	74	138.188	79.9121	18.1765
1	121	74	120.76	85.4819	11.4844
1	121	74	122.256	77.1632	3.40327
1	121	74	118.239	76.2513	3.5623
1	121	74	123.91	78.6349	5.47259
1	121	74	126.686	79.0725	7.61968
1	121	74	123.264	80.2552	6.65233
1	121	74	132.858	90.6331	20.4274
1	121	74	119.656	76.135	2.52256
1	121	74	119.617	78.0135	4.24517
1	121	74	119.535	82.9094	9.02912
1	121	74	124.337	78.7132	5.7749
1	121	74	118.724	76.192	3.15982
1	121	74	125.107	72.8653	4.26108
1	121	74	130.679	91.3357	19.8548
1	121	74	130.118	72.8359	9.19192
1	121	74	117.714	80.0474	6.88259
1	121	74	123.334	75.6603	2.86426
1	121	74	124.576	73.0767	3.69295
1	121	74	124.392	73.1003	3.5093
1	121	74	131.395	75.6647	10.5278
1	121	74	106.613	97.3034	27.3866
1	121	74	123.403	71.5909	3.40255
1	121	74	120.964	74.9967	0.997353
1	121	74	128.688	74.2365	7.69146
1	121	74	126.322	80.5323	8.4256
1	121	74	127.569	79.055	8.28865
1	121	74	118.441	72.6963	2.87217
1	121	74	123.192	75.0707	2.43937
1	121	74	130.324	91.3719	19.716
1	121	74	115.496	76.2117	5.93134
1	121	74	124.812	80.8295	7.82154
1	121	74	124.381	85.3148	11.8091
1	121	74	123.117	77.9257	4.46008
1	121	74	133.466	77.7595	13.0206
1	121	74	120.519	72.0539	2.00471
1	121	74	139.042	84.1245	20.6889
1	121	74	125.467	78.5842	6.40054
1	121	74	128.12	76.5506	7.56294
1	121	74	130.453	75.7808	9.61938
1	121	74	115.01	81.0871	9.2792
1	121	74	117.966	83.1939	9.68159
1	121	74	131.476	90.8845	19.8706
1	121	74	124.64	77.3935	4.97633
1	121	74	129.993	74.116	8.99334
1	121	74	124.44	75.1593	3.63033
1	121	74	121.39	82.7659	8.77461
1	121	74	115.654	68.4186	7.72847
1	121	74	141.14	86.7324	23.8276
1	121	74	108.715	93.6784	23.198
1	121	74	118.425	75.395	2.92828
1	121	74	123.95	86.9774	13.3084
1	121	74	130.702	77.1449	10.1989
1	121	74	118.528	76.6406	3.61692
1	121	74	124.188	79.3978	6.26867
1	121	74	118.256	80.4339	6.99445
1	121	74	88.2828	66.2485	33.6229
1	121	74	121.638	67.8611	6.17195
1	121	74	117.536	77.6522	5.03391
1	121	74	122.471	77.789	4.06462
1	121	74	124.933	68.5124	6.75177
1	121	74	125.274	78.5911	6.27254
1	121	74	44.9761	21.0098	92.6693
1	121	74	123.566	76.5537	3.61983
1	121	74	126.273	77.8279	6.51562
1	121	74	114.443	81.8269	10.2105
1	121	74	45.0279	20.9885	92.6389
1	121	74	48.0984	19.7594	90.8663
1	121	74	120.317	74.7746	1.03278
1	121	74	114.153	76.2739	7.21466
1	121	74	140.908	86.7802	23.6572
1	121	74	125.629	79.5812	7.25136
1	121	74	110.969	90.3424	19.1755
1	121	74	118.847	71.9957	2.94148
1	121	74	123.789	75.119	3.00528
1	121	74	124.229	84.9454	11.4117
1	121	74	118.609	73.6595	2.41529
1	121	74	119.312	75.1819	2.06076
1	121	74	119.754	77.6956	3.90016
1	121	74	125.155	77.1348	5.20491
1	121	74	126.099	74.7553	5.15454
1	121	74	127.136	78.6206	7.68157
1	121	74	120.916	80.8164	6.81692
1	121	74	116.907	76.673	4.88838
1	121	74	121.398	74.3675	0.541659
1	121	74	120.585	76.2989	2.33603
1	121	74	123.294	77.2554	3.98225
1	121	74	118.258	76.563	3.75322
1	121	74	119.998	77.6432	3.77844
1	121	74	119.649	76.0463	2.45187
1	121	74	119.295	80.1042	6.33784
1	121	74	123.101	87.6097	13.7709
1	121	74	127.936	75.2648	7.05009
1	121	74	125.054	78.4637	6.02953
1	121	74	121.663	76.0196	2.12557
1	121	74	116.861	78.2193	5.91055
1	121	74	123.683	75.2908	2.97728
1	121	74	119.344	72.2848	2.384
1	121	74	126.073	73.7503	5.07916
1	121	74	128.66	76.0306	7.92447
1	121	74	128.039	74.1497	7.04023
1	121	74	125.363	78.5162	6.27981
1	121	74	125.25	76.2764	4.82134
1	121	74	142.189	83.4231	23.1902
1	121	74	122.626	72.1588	2.45609
1	121	74	120.537	79.8396	5.85786
1	121	74	121.195	74.8448	0.866922
1	121	74	121.209	75.4528	1.46784
1	121	74	123.996	73.6048	3.02163
1	121	74	127.267	71.5161	6.74146
1	121	74	117.518	77.093	4.65708
1	121	74	121.91	77.6864	3.79699
1	121	74	126.006	73.2497	5.06144
1	121	74	123.695	71.7458	3.51384
1	121	74	119.443	79.8348	6.03897
1	121	74	117.627	76.3585	4.11584
1	121	74	123.497	74.2641	2.51064
1	121	74	114.982	76.3859	6.47368
1	121	74	117.616	75.7231	3.79708
1	121	74	118.935	74.214	2.07635
1	121	74	123.974	74.97	3.12778
1	121	74	122.663	75.9226	2.54214
1	121	74	120.578	77.6095	3.63415
1	121	74	125.048	78.6803	6.18786
1	121	74	125.753	77.9575	6.1848
1	121	74	125.482	83.6857	10.6724
1	121	74	121.912	80.2332	6.29958
1	121	74	120.009	73.3327	1.19476
1	121	74	117.973	77.0608	4.30504
1	121	74	123.49	78.9942	5.5803
1	121	74	136.364	80.4468	16.6614
1	121	74	117.977	84.5941	11.0171
1	121	74	118.967	77.0871	3.69617
1	121	74	123.64	80.0124	6.56662
1	121	74	127.725	72.3543	6.92341
1	121	74	120.067	83.0362	9.08428
1	121	74	129.658	76.679	9.06339
1	121	74	122.321	74.1037	1.32499
1	121	74	121.867	74.3414	0.931691
1	121	74	121.823	75.9894	2.15282
1	121	74	122.816	86.995	13.1212
1	121	74	129.232	71.4172	8.62731
1	121	74	126.857	77.5421	6.84464
1	121	74	131.14	77.1139	10.6074
1	121	74	123.728	73.4928	2.77456
1	121	74	122.811	74.9206	2.03168
1	121	74	124.751	81.1913	8.11066
1	121	74	117.425	80.3285	7.26867
1	121	74	123.625	74.5024	2.67281
1	121	74	120.606	78.427	4.4445
1	121	74	141.178	78.4067	20.6539
1	121	74	124.658	76.9942	4.72685
1	121	74	127.074	73.9913	6.07441
1	121	74	126.452	78.6647	7.17492
1	121	74	119.343	76.1467	2.71172
1	121	74	119.92	74.7572	1.3186
1	121	74	125.08	77.6163	5.45176
1	121	74	120.26	74.2037	0.767175
1	121	74	117.717	76.0105	3.8497
1	121	74	120.438	84.0381	10.0538
1	121	74	120.561	79.0059	5.02514
1	121	74	127.604	79.3686	8.51068
1	121	74	135.54	78.849	15.3272
1	121	74	129.071	74.8776	8.11837
1	121	74	118.706	81.5826	7.92188
1	121	74	117.876	76.547	4.03084
1	121	74	123.419	80.9292	7.33946
1	121	74	130.543	87.9151	16.873
1	121	74	128.611	73.133	7.65984
1	121	74	119.613	81.7793	7.90201
1	121	74	130.129	75.2702	9.21647
1	121	74	133.728	78.4151	13.4718
1	121	74	120.896	72.0608	1.94203
1	121	74	108.365	64.333	15.909
1	121	74	126.549	76.5109	6.09046
1	121	74	122.592	75.193	1.98956
1	121	74	128.698	74.5397	7.71731
1	121	74	138.858	74.6391	17.8698
1	121	74	126.813	71.5687	6.30097
1	121	74	126.023	79.333	7.32612
1	121	74	125.088	75.6778	4.41884
1	121	74	116.917	78.5572	6.119
1	121	74	120.045	73.6322	1.0232
1	121	74	118.428	76.1233	3.33515
1	121	74	121.774	75.1485	1.38471
1	121	74	118.455	76.4649	3.54268
1	121	74	120.566	74.8016	0.911474
1	121	74	119.162	75.1607	2.17384
1	121	74	123.452	78.0645	4.74676
1	121	74	121.134	78.3719	4.37395
1	121	74	124.701	81.6334	8.48343
1	121	74	121.48	71.7934	2.25827
1	121	74	142.192	85.0205	23.8859
1	121	74	125.492	76.1657	4.98649
1	121	74	49.4552	19.2867	90.0677
1	121	74	124.481	80.7534	7.59774
1	121	74	121.371	73.4734	0.644445
1	121	74	128.906	70.9308	8.48059
1	121	74	128.74	72.6557	7.85579
1	121	74	118.76	76.7378	3.5371
1	121	74	121.024	77.0348	3.03488
1	121	74	116.835	95.4322	21.8332
1	121	74	140.987	85.0754	22.8502
1	121	74	129.602	75.0849	8.67017
1	121	74	141.252	85.4001	23.2404
1	121	74	123.026	77.0238	3.63955
1	121	74	118.643	74.7337	2.46811
1	121	74	141.899	83.1698	22.8223
1	121	74	127.301	80.3114	8.91862
1	121	74	121.468	74.6729	0.819438
1	121	74	142.192	85.3839	24.0562
1	121	74	121.297	72.8394	1.19807
1	121	74	120.987	75.1672	1.16726
1	121	74	123.632	71.5789	3.57629
1	121	74	116.765	76.1394	4.74457
1	121	74	126.552	77.8054	6.73135
1	121	74	118.097	75.7449	3.38704
1	121	74	132.609	73.413	11.6239
1	121	74	97.8904	93.6857	30.3575
1	121	74	124.573	70.7806	4.80943
1	121	74	110.785	71.2689	10.5742
1	121	74	65.6914	61.8404	56.6295
1	121	74	123.271	68.2014	6.22749
1	121	74	122.576	77.2866	3.64502
1	121	74	125.171	73.5467	4.19565
1	121	74	125.813	77.8955	6.19204
1	121	74	118.249	78.0745	4.91614
1	121	74	129.503	76.8389	8.96461
1	121	74	118.363	91.9352	18.1281
1	121	74	117.025	78.4317	5.95309
1	121	74	118.637	83.1376	9.43815
1	121	74	118.969	75.5793	2.5724
1	121	74	122.178	76.2623	2.55054
1	121	74	120.222	76.4215	2.54347
1	121	74	120.778	71.9017	2.10995
1	121	74	115.281	80.626	8.75292
1	121	74	116.91	78.4917	6.07452
1	121	74	116.416	75.5634	4.84316
1	121	74	121.062	71.9893	2.01167
1	121	74	69.2113	11.0875	81.4865
1	121	74	141.185	82.5361	21.9154
1	121	74	130.388	71.4588	9.72558
1	121	74	121.695	73.817	0.718617
1	121	74	123.389	79.604	6.09206
1	121	74	118.078	79.1598	5.92975
1	121	74	122.298	76.6087	2.91386
1	121	74	121.799	69.1671	4.89848
1	121	74	124.876	71.8919	4.41215
1	121	74	122.549	76.0492	2.569
1	121	74	121.164	75.1506	1.16225
1	121	74	117.262	76.3863	4.43489
1	121	74	122.904	77.6214	4.0912
1	121	74	127.918	76.7796	7.45578
1	121	74	119.383	76.0697	2.62641
1	121	74	117.508	80.58	7.44901
1	121	74	124.248	71.6566	4.0052
1	121	74	122.846	79.1955	5.51368
1	121	74	119.218	77.4984	3.92615
1	121	74	124.467	81.7485	8.48881
1	121	74	119.699	75.746	2.17754
1	121	74	122.105	78.4399	4.57529
1	121	74	124.666	76.4391	4.40304
1	121	74	49.7491	19.1251	89.933
1	121	74	124.966	73.7232	3.9754
1	121	74	115.631	79.7792	7.88854
1	121	74	119.482	72.2041	2.3515
1	121	74	121.8	77.8088	3.89194
1	121	74	122.417	77.8389	4.09214
1	121	74	120.008	79.5969	5.68421
1	121	74	125.758	78.3893	6.47361
1	121	74	118.473	75.6081	2.99521
1	121	74	125.863	73.4428	4.8953
1	121	74	126.592	81.9652	9.73228
1	121	74	141.485	86.0035	23.7427
1	121	74	99.5048	66.3161	22.8273
1	121	74	119.439	78.4622	4.72739
1	121	74	123.672	78.1744	4.95636
1	121	74	116.616	77.2057	5.43068
1	121	74	127.259	80.3055	8.8847
1	121	74	122.485	83.7746	9.88679
1	121	74	120.909	83.6062	9.60663
1	121	74	131.861	71.9488	11.053
1	121	74	141.603	86.057	23.8719
1	121	74	122.223	77.4824	3.69096
1	121	74	122.952	77.1491	3.70512
1	121	74	124.607	71.7536	4.24921
1	121	74	67.8157	11.7789	81.8537
1	121	74	128.155	73.6135	7.16541
1	121	74	120.12	71.3646	2.77851
1	121	74	123.353	73.7256	2.36848
1	121	74	120.145	82.6818	8.72383
1	121	74	121.655	79.1107	5.15244
1	121	74	121.331	80.5365	6.5449
1	121	74	121.944	83.0747	9.12369
1	121	74	131.274	79.5583	11.6811
1	121	74	125.935	79.548	7.42529
1	121	74	122.909	80.2008	6.48816
1	121	74	121.598	77.2932	3.34697
1	121	74	119.522	71.4337	2.96157
1	121	74	127.059	75.6796	6.28774
1	121	74	122.056	72.9979	1.45606
1	121	74	129.182	75.8383	8.3856
1	121	74	125.447	77.986	5.97201
1	121	74	118.541	78.8783	5.46279
1	121	74	116.261	95.7563	22.2664
1	121	74	115.604	80.9796	8.82213
1	121	74	122.5	80.9336	7.09401
1	121	74	127.719	74.3536	6.72781
1	121	74	119.577	78.1611	4.39778
1	121	74	114.062	91.4756	18.8024
1	121	74	120.556	75.1098	1.19514
1	121	74	119.279	77.2671	3.69257
1	121	74	140.24	86.0971	22.7268
1	121	74	120.107	72.6211	1.64274
1	121	74	141.487	86.2759	23.8838
1	121	74	124.898	72.0717	4.34914
1	121	74	125.453	79.5348	7.10349
1	121	74	110.834	94.6787	23.0425
1	121	74	118.764	81.9823	8.28943
1	121	74	122.293	84.9252	11.0015
1	121	74	118.798	78.751	5.23657
1	121	74	127.813	75.8406	7.05736
1	121	74	120.89	78.5611	4.56243
1	121	74	126.06	78.1195	6.52478
1	121	74	120.81	78.22	4.22432
1	121	74	123.426	78.4871	5.10095
1	121	74	118.11	84.167	10.5698
1	121	74	120.959	74.2943	0.297158
1	121	74	122.139	74.7548	1.36653
1	121	74	117.525	83.7088	10.3119
1	121	74	115.931	81.96	9.43721
1	121	74	139.499	86.3528	22.2446
1	121	74	120.269	70.9849	3.10258
1	121	74	115.302	76.1894	6.10458
1	121	74	122.617	77.7543	4.08755
1	121	74	119.054	75.0053	2.19072
1	121	74	117.156	76.297	4.47837
1	121	74	124.274	79.5674	6.45892
1	121	74	120.222	75.1165	1.3606
1	121	74	119.727	72.357	2.07831
1	121	74	123.683	74.8334	2.80909
1	121	74	128.622	77.5897	8.42455
1	121	74	134.067	77.2136	13.4564
1	121	74	118.497	84.3912	10.6884
1	121	74	127.22	76.2671	6.62053
1	121	74	129.753	78.8594	10.011
1	121	74	122.866	71.9028	2.80742
1	121	74	126.99	76.3782	6.4447
1	121	74	118.142	76.204	3.60891
1	121	74	114.352	84.8574	12.731
1	121	74	118.182	79.7562	6.4091
1	121	74	142.074	85.5553	24.0339
1	121	74	129.419	79.597	10.1095
1	121	74	129.87	73.7568	8.87335
1	121	74	109.047	96.1802	25.1957
1	121	74	111.664	89.6342	18.2095
1	121	74	125.635	77.0823	5.56662
1	121	74	122.836	80.6562	6.90478
1	121	74	141.242	86.0037	23.5332
1	121	74	123.677	77.529	4.42972
1	121	74	137.176	78.4508	16.777
1	121	74	122.803	73.6343	1.84012
1	121	74	121.629	73.3817	0.882324
1	121	74	121.923	73.9697	0.923794
1	121	74	120.581	82.005	8.01593
1	121	74	124.556	69.4608	5.76601
1	121	74	141.15	79.2056	20.8118
1	121	74	121.237	71.5972	2.41441
1	121	74	127.048	69.7342	7.40113
1	121	74	123.173	79.522	5.93427
1	121	74	95.9488	91.8555	30.7633
1	121	74	121.23	73.8072	0.299889
1	121	74	123.649	73.129	2.78872
1	121	74	71.2198	13.2726	78.5232
1	121	74	117.839	74.9808	3.31007
1	121	74	127.753	77.1428	7.44812
1	121	74	116.172	78.4822	6.58805
1	121	74	125.343	82.4956	9.54139
1	121	74	116.436	86.7956	13.5853
1	121	74	123.833	77.9601	4.86905
1	121	74	120.899	73.0955	0.910047
1	121	74	120.384	75.4257	1.55323
1	121	74	125.327	74.4055	4.34596
1	121	74	121.228	77.043	3.05157
1	121	74	121.232	75.8293	1.84392
1	121	74	122.121	66.7391	7.34697
1	121	74	117.536	87.8252	14.2524
1	121	74	118.27	91.4974	17.7091
1	121	74	120.153	72.1012	2.07923
1	121	74	114.761	87.0307	14.4474
1	121	74	119.248	87.2014	13.3172
1	121	74	127.435	76.7196	6.98587
1	121	74	128.867	73.0364	7.92607
1	121	74	119.896	78.8993	5.02222
1	121	74	119.766	83.0184	9.1025
1	121	74	113.767	84.8368	13.0291
1	121	74	120.47	72.049	2.02183
1	121	74	120.118	73.8142	0.901286
1	121	74	125.278	68.8458	6.69797
1	121	74	98.4905	93.5624	29.8223
1	121	74	114.892	83.7085	11.4699
1	121	74	115.368	81.4587	9.34604
1	121	74	120.657	77.9061	3.92105
1	121	74	113.236	90.9397	18.634
1	121	74	126.33	77.7574	6.52129
1	121	74	120.242	80.6965	6.73925
1	121	74	126.546	76.1592	5.95109
1	121	74	121.251	78.6381	4.64487
1	121	74	121.646	74.4576	0.791507
1	121	74	120.203	73.6118	0.886435
1	121	74	126.79	74.8145	5.84676
1	121	74	127.198	71.4404	6.70601
1	121	74	121.868	79.4014	5.47058
1	121	74	126.503	80.698	8.66844
1	121	74	122.36	76.2539	2.63267
1	121	74	107.975	94.9754	24.6903
1	121	74	142.189	83.0779	23.0516
1	121	74	116.923	77.7585	5.54504
1	121	74	70.1581	10.6082	81.2615
1	121	74	122.919	71.3712	3.25488
1	121	74	112.652	78.1359	9.31607
1	121	74	113.293	86.4813	14.6689
1	121	74	124.302	72.4393	3.65218
1	121	74	122.039	77.272	3.43306
1	121	74	116.594	77.2012	5.44638
1	121	74	120.774	82.3835	8.38658
1	121	74	118.752	74.2704	2.26469
1	121	74	117.449	74.997	3.68873
1	121	74	119.515	75.4081	2.04647
1	121	74	121.5	76.3529	2.40558
1	121	74	120.658	87.3027	13.3071
1	121	74	124.851	81.9035	8.79181
1	121	74	28.6579	29.2518	102.613
1	121	74	125.673	80.9318	8.35977
1	121	74	119.335	74.0213	1.66495
1	121	74	116.82	78.4978	6.14056
1	121	74	119.706	77.3129	3.55649
1	121	74	132.52	77.4013	12.0112
1	121	74	142.154	81.3637	22.3991
1	121	74	121.774	75.6088	1.7853
1	121	74	119.445	74.2548	1.57575
1	121	74	119.958	82.0008	8.06842
1	121	74	128.063	78.891	8.59106
1	121	74	121.703	70.263	3.80259
1	121	74	114.537	76.819	7.05126
1	121	74	127.388	82.0632	10.2868
1	121	74	122.865	75.8738	2.64342
1	121	74	88.5718	97.4358	40.0103
1	121	74	123.783	72.0526	3.39675
1	121	74	124.059	78.9465	5.81578
1	121	74	128.257	79.0164	8.82206
1	121	74	118.832	74.6597	2.26662
1	121	74	129.168	72.6172	8.28436
1	121	74	42.0509	22.4135	94.3087
1	121	74	127.873	78.243	8.07686
1	121	74	119.262	73.9526	1.73908
1	121	74	118.876	75.223	2.45071
1	121	74	124.687	71.9642	4.21186
1	121	74	142.074	85.6	24.0555
1	121	74	117.526	78.1079	5.38009
1	121	74	120.364	78.5013	4.54607
1	121	74	121.993	73.0467	1.3765
1	121	74	125.718	77.2119	5.70725
1	121	74	122.21	71.8064	2.50541
1	121	74	121.099	71.6843	2.31779
1	121	74	119.364	77.7818	4.12034
1	121	74	136.771	91.0461	23.2224
1	121	74	119.838	74.6846	1.34839
1	121	74	119.737	72.9914	1.6161
1	121	74	119.903	82.3436	8.41539
1	121	74	123.294	79.8261	6.26151
1	121	74	121.576	74.4068	0.70535
1	121	74	122.631	71.0771	3.3469
1	121	74	120.847	73.9663	0.156749
1	121	74	142.074	85.546	24.0294
1	121	74	113.039	89.193	17.1526
1	121	74	129.313	77.1261	8.88101
1	121	74	126.367	81.4729	9.20073
1	121	74	127.661	69.6338	7.96419
1	121	74	121.137	74.8635	0.874274
1	121	74	119.083	76.1032	2.84598
1	121	74	121.204	71.0777	2.92939
1	121	74	121.336	73.2759	0.798427
1	121	74	119.611	75.663	2.16689
1	121	74	119.375	78.0365	4.35139
1	121	74	118.376	79.7778	6.34585
1	121	74	119.397	74.8254	1.80275
1	121	74	125.452	85.035	11.8991
1	121	74	123.173	69.4026	5.0853
1	121	74	119.34	77.627	3.98895
1	121	74	117.932	76.8422	4.18188
1	121	74	120.698	75.4463	1.47741
1	121	74	118.262	75.1719	2.97863
1	121	74	115.145	78.6274	7.46275
1	121	74	129.963	73.8039	8.96561
1	121	74	69.8804	10.7497	81.3254
1	121	74	141.359	86.1141	23.6903
1	121	74	116.054	81.7614	9.20349
1	121	74	115.862	87.3828	14.3353
1	121	74	121.749	76.3622	2.47816
1	121	74	121.221	75.5682	1.58363
1	121	74	130.513	78.6182	10.5748
1	121	74	125.725	82.4813	9.70862
1	121	74	117.788	77.2097	4.5406
1	121	74	124.975	79.5921	6.86097
1	121	74	122.461	74.6453	1.59746
1	121	74	127.658	76.8878	7.25752
1	121	74	124.99	74.1391	3.99266
1	121	74	119.751	74.0876	1.25247
1	121	74	120.468	69.829	4.2048
1	121	74	50.1719	18.9672	89.6952
1	121	74	140.379	87.677	23.7197
1	121	74	118.348	76.7255	3.80297
1	121	74	121.417	75.0297	1.11087
1	121	74	120.434	74.7833	0.966255
1	121	74	122.931	81.8803	8.11351
1	121	74	119.155	84.497	10.6579
1	121	74	120.69	75.0708	1.11485
1	121	74	122.139	73.6624	1.18791
1	121	74	129.674	75.1536	8.75066
1	121	74	124.199	77.1883	4.51673
1	121	74	114.742	80.2392	8.83705
1	121	74	141.772	83.4048	22.8018
1	121	74	109.294	93.0788	22.3839
1	121	74	123.141	74.8884	2.31758
1	121	74	129.736	77.689	9.48317
1	121	74	49.8597	97.4274	74.8985
1	121	74	125.583	84.8325	11.7621
1	121	74	123.921	78.3312	5.22408
1	121	74	118.826	83.1969	9.45039
1	121	74	120.433	75.7301	1.82056
1	121	74	120.944	75.793	1.79393
1	121	74	117.8	75.1918	3.41432
1	121	74	142.191	84.7684	23.7703
1	121	74	27.9765	28.1811	103.695
1	121	74	122.694	75.1101	2.02561
1	121	74	69.3778	11.0039	81.4455
1	121	74	120.035	79.0315	5.12319
1	121	74	121.091	75.8121	1.81435
1	121	74	131.886	77.1499	11.3322
1	121	74	127.128	74.5859	6.15638
1	121	74	133.472	75.1727	12.527
1	121	74	119.012	78.8636	5.25419
1	121	74	125.174	74.0179	4.17357
1	121	74	123.68	87.1252	13.396
1	121	74	120.119	82.9037	8.94716
1	121	74	128.8	77.7429	8.65111
1	121	74	120.144	73.3478	1.07626
1	121	74	121.575	75.2315	1.3591
1	121	74	120.096	73.4672	1.04968
1	121	74	115.742	81.8212	9.42431
1	121	74	123.668	75.0455	2.86576
1	121	74	125.23	70.6275	5.40971
1	121	74	120.99	76.8601	2.86011
1	121	74	139.309	85.4805	21.611
1	121	74	119.487	73.0562	1.78362
1	121	74	59.5975	50.6568	65.6899
1	121	74	110.081	95.9332	24.5008
1	121	74	119.734	73.9508	1.26731
1	121	74	122.926	72.2211	2.62216
1	121	74	122.582	72.267	2.3462
1	121	74	129.465	78.6228	9.64469
1	121	74	68.4144	11.4845	81.6911
1	121	74	118.854	75.1387	2.42971
1	121	74	123.731	74.3577	2.7545
1	121	74	111.598	91.7618	20.0969
1	121	74	70.3052	10.5329	81.2283
1	121	74	128.229	72.4136	7.40066
1	121	74	128.904	71.9459	8.16673
1	121	74	125.884	71.8383	5.34139
1	121	74	121.193	83.0405	9.04256
1	121	74	127.307	77.5362	7.23078
1	121	74	119.189	74.2209	1.82418
1	121	74	119.403	83.3973	9.53203
1	121	74	126.51	79.1763	7.56013
1	121	74	117.37	75.8596	4.07848
1	121	74	117.578	76.1516	4.04244
1	121	74	117.112	77.6062	5.30264
1	121	74	113.695	76.8335	7.83515
1	121	74	115.068	77.063	6.6762
1	121	74	118.634	75.3996	2.74925
1	121	74	120.814	70.5481	3.45691
1	121	74	141.715	79.7292	21.4922
1	121	74	135.757	80.4991	16.1249
1	121	74	115.11	76.006	6.22229
1	121	74	134.363	79.1471	14.3202
1	121	74	118.146	73.884	2.85669
1	121	74	109	96.5303	25.5267
1	121	74	141.928	85.9804	24.1143
1	121	74	134.111	81.179	14.9476
1	121	74	120.889	79.6913	5.69239
1	121	74	116.953	76.8297	4.938
1	121	74	141.838	85.7991	23.9465
1	121	74	123.933	76.5582	3.89157
1	121	74	120.532	79.3898	5.41012
1	121	74	123.386	79.2174	5.73706
1	121	74	115.043	79.0107	7.78437
1	121	74	121.085	75.2419	1.24477
1	121	74	123.633	83.2032	9.57244
1	121	74	122.243	78.8422	4.9992
1	121	74	44.3476	21.2686	93.0386
1	121	74	118.142	79.1448	5.88524
1	121	74	127.432	73.8393	6.43409
1	121	74	122.549	77.9408	4.23429
1	121	74	124.959	80.2424	7.39208
1	121	74	122.063	78.5919	4.71322
1	121	74	118.493	74.1518	2.51149
1	121	74	68.7128	11.3366	81.6129
1	121	74	119.502	72.0722	2.44117
1	121	74	115.724	77.0567	6.09782
1	121	74	123.883	77.9777	4.91245
1	121	74	117.813	79.6594	6.49493
1	121	74	124.93	79.6175	6.85544
1	121	74	123.01	68.9432	5.44148
1	121	74	124.563	74.4953	3.59752
1	121	74	121.442	73.6959	0.536385
1	121	74	111.697	73.9859	9.30322
1	121	74	125.138	83.4036	10.2739
1	121	74	123.769	77.7165	4.63431
1	121	74	142.036	74.9554	21.0579
1	121	74	122.036	76.1865	2.41964
1	121	74	120.284	76.9158	3.00239
1	121	74	124.409	72.9771	3.55951
1	121	74	121.281	77.4532	3.46464
1	121	74	118.722	75.2705	2.6087
1	121	74	129.681	73.4584	8.69834
1	121	74	123.134	69.7101	4.79146
1	121	74	117.78	74.5702	3.27033
1	121	74	123.216	84.6341	10.8625
1	121	74	120.503	72.2093	1.85831
1	121	74	129.24	72.7981	8.32731
1	121	74	129.199	70.5201	8.90719
1	121	74	119.234	75.3377	2.21574
1	121	74	120.763	78.231	4.23761
1	121	74	133.006	76.6329	12.2916
1	121	74	130.632	91.4733	19.9524
1	121	74	119.181	74.0635	1.82029
