1	121	74	139.335	85.2394	21.5061
1	121	74	111.049	45.1733	30.4959
1	121	74	127.318	64.8879	11.0882
1	121	74	6.30518	88.2018	115.571
1	121	74	124.361	73.4003	3.41408
1	121	74	128.948	76.0854	8.21662
1	121	74	115.926	45.7513	28.7008
1	121	74	137.828	63.8405	19.6567
1	121	74	113.316	58.8066	17.0261
1	121	74	134.148	73.1053	13.1781
1	121	74	88.8863	59.7181	35.1463
1	121	74	103.067	97.4388	29.5123
1	121	74	103.184	97.4388	29.4415
1	121	74	109.936	48.9974	27.3414
1	121	74	49.9872	97.4274	74.7774
1	121	74	120.635	76.3898	2.41753
1	121	74	121.965	75.5957	1.86466
1	121	74	113.824	45.4597	29.4287
1	121	74	101.552	93.8805	27.8114
1	121	74	124.592	70.4233	5.06932
1	121	74	7.29839	85.956	114.328
1	121	74	126.989	77.5562	6.96502
1	121	74	133.413	66.0167	14.7587
1	121	74	121.316	88.7338	14.7372
1	121	74	134.101	77.2177	13.4903
1	121	74	136.9	79.0178	16.6734
1	121	74	107.08	45.1726	32.0123
1	121	74	136.454	73.9993	15.4539
1	121	74	115.56	70.5474	6.44277
1	121	74	137.166	65.9194	18.0731
1	121	74	135.088	60.6775	19.3896
1	121	74	122.932	83.9429	10.1288
1	121	74	133.022	50.3466	26.533
1	121	74	100.964	96.382	30.04
1	121	74	45.5772	97.4265	78.9772
1	121	74	116.857	45.9195	28.3844
1	121	74	103.084	63.3285	20.8537
1	121	74	138.027	73.9912	17.0271
1	121	74	141.025	76.0122	20.1255
1	121	74	141.445	69.8049	20.8709
1	121	74	55.2032	97.3306	69.8107
1	121	74	120.386	70.084	3.96385
1	121	74	116.976	45.9199	28.3669
1	121	74	140.813	75.2111	19.8503
1	121	74	134.384	78.5917	14.1494
1	121	74	112.141	45.1735	30.1572
1	121	74	135.346	63.6156	17.7101
1	121	74	121.363	87.3023	13.3072
1	121	74	123.614	68.0941	6.45854
1	121	74	123.802	72.5032	3.17712
1	121	74	120.595	95.5423	21.5461
1	121	74	108.838	96.9276	25.9535
1	121	74	126.862	63.3263	12.1776
1	121	74	120.977	49.5078	24.4922
1	121	74	136.135	77.1316	15.4561
1	121	74	126.785	72.1712	6.06713
1	121	74	135.124	64.3915	17.0826
1	121	74	115.187	81.9561	9.85354
1	121	74	123.935	81.2639	7.83464
1	121	74	140.261	84.1219	21.7584
1	121	74	80.6632	21.3905	66.2934
1	121	74	137.67	57.4818	23.468
1	121	74	123.27	91.4469	17.5939
1	121	74	134.898	57.7475	21.3843
1	121	74	98.6724	96.1793	31.4713
1	121	74	122.601	75.06	1.91992
1	121	74	103.261	63.0076	20.8684
1	121	74	71.2922	10.6123	80.5535
1	121	74	84.7857	63.2704	37.7704
1	121	74	117.886	46.0895	28.0836
1	121	74	141.17	55.4435	27.4074
1	121	74	18.8164	11.6844	119.686
1	121	74	100.37	45.6623	35.0515
1	121	74	94.2237	97.4369	35.5846
1	121	74	102.741	96.4421	28.9316
1	121	74	50.92	37.8747	78.8432
1	121	74	133.025	74.2758	12.0286
1	121	74	121.086	76.671	2.67242
1	121	74	127.958	72.8399	7.05406
1	121	74	130.668	83.7259	13.7139
1	121	74	131.875	63.9231	14.8261
1	121	74	132.565	67.6201	13.2077
1	121	74	117.884	73.1076	3.24171
1	121	74	112.195	45.1735	30.1411
1	121	74	129.987	80.9548	11.3639
1	121	74	100.415	45.1714	35.4238
1	121	74	124.818	87.6968	14.219
1	121	74	99.1343	97.438	32.0538
1	121	74	140.412	82.1008	21.0343
1	121	74	134.504	77.1875	13.8752
1	121	74	119.125	75.1259	2.18739
1	121	74	133.982	73.2836	13.0018
1	121	74	126.095	86.594	13.5855
1	121	74	136.679	74.381	15.6838
1	121	74	52.0359	39.2033	77.2454
1	121	74	139.452	85.1725	21.571
1	121	74	119.143	77.3544	3.83413
1	121	74	130.723	66.791	12.1037
1	121	74	100.667	96.021	29.9725
1	121	74	139.228	85.5559	21.5821
1	121	74	123.95	75.3854	3.25927
1	121	74	128.094	92.5694	19.8784
1	121	74	116.399	95.1139	21.6094
1	121	74	118.959	46.2613	27.8137
1	121	74	129.678	75.1892	8.75899
1	121	74	137.859	79.1671	17.6327
1	121	74	48.8648	19.4708	90.4264
1	121	74	87.0464	63.9455	35.411
1	121	74	112.671	45.341	29.8448
1	121	74	110.394	60.464	17.1962
1	121	74	87.9179	57.5639	36.9401
1	121	74	127.698	71.4388	7.17084
1	121	74	82.8071	61.5476	40.1716
1	121	74	113.296	86.8376	14.9718
1	121	74	135.032	84.5837	17.5758
1	121	74	109.538	45.1731	31.0219
1	121	74	115.109	45.6258	28.9793
1	121	74	134.622	80.2226	14.9755
1	121	74	109.072	45.173	31.1974
1	121	74	125.863	94.0733	20.6539
1	121	74	137.595	74.3664	16.5986
1	121	74	121.322	87.42	13.4238
1	121	74	133.392	82.0788	14.7927
1	121	74	101.231	94.1786	28.2485
1	121	74	51.7539	97.4278	73.1019
1	121	74	123.968	63.5047	10.9069
1	121	74	51.1951	37.5121	78.7661
1	121	74	123.538	70.9128	3.9966
1	121	74	119.27	79.2366	5.51486
1	121	74	133.045	86.088	17.0644
1	121	74	105.74	97.4393	27.9694
1	121	74	50.9167	96.8221	73.7056
1	121	74	118.759	46.2185	27.8717
1	121	74	132.581	82.6704	14.4669
1	121	74	130.115	74.5787	9.13304
1	121	74	110.903	45.1733	30.5439
1	121	74	134.411	68.9904	14.3164
1	121	74	125.322	83.4828	10.4212
1	121	74	122.031	75.0304	1.45745
1	121	74	115.097	45.6258	28.9817
1	121	74	103.579	97.4389	29.2042
1	121	74	129.913	58.6493	17.7509
1	121	74	120.931	73.5993	0.406702
1	121	74	134.501	78.3549	14.1861
1	121	74	110.355	45.1732	30.7294
1	121	74	122.544	53.0319	21.0249
1	121	74	123.126	72.6852	2.49956
1	121	74	120.583	47.4199	26.5833
1	121	74	101.578	97.4385	30.4398
1	121	74	111.612	45.1734	30.3166
1	121	74	99.3461	49.8765	32.4166
1	121	74	119.856	81.34	7.42867
1	121	74	134.085	75.2563	13.1452
1	121	74	119.064	63.3387	10.8356
1	121	74	124.136	72.2863	3.57387
1	121	74	140.265	84.2878	21.8396
1	121	74	109.445	47.5718	28.844
1	121	74	95.6613	93.5113	31.9803
1	121	74	138.259	81.8591	18.9643
1	121	74	122.261	76.1604	2.50157
1	121	74	51.9583	39.4656	77.197
1	121	74	91.2954	52.7617	36.5162
1	121	74	113.842	45.2251	29.6519
1	121	74	119.205	81.793	7.99703
1	121	74	130.815	95.0716	23.2455
1	121	74	122.822	91.1915	17.2878
1	121	74	125.918	80.1519	7.87595
1	121	74	115.193	77.2721	6.66548
1	121	74	128.721	71.4376	8.1351
1	121	74	126.356	94.377	21.0691
1	121	74	139.288	84.3923	21.0342
1	121	74	56.2275	15.5267	87.2618
1	121	74	113.108	45.2958	29.7694
1	121	74	125.711	47.8941	26.5276
1	121	74	127.993	71.3586	7.47504
1	121	74	121.392	75.0604	1.13049
1	121	74	129.375	85.8802	14.5353
1	121	74	51.858	40.0394	77.0321
1	121	74	134.864	91.3879	22.2382
1	121	74	134.835	61.6152	18.5683
1	121	74	142.177	75.9038	21.262
1	121	74	113.61	45.4185	29.5213
1	121	74	112.616	45.2548	29.9428
1	121	74	127.228	46.7328	27.9695
1	121	74	98.6607	52.8593	30.7566
1	121	74	133.819	85.5612	17.262
1	121	74	119.351	46.6034	27.4462
1	121	74	56.9145	47.7587	69.2499
1	121	74	127.831	53.637	21.4783
1	121	74	112.551	92.5082	20.3455
1	121	74	121.963	70.1036	4.01367
1	121	74	122.66	80.1697	6.38923
1	121	74	130.588	66.426	12.2187
1	121	74	130.228	75.9199	9.42516
1	121	74	120.617	80.0375	6.04963
1	121	74	119.41	77.886	4.19884
1	121	74	127.459	70.5527	7.32114
1	121	74	8.83885	84.5524	112.656
1	121	74	96.8408	60.4242	27.7123
1	121	74	130.25	80.0258	11.0399
1	121	74	103.855	62.9921	20.3746
1	121	74	114.026	47.2697	27.625
1	121	74	101.484	68.0506	20.4027
1	121	74	133.259	66.4097	14.4189
1	121	74	80.4759	48.8898	47.6731
1	121	74	112.61	45.2548	29.9444
1	121	74	132.075	81.5741	13.4169
1	121	74	119.119	46.2621	27.8016
1	121	74	118.378	76.232	3.44354
1	121	74	140.273	64.7658	21.3709
1	121	74	107.059	47.9478	29.5478
1	121	74	101.922	97.4386	30.2215
1	121	74	136.064	60.6162	20.1506
1	121	74	123.174	71.9343	2.99916
1	121	74	138.958	76.9114	18.1928
1	121	74	138.005	78.1591	17.5066
1	121	74	134.47	63.9947	16.7792
1	121	74	123.166	74.9883	2.38051
1	121	74	120.029	72.6626	1.65276
1	121	74	122.001	75.1018	1.48856
1	121	74	106.229	61.4958	19.3533
1	121	74	112.596	45.2548	29.9485
1	121	74	125.1	84.5465	11.3154
1	121	74	127.948	81.0102	9.86976
1	121	74	114.655	45.5841	29.1156
1	121	74	133.782	75.7609	12.9029
1	121	74	136.958	68.1779	16.9872
1	121	74	142.151	80.8856	22.2434
1	121	74	118.757	87.4616	13.6471
1	121	74	73.3841	87.4291	49.4734
1	121	74	123.538	64.4037	9.92622
1	121	74	118.713	87.0285	13.2276
1	121	74	121.692	78.9435	4.9917
1	121	74	134.361	71.3359	13.6236
1	121	74	123.444	69.4907	5.12886
1	121	74	128.115	88.6343	16.2724
1	121	74	116.177	81.1153	8.59618
1	121	74	130.602	77.649	10.2717
1	121	74	88.998	59.9611	34.946
1	121	74	116.57	89.4604	16.0824
1	121	74	112.965	45.2957	29.8077
1	121	74	122.197	80.4106	6.5215
1	121	74	110.128	60.67	17.2015
1	121	74	133.448	76.8438	12.769
1	121	74	58.2493	39.7931	71.4686
1	121	74	138.843	85.7629	21.3714
1	121	74	140.082	76.6447	19.2641
1	121	74	86.4764	57.1671	38.4087
1	121	74	123.493	69.888	4.80887
1	121	74	106.363	97.3839	27.5869
1	121	74	93.8513	97.3787	35.8276
1	121	74	120.539	85.4328	11.4421
1	121	74	106.726	64.3727	17.2171
1	121	74	133.315	81.7325	14.5414
1	121	74	132.063	76.0983	11.26
1	121	74	112.103	45.1735	30.1684
1	121	74	142.187	82.1072	22.6855
1	121	74	118.376	46.175	27.9485
1	121	74	110.784	45.1733	30.5834
1	121	74	121.734	75.4786	1.65072
1	121	74	135.469	65.9296	16.5676
1	121	74	142.181	78.3374	21.6207
1	121	74	141.889	42.1676	38.0743
1	121	74	119.974	76.1724	2.4026
1	121	74	122.536	74.2363	1.5541
1	121	74	123.011	74.608	2.10068
1	121	74	132.725	79.3544	12.8901
1	121	74	111.655	50.2952	25.4803
1	121	74	115.309	46.9317	27.66
1	121	74	118.773	78.6729	5.17642
1	121	74	140.644	71.229	19.8382
1	121	74	120.813	90.2608	16.2619
1	121	74	115.001	46.3167	28.3258
1	121	74	115.705	45.7507	28.7413
1	121	74	99.8631	97.4381	31.5613
1	121	74	137.874	85.2438	20.2767
1	121	74	131.494	72.4713	10.6045
1	121	74	117.751	78.904	5.88255
1	121	74	136.65	62.6228	19.3486
1	121	74	114.919	53.9821	20.9211
1	121	74	51.5189	38.539	78.0071
1	121	74	113.069	45.3365	29.7406
1	121	74	109.416	24.429	50.9066
1	121	74	122.455	23.141	50.8798
1	121	74	119.219	74.9327	2.01033
1	121	74	135.448	72.4976	14.5257
1	121	74	111.128	96.2542	24.3454
1	121	74	41.8803	24.1574	93.5104
1	121	74	142.177	76.3105	21.303
1	121	74	120.869	75.7492	1.75412
1	121	74	122.806	76.9532	3.46191
1	121	74	60.0621	21.4424	80.4719
1	121	74	122.005	47.7723	26.2469
1	121	74	132.098	87.0931	17.1636
1	121	74	140.442	85.0855	22.3803
1	121	74	130.323	58.5629	18.0341
1	121	74	117.182	52.0742	22.2557
1	121	74	111.766	45.1735	30.2694
1	121	74	142.198	42.8837	37.6506
1	121	74	101.223	45.1716	34.9603
1	121	74	116.746	45.9191	28.4012
1	121	74	51.8042	38.2084	77.9044
1	121	74	114.077	84.1876	12.3175
1	121	74	71.4824	10.5675	80.4716
1	121	74	71.2766	10.5872	80.5828
1	121	74	127.348	89.1321	16.4095
1	121	74	130.781	79.5682	11.2547
1	121	74	102.954	51.2638	29.0274
1	121	74	97.8896	92.7274	29.7457
1	121	74	71.5161	10.5508	80.464
1	121	74	133.222	84.0392	15.8165
1	121	74	117.228	23.5593	50.5815
1	121	74	131.275	76.4973	10.5738
1	121	74	129.145	77.8286	9.00025
1	121	74	120.292	50.9482	23.0627
1	121	74	121.841	75.0303	1.33003
1	121	74	111.621	47.081	28.5062
1	121	74	112.619	46.9363	28.3317
1	121	74	104.17	45.1721	33.3813
1	121	74	63.717	12.0409	84.3817
1	121	74	101.152	93.8137	28.045
1	121	74	140.72	70.1572	20.0905
1	121	74	140.616	83.8023	21.9289
1	121	74	118.831	46.2606	27.824
1	121	74	123.003	73.5335	2.05632
1	121	74	123.5	46.9885	27.1269
1	121	74	123.246	83.6319	9.89039
1	121	74	129.298	51.4574	24.0213
1	121	74	132.369	82.0563	13.934
1	121	74	94.0392	50.863	35.5275
1	121	74	128.292	77.6991	8.17662
1	121	74	61.0919	39.4886	69.1377
1	121	74	108.083	71.5508	13.1468
1	121	74	139.391	73.2257	18.4074
1	121	74	104.389	57.2494	23.5906
1	121	74	54.3112	97.3618	70.6624
1	121	74	115.775	84.0247	11.3044
1	121	74	42.3623	24.8038	92.7586
1	121	74	117.06	84.1554	10.8929
1	121	74	142.199	41.4887	38.8123
1	121	74	128.401	88.1519	15.9703
1	121	74	109.917	45.1731	30.8839
1	121	74	136.659	63.9066	18.6305
1	121	74	134.366	66.9933	15.0916
1	121	74	139.099	55.2801	26.0384
1	121	74	108.273	48.6618	28.3551
1	121	74	140.16	74.8421	19.179
1	121	74	124.661	72.3325	4.02258
1	121	74	134.376	48.2478	29.0187
1	121	74	95.9485	66.2073	26.2356
1	121	74	117.927	46.0897	28.0789
1	121	74	125.36	66.8328	8.38902
1	121	74	108.536	45.1729	31.4061
1	121	74	112.838	45.2956	29.8423
1	121	74	101.81	92.2631	26.4912
1	121	74	99.487	53.6673	29.6012
1	121	74	137.024	76.5604	16.2273
1	121	74	142.274	55.014	28.5142
1	121	74	106.566	47.7281	29.976
1	121	74	132.093	68.0391	12.5928
1	121	74	122.224	74.0164	1.22416
1	121	74	118.129	87.1589	13.4684
1	121	74	132.662	50.3465	26.3721
1	121	74	124.622	82.3808	9.1299
1	121	74	123.579	71.1601	3.83615
1	121	74	127.19	94.2133	21.1399
1	121	74	134.484	78.3857	14.1797
1	121	74	125.33	66.5507	8.61639
1	121	74	127.245	80.7296	9.18072
1	121	74	112.585	86.5884	15.142
1	121	74	134.238	83.4333	16.2549
1	121	74	89.676	61.9984	33.5445
1	121	74	33.439	24.4926	100.588
1	121	74	49.4902	97.4273	75.2496
1	121	74	128.339	70.2423	8.24493
1	121	74	48.2542	38.1114	81.1169
1	121	74	112.315	45.2141	30.0676
1	121	74	120.453	81.9407	7.95947
1	121	74	119.373	87.212	13.3118
1	121	74	131.669	62.4837	15.6987
1	121	74	120.925	74.6192	0.623678
1	121	74	139.467	71.0471	18.702
1	121	74	51.5845	39.8096	77.379
1	121	74	129.113	79.3502	9.71861
1	121	74	115.06	82.1624	10.0948
1	121	74	126.609	72.4366	5.82268
1	121	74	137.35	78.8779	17.0624
1	121	74	102.683	96.7381	29.1985
1	121	74	119.839	77.6803	3.85902
1	121	74	119.126	72.8491	2.19906
1	121	74	67.8124	13.8566	80.288
1	121	74	135.62	64.1058	17.6532
1	121	74	140.384	84.2211	21.9133
1	121	74	120.606	77.3488	3.37188
1	121	74	138.116	76.0541	17.2387
1	121	74	72.2891	10.5986	79.953
1	121	74	134.443	76.377	13.6512
1	121	74	126.847	65.1993	10.5658
1	121	74	53.9662	38.7327	75.7451
1	121	74	99.6973	97.4381	31.6726
1	121	74	133.253	74.9296	12.288
1	121	74	104.25	96.2157	27.8227
1	121	74	105.914	45.1724	32.5366
1	121	74	125.459	97.4335	23.854
1	121	74	99.3325	97.4328	31.9151
1	121	74	121.382	73.3425	0.760262
1	121	74	114.623	45.5428	29.1629
1	121	74	120.112	72.6648	1.60361
1	121	74	131.776	80.43	12.5488
1	121	74	132.254	60.6888	17.4313
1	121	74	114.925	95.7588	22.591
1	121	74	120.009	78.686	4.7895
1	121	74	55.2548	96.8399	69.5995
1	121	74	116.485	45.8769	28.4833
1	121	74	138.403	84.8966	20.5333
1	121	74	120.304	74.5179	0.867444
1	121	74	122.402	69.623	4.59595
1	121	74	120.401	75.1333	1.28193
1	121	74	128.102	70.539	7.90004
1	121	74	121.91	76.6805	2.83077
1	121	74	97.3292	47.0949	35.8357
1	121	74	120.35	69.8353	4.21513
1	121	74	134.198	72.8912	13.2448
1	121	74	113.6	46.4333	28.5426
1	121	74	135.1	80.9141	15.7039
1	121	74	109.547	82.4301	14.2213
1	121	74	98.4977	45.176	36.5674
1	121	74	128.598	79.9971	9.6793
1	121	74	112.832	45.2956	29.8438
1	121	74	142.176	79.6064	21.9053
1	121	74	141.333	67.9909	21.2022
1	121	74	119.907	76.4106	2.64695
1	121	74	123.498	69.6945	4.97766
1	121	74	142.182	79.0946	21.7865
1	121	74	117.803	46.0891	28.0934
1	121	74	108.651	45.3348	31.212
1	121	74	127.339	69.6589	7.68259
1	121	74	141.792	41.2674	38.7779
1	121	74	98.2447	97.4378	32.667
1	121	74	110.259	46.652	29.3818
1	121	74	130.974	77.0543	10.4312
1	121	74	120.677	74.9852	1.03668
1	121	74	133.559	81.4621	14.6088
1	121	74	117.648	75.7714	3.79086
1	121	74	136.161	71.2199	15.4136
1	121	74	89.6488	61.8696	33.6162
1	121	74	135.784	48.7374	29.2705
1	121	74	119.743	74.5196	1.36013
1	121	74	108.629	95.1674	24.5173
1	121	74	135.143	51.5622	26.523
1	121	74	90.3888	64.872	31.9432
1	121	74	102.372	56.9924	25.2245
1	121	74	137.422	76.8273	16.6636
1	121	74	122.632	53.2516	20.8124
1	121	74	119.632	77.752	3.99361
1	121	74	103.163	97.4388	29.4542
1	121	74	117.332	72.5057	3.96109
1	121	74	117.399	46.0044	28.2262
1	121	74	124.115	85.399	11.817
1	121	74	118.331	78.8099	5.50079
1	121	74	49.6287	17.3029	91.1506
1	121	74	132.572	51.837	25.0024
1	121	74	123.56	64.3756	9.95908
1	121	74	103.365	48.1052	31.3295
1	121	74	54.7972	96.8706	70.042
1	121	74	125.912	68.2594	7.55508
1	121	74	114.762	81.8274	10.0092
1	121	74	116.447	82.8673	9.96785
1	121	74	135.954	48.5403	29.5264
1	121	74	129.126	57.7438	18.1741
1	121	74	127.367	73.4797	6.38861
1	121	74	121.67	77.1265	3.19747
1	121	74	138.13	56.8196	24.2615
1	121	74	102.107	97.4386	30.1051
1	121	74	132.112	86.9395	17.0562
1	121	74	118.875	46.2609	27.8204
1	121	74	106.279	97.3839	27.6318
1	121	74	42.255	22.2413	94.2324
1	121	74	96.8924	94.3637	31.5572
1	121	74	72.4629	10.7483	79.7284
1	121	74	121.949	81.0979	7.16112
1	121	74	134.7	71.5944	13.9098
1	121	74	132.571	70.255	12.1617
1	121	74	122.548	71.2625	3.14507
1	121	74	128.905	68.4333	9.66865
1	121	74	59.8742	97.4296	65.4623
1	121	74	43.7408	55.1776	79.519
1	121	74	121.072	78.1322	4.13286
1	121	74	132.563	70.8296	11.9896
1	121	74	135.841	77.097	15.1606
1	121	74	127.784	46.5134	28.3113
1	121	74	139.368	69.8752	18.825
1	121	74	140.579	78.581	20.1081
1	121	74	51.3609	38.8655	78.0002
1	121	74	46.1901	20.6911	91.8605
1	121	74	124.894	69.1275	6.23726
1	121	74	123.43	69.1601	5.41587
1	121	74	51.6426	39.781	77.3394
1	121	74	96.932	49.0314	34.6799
1	121	74	94.4039	47.8433	37.3031
1	121	74	121.837	75.4673	1.689
1	121	74	124.086	71.9049	3.73036
1	121	74	63.4024	10.8105	85.5009
1	121	74	101.056	92.9026	27.4786
1	121	74	111.396	46.2508	29.364
1	121	74	86.945	61.6512	36.2248
1	121	74	52.0339	38.6529	77.4967
1	121	74	118.323	46.1508	27.9776
1	121	74	122.837	77.0018	3.51916
1	121	74	141.912	74.8345	20.9286
1	121	74	116.17	79.3478	7.20604
1	121	74	106.588	63.1359	18.0479
1	121	74	140.419	49.6738	31.1268
1	121	74	132.492	80.4283	13.1674
1	121	74	118.586	75.8025	3.01247
1	121	74	126.548	73.3396	5.58689
1	121	74	119.75	92.5902	18.6322
1	121	74	138.068	69.8199	17.5723
1	121	74	117.291	82.2115	9.01042
1	121	74	125.581	76.0589	5.02226
1	121	74	139.542	76.1589	18.6671
1	121	74	100.75	96.5417	30.3019
1	121	74	132.414	48.2033	28.2092
1	121	74	102.158	97.4386	30.0733
1	121	74	137.663	78.4083	17.2366
1	121	74	71.3908	10.6127	80.4924
1	121	74	112.903	75.3798	8.21417
1	121	74	101.486	97.3819	30.4548
1	121	74	134.115	81.7426	15.2301
1	121	74	52.5477	38.6605	77.0363
1	121	74	114.602	45.8443	28.8735
1	121	74	139.79	72.0969	18.8864
1	121	74	122.385	83.649	9.748
1	121	74	95.8916	67.104	26.0382
1	121	74	93.3679	45.527	39.6767
1	121	74	141.088	83.5442	22.2399
1	121	74	8.7712	84.6664	112.735
1	121	74	90.79	51.2074	37.8437
1	121	74	102.944	97.4388	29.587
1	121	74	139.577	71.0011	18.817
1	121	74	54.5565	97.4284	70.453
1	121	74	138.585	63.3621	20.5522
1	121	74	140.212	83.8183	21.5754
1	121	74	134.651	76.2689	13.8378
1	121	74	85.1708	76.2492	35.8997
1	121	74	124.327	82.6137	9.23374
1	121	74	97.8063	91.298	28.9338
1	121	74	121.195	71.0608	2.94564
1	121	74	115.365	60.596	14.5405
1	121	74	114.319	45.2664	29.5001
1	121	74	117.401	87.7027	14.1674
1	121	74	102.144	97.4386	30.0815
1	121	74	111.283	45.1734	30.4204
1	121	74	119.948	76.174	2.41538
1	121	74	123.601	73.1919	2.72339
1	121	74	83.5088	65.2839	38.491
1	121	74	108.923	45.1729	31.2545
1	121	74	141.283	74.5064	20.2893
1	121	74	122.797	75.4198	2.29016
1	121	74	122.991	94.1336	20.2318
1	121	74	106.765	45.1726	32.1506
1	121	74	140.3	65.991	20.896
1	121	74	115.648	45.7094	28.7924
1	121	74	129.394	91.7146	19.6026
1	121	74	108.35	52.8417	24.6515
1	121	74	67.2573	12.0173	82.0374
1	121	74	141.544	64.9718	22.4399
1	121	74	106.455	97.2209	27.4001
1	121	74	115.127	45.6669	28.9352
1	121	74	136.334	75.8832	15.449
1	121	74	122.561	69.5072	4.75624
1	121	74	102.416	97.4387	29.9122
1	121	74	140.273	75.9735	19.3736
1	121	74	95.2815	97.4372	34.7957
1	121	74	126.093	76.8957	5.85882
1	121	74	112.649	92.217	20.0399
1	121	74	119.493	73.9848	1.50742
1	121	74	139.867	55.5723	26.3728
1	121	74	54.9028	44.5233	72.3721
1	121	74	137.966	73.4753	16.9741
1	121	74	106.911	48.8888	28.7934
1	121	74	138.726	71.3419	17.9242
1	121	74	133.079	74.309	12.083
1	121	74	136.625	61.6908	19.8909
1	121	74	120.023	77.034	3.18747
1	121	74	112.528	59.1688	17.0806
1	121	74	92.3324	58.6723	32.508
1	121	74	135.197	75.6866	14.297
1	121	74	117.204	83.5281	10.2564
1	121	74	142.115	59.9727	25.3497
1	121	74	141.363	74.1438	20.3635
1	121	74	31.1351	30.1833	99.978
1	121	74	93.278	97.4367	36.3014
1	121	74	138.535	62.0506	21.2191
1	121	74	123.042	71.2044	3.46169
1	121	74	130.249	74.94	9.2965
1	121	74	134.239	62.9938	17.2163
1	121	74	101.25	95.5643	29.2416
1	121	74	129.104	85.6859	14.2212
1	121	74	128.472	72.8315	7.56282
1	121	74	120.635	73.8702	0.387544
1	121	74	71.3139	10.5688	80.5744
1	121	74	120.779	75.5184	1.53446
1	121	74	139.497	65.1278	20.5146
1	121	74	138.489	70.2625	17.8837
1	121	74	131.448	68.0101	12.0431
1	121	74	131.365	82.5051	13.408
1	121	74	106.244	45.1725	32.3847
1	121	74	121.72	76.0742	2.19545
1	121	74	142.221	70.4185	21.5212
1	121	74	103.603	55.5707	25.3434
1	121	74	118.579	79.1016	5.64681
1	121	74	128.691	69.2813	9.02279
1	121	74	128.087	75.6688	7.28062
1	121	74	59.0933	97.1448	66.0918
1	121	74	32.7151	31.1182	98.1483
1	121	74	54.6233	97.4285	70.3901
1	121	74	102.201	85.3248	21.947
1	121	74	141.227	54.3917	28.1712
1	121	74	121.479	70.6241	3.40979
1	121	74	140.572	73.635	19.5755
1	121	74	115.653	45.788	28.7143
1	121	74	141.698	82.7183	22.4588
1	121	74	134.052	83.444	16.1103
1	121	74	100.718	64.1868	22.5313
1	121	74	128.977	75.1698	8.06193
1	121	74	43.4484	57.4378	79.3004
1	121	74	117.496	46.0463	28.1724
1	121	74	138.879	85.7402	21.3893
1	121	74	139.655	83.3049	20.8469
1	121	74	113.832	69.5901	8.41598
1	121	74	142.179	77.2592	21.4285
1	121	74	123.113	72.5359	2.57048
1	121	74	134.567	82.9196	16.2366
1	121	74	140.501	84.0669	21.9459
1	121	74	134.7	80.1958	15.0358
1	121	74	123.671	87.5596	13.8202
1	121	74	130.15	73.9914	9.15023
1	121	74	135.281	75.2478	14.3355
1	121	74	124.609	75.4361	3.88421
1	121	74	64.4483	10.9204	84.7179
1	121	74	106.32	49.1773	28.8388
1	121	74	112.638	45.2548	29.9367
1	121	74	135.127	80.5491	15.5711
1	121	74	135.447	51.9747	26.3409
1	121	74	99.5857	65.4146	23.0712
1	121	74	85.035	86.1671	37.9674
1	121	74	118.258	46.1328	28.0018
1	121	74	135.924	60.9123	19.8498
1	121	74	99.628	96.4384	30.9878
1	121	74	96.0181	45.4596	37.9295
1	121	74	137.893	56.1336	24.5884
1	121	74	72.7261	10.5614	79.7171
1	121	74	142.176	75.716	21.2456
1	121	74	123.949	72.4351	3.33834
1	121	74	138.845	78.6628	18.444
1	121	74	130.39	73.1458	9.42887
1	121	74	59.8866	97.4296	65.4507
1	121	74	121.534	80.207	6.22991
1	121	74	71.4468	10.6015	80.4667
1	121	74	136.821	68.1044	16.8834
1	121	74	123.191	75.3356	2.56643
1	121	74	84.6882	56.5777	40.2751
1	121	74	122.578	82.6184	8.76166
1	121	74	44.1985	45.0859	82.064
1	121	74	128.635	80.0488	9.7403
1	121	74	120.506	73.2094	0.932269
1	121	74	99.3688	96.4837	31.1998
1	121	74	119.973	72.785	1.59088
1	121	74	134.408	74.5404	13.4191
1	121	74	122.798	86.7672	12.8932
1	121	74	122.621	71.5335	2.95164
1	121	74	108.393	46.7206	30.0518
1	121	74	133.175	75.6923	12.2918
1	121	74	117.923	46.0897	28.0794
1	121	74	111.02	45.1733	30.5054
1	121	74	118.991	46.2615	27.8112
1	121	74	108.088	45.1728	31.5867
1	121	74	125.227	79.9541	7.30212
1	121	74	119.448	78.0445	4.33212
1	121	74	115.719	45.7507	28.7386
1	121	74	120.953	46.6088	27.3912
1	121	74	103.476	55.4098	25.5476
1	121	74	109.114	50.8122	26.0568
1	121	74	0.930071	91.5042	121.339
1	121	74	112.854	45.255	29.8769
1	121	74	135.721	75.4001	14.7879
1	121	74	86.7433	20.4743	63.5494
1	121	74	71.1329	10.772	80.5264
1	121	74	97.2058	93.3911	30.6949
1	121	74	138.594	74.6643	17.607
1	121	74	141.302	60.5447	24.356
1	121	74	135.7	63.2682	18.2008
1	121	74	120.642	76.5353	2.56039
1	121	74	124.06	89.2686	15.5721
1	121	74	113.33	45.3367	29.6718
1	121	74	130.087	66.8965	11.534
1	121	74	113.249	45.3366	29.6929
1	121	74	136.025	71.0594	15.3096
1	121	74	99.5962	97.4381	31.7406
1	121	74	104.908	49.8648	29.0082
1	121	74	86.3891	61.3174	36.8614
1	121	74	70.7511	14.8865	77.5845
1	121	74	105.73	55.0734	24.3184
1	121	74	114.544	81.3678	9.796
1	121	74	90.2967	63.9579	32.3038
1	121	74	133.726	57.5055	20.8329
1	121	74	137.898	82.6599	18.9878
1	121	74	108.638	63.0071	16.5427
1	121	74	129.756	87.08	15.7402
1	121	74	118.954	79.2774	5.66002
1	121	74	120.195	84.9489	10.9785
1	121	74	126.023	77.2826	6.0008
1	121	74	134.616	62.6438	17.7301
1	121	74	136.331	76.8069	15.5859
1	121	74	130.931	47.9228	27.9041
1	121	74	60.1664	97.4297	65.1896
1	121	74	138.568	77.8335	17.9814
1	121	74	141.658	84.572	23.2059
1	121	74	130.257	67.0175	11.5953
1	121	74	135.25	68.2636	15.3612
1	121	74	121.86	68.0968	5.9655
1	121	74	122.069	71.8557	2.3958
1	121	74	137.084	77.6529	16.4935
1	121	74	123.761	69.3019	5.44934
1	121	74	132.8	74.5936	11.8146
1	121	74	119.808	46.3915	27.6343
1	121	74	139.344	69.1813	18.9665
1	121	74	103.505	97.275	29.117
1	121	74	111.591	45.1734	30.3234
1	121	74	114.247	45.8315	28.9665
1	121	74	130.907	84.4879	14.4271
1	121	74	127.296	57.7091	17.4651
1	121	74	104.658	45.1722	33.1375
1	121	74	105.366	65.3721	17.8568
1	121	74	121.558	76.7236	2.78016
1	121	74	103.633	97.4389	29.172
1	121	74	127.582	65.0725	11.0913
1	121	74	135.621	80.2221	15.8902
1	121	74	138.085	76.0479	17.2073
1	121	74	96.864	74.7745	24.1485
1	121	74	121.358	72.7357	1.31398
1	121	74	70.9286	13.0007	78.9181
1	121	74	141.742	79.4984	21.4584
1	121	74	139.91	73.2289	18.9254
1	121	74	130.998	64.8242	13.5707
1	121	74	134.553	61.9252	18.152
1	121	74	138.579	59.1702	22.9984
1	121	74	113.33	45.3367	29.6717
1	121	74	139.675	60.3944	23.1052
1	121	74	25.4063	69.8731	95.6828
1	121	74	139.014	67.4101	19.1812
1	121	74	122.276	77.286	3.52513
1	121	74	131.835	70.1962	11.4833
1	121	74	121.832	60.1027	13.9222
1	121	74	127.805	56.0085	19.2354
1	121	74	129.203	79.3786	9.80935
1	121	74	56.5999	54.0554	67.4178
1	121	74	112.915	78.9468	9.47868
1	121	74	138.252	75.4587	17.3134
1	121	74	106.586	97.4395	27.517
1	121	74	71.1178	10.7795	80.53
1	121	74	120.409	74.4662	0.753054
1	121	74	122.167	75.7901	2.13682
1	121	74	109.331	46.0909	30.2504
1	121	74	41.5696	23.838	93.9437
1	121	74	121.887	92.2053	18.2269
1	121	74	126.184	93.8618	20.5273
1	121	74	134.157	75.8613	13.2881
1	121	74	127.05	80.931	9.20035
1	121	74	126.291	47.487	27.0358
1	121	74	139.295	84.391	21.0403
1	121	74	127.209	64.4395	11.3997
1	121	74	115.709	61.7265	13.3655
1	121	74	97.9898	48.4817	34.3606
1	121	74	141.112	68.9003	20.7486
1	121	74	128.753	76.553	8.16295
1	121	74	127.311	81.9755	10.1703
1	121	74	132.804	78.7119	12.7095
1	121	74	126.115	72.6122	5.29969
1	121	74	142.174	74.6732	21.1848
1	121	74	130.582	78.4962	10.5845
1	121	74	104.182	97.439	28.8485
1	121	74	122.812	73.5233	1.87383
1	121	74	139.608	49.4708	30.7886
1	121	74	108.928	47.2402	29.3569
1	121	74	121.339	77.8848	3.8995
1	121	74	129.294	91.7625	19.6035
1	121	74	131.72	65.3472	13.7767
1	121	74	138.135	58.8977	22.8408
1	121	74	106.286	97.3839	27.6278
1	121	74	111.904	77.2797	9.66956
1	121	74	51.0197	38.2453	78.5853
1	121	74	136.255	80.1342	16.4425
1	121	74	102.963	45.1719	34.0056
1	121	74	120.887	73.0385	0.968088
1	121	74	128.267	90.6857	18.1996
1	121	74	117.455	46.0461	28.1778
1	121	74	5.30516	87.72	116.506
1	121	74	140.391	83.5679	21.6233
1	121	74	104.465	96.8472	28.2028
1	121	74	121.561	61.0759	12.9363
1	121	74	100.962	72.6416	20.0838
1	121	74	108.351	53.549	24.0466
1	121	74	89.7732	59.3916	34.4749
1	121	74	119.311	75.3412	2.15678
1	121	74	126.923	80.5144	8.80468
1	121	74	89.8212	59.9784	34.1866
1	121	74	136.527	57.3447	22.7703
1	121	74	123.651	75.5061	3.04912
1	121	74	134.311	67.9473	14.6222
1	121	74	117.681	46.0471	28.1492
1	121	74	117.919	86.5639	12.9362
1	121	74	127.973	69.7262	8.17815
1	121	74	117.953	77.4069	4.5708
1	121	74	117.927	77.6976	4.80809
1	121	74	134.912	83.3782	16.7781
1	121	74	128.913	65.6889	11.4755
1	121	74	133.808	82.7071	15.487
1	121	74	99.7533	97.3534	31.5721
1	121	74	99.6215	97.4381	31.7235
1	121	74	135.347	69.6533	14.9909
1	121	74	120.179	51.781	22.2341
1	121	74	118.373	19.2481	54.8149
1	121	74	92.7576	97.4366	36.7003
1	121	74	130.515	73.1826	9.54966
1	121	74	120.888	73.9088	0.144278
1	121	74	125.38	74.9142	4.47467
1	121	74	120.258	73.8961	0.749658
1	121	74	132.353	80.6252	13.145
1	121	74	60.4083	61.0578	61.9585
1	121	74	132.079	80.563	12.8774
1	121	74	112.327	45.1736	30.103
1	121	74	124.056	78.1362	5.14295
1	121	74	101.371	95.7048	29.2642
1	121	74	134.699	82.1346	15.9322
1	121	74	137.154	75.452	16.2189
1	121	74	117.533	77.7539	5.1101
1	121	74	120.711	75.2932	1.32506
1	121	74	125.827	77.0348	5.70206
1	121	74	131.355	82.3836	13.3233
1	121	74	86.6265	61.975	36.4162
1	121	74	128.4	85.4824	13.6605
1	121	74	116.491	74.9412	4.60589
1	121	74	43.4338	25.7654	91.3405
1	121	74	130.832	80.9838	12.0596
1	121	74	115.619	60.359	14.6642
1	121	74	121.411	91.3446	17.3495
1	121	74	105.87	68.2111	16.1995
1	121	74	139.397	65.3184	20.3425
1	121	74	132.355	74.4887	11.3658
1	121	74	123.899	87.2514	13.5648
1	121	74	126.432	94.4644	21.1731
1	121	74	122.197	73.2965	1.38854
1	121	74	114.812	73.2801	6.22992
1	121	74	123.157	87.7851	13.9528
1	121	74	103.009	95.4115	27.9666
1	121	74	118.74	52.5512	21.5676
1	121	74	133.06	70.2421	12.6315
1	121	74	128.088	54.7222	20.5396
1	121	74	117.206	46.0037	28.2523
1	121	74	130.702	59.2912	17.6202
1	121	74	115.856	54.3204	20.3408
1	121	74	139.219	85.3049	21.4412
1	121	74	138.878	74.8167	17.8965
1	121	74	123.501	66.6103	7.80148
1	121	74	115.978	45.7927	28.6508
1	121	74	124.171	70.5764	4.66636
1	121	74	128	65.3025	11.1648
1	121	74	132.362	69.8555	12.0945
1	121	74	121.667	91.1538	17.1668
1	121	74	124.952	71.7974	4.52458
1	121	74	141.511	66.147	21.9631
1	121	74	104.787	50.6431	28.4322
1	121	74	128.2	75.421	7.33841
1	121	74	120.286	88.7698	14.787
1	121	74	71.3439	10.5702	80.5547
1	121	74	139.357	79.2242	19.0855
1	121	74	100.512	66.4945	21.8197
1	121	74	142.183	79.4595	21.8753
1	121	74	51.8825	38.1473	77.863
1	121	74	139.087	86.016	21.7145
1	121	74	102.368	96.8631	29.4938
1	121	74	128.561	70.8896	8.17559
1	121	74	56.5201	17.9116	85.4609
1	121	74	142.174	74.7789	21.1886
1	121	74	113.09	74.5	7.92543
1	121	74	138.857	71.4104	18.044
1	121	74	87.1107	61.4731	36.1305
1	121	74	4.59778	90.8333	117.613
1	121	74	118.371	46.175	27.949
1	121	74	119.388	46.3053	27.7415
1	121	74	141.33	64.4532	22.4601
1	121	74	135.168	81.6253	16.0896
1	121	74	41.4998	24.0082	93.912
1	121	74	111.624	45.1734	30.3131
1	121	74	96.3765	50.7287	33.8802
1	121	74	120.635	75.011	1.07488
1	121	74	92.0119	46.2865	40.1042
1	121	74	114.323	53.9205	21.1603
1	121	74	132.15	58.2349	19.3096
1	121	74	115.457	45.7089	28.8291
1	121	74	112.323	45.1736	30.1041
1	121	74	120.199	88.4575	14.4797
1	121	74	117.324	77.6913	5.20933
1	121	74	140.033	84.6155	21.7931
1	121	74	132.279	62.0547	16.429
1	121	74	117.912	79.07	5.93659
1	121	74	116.59	46.0883	28.258
1	121	74	133.388	73.5649	12.3956
1	121	74	120.135	76.3441	2.49872
1	121	74	134.805	72.6751	13.8682
1	121	74	132.006	60.6196	17.3251
1	121	74	138.771	74.1696	17.7722
1	121	74	124.75	75.3763	3.99484
1	121	74	133.597	83.6427	15.8636
1	121	74	120.305	90.3146	16.3293
1	121	74	41.3796	23.9764	94.0307
1	121	74	121.721	74.3762	0.813131
1	121	74	122.222	88.9796	15.0294
1	121	74	137.402	74.096	16.4027
1	121	74	140.169	71.9895	19.2739
1	121	74	133.989	89.4545	20.1881
1	121	74	141.075	61.2654	23.7738
1	121	74	118.435	77.77	4.55976
1	121	74	105.467	48.0956	30.2047
1	121	74	117.638	46.0469	28.1546
1	121	74	101.054	57.4467	25.9199
1	121	74	131.326	69.5619	11.2392
1	121	74	21.8347	26.6899	109.873
1	121	74	101.846	96.6568	29.6684
1	121	74	124.87	80.347	7.43399
1	121	74	115.435	76.5409	6.11784
1	121	74	127.091	68.608	8.13487
1	121	74	127.313	74.2443	6.31737
1	121	74	71.5292	10.5443	80.4611
1	121	74	131.166	77.3033	10.6892
1	121	74	125.161	73.517	4.18856
1	121	74	85.6759	57.7374	38.8879
1	121	74	128.626	71.1074	8.15578
1	121	74	133.993	70.2711	13.5177
1	121	74	117.232	45.9623	28.2897
1	121	74	132.63	75.7501	11.7608
1	121	74	125.784	90.5499	17.2275
1	121	74	102.921	97.4388	29.6011
1	121	74	71.3273	10.6767	80.4811
1	121	74	105.427	97.4393	28.1408
1	121	74	122.419	73.0558	1.70458
1	121	74	131.819	77.3529	11.3267
1	121	74	119.599	88.3064	14.3748
1	121	74	122.433	89.2357	15.3029
1	121	74	133.509	62.7499	16.8237
1	121	74	137.796	66.0634	18.5766
1	121	74	142.18	77.8153	21.5211
1	121	74	100.929	97.4383	30.858
1	121	74	133.414	84.2423	16.094
1	121	74	112.322	45.2141	30.0655
1	121	74	129.01	53.3698	22.1306
1	121	74	85.6978	65.5112	36.3085
1	121	74	140.179	70.3078	19.5308
1	121	74	139.544	72.5569	18.6004
1	121	74	118.204	75.2761	3.07319
