1	121	74	56.7932	97.4289	68.3479
1	121	74	115.924	45.504	28.9445
1	121	74	116.647	45.6293	28.7027
1	121	74	118.239	85.4601	11.7881
1	121	74	110.062	67.2483	12.8538
1	121	74	93.7916	90.9387	32.0502
1	121	74	115.707	80.1771	8.13477
1	121	74	109.648	83.691	14.9259
1	121	74	49.7964	30.5953	83.3902
1	121	74	88.2892	64.9775	33.9324
1	121	74	106.456	50.4878	27.6469
1	121	74	114.851	97.4535	24.2463
1	121	74	112.749	82.6828	11.9778
1	121	74	72.4454	11.0487	79.5011
1	121	74	136.74	84.9435	19.1708
1	121	74	41.7202	24.1352	93.6578
1	121	74	80.9224	46.0638	48.8533
1	121	74	118.759	76.0408	3.03078
1	121	74	142.07	67.3474	22.0954
1	121	74	89.2557	62.0055	33.9348
1	121	74	120.958	71.5794	2.421
1	121	74	128.423	69.6117	8.62332
1	121	74	123.058	73.4908	2.12021
1	121	74	116.419	86.1554	12.9899
1	121	74	34.2448	30.5791	97.0146
1	121	74	107.803	85.0225	17.1948
1	121	74	118.269	45.8829	28.2494
1	121	74	130.235	72.91	9.29954
1	121	74	120.546	84.5485	10.5583
1	121	74	114.784	45.338	29.3283
1	121	74	124.575	77.8981	5.28929
1	121	74	39.0064	25.4807	95.2737
1	121	74	108.679	51.9694	25.242
1	121	74	103.291	87.7565	22.4246
1	121	74	104.73	45.9031	32.4677
1	121	74	81.8099	56.3364	42.9868
1	121	74	110.058	81.5713	13.3058
1	121	74	141.545	70.228	20.8884
1	121	74	119.835	74.3987	1.23105
1	121	74	139.839	63.6921	21.475
1	121	74	118.436	97.466	23.6057
1	121	74	120.863	74.2423	0.278255
1	121	74	132.811	77.509	12.3214
1	121	74	132.752	80.1286	13.254
1	121	74	112.849	86.431	14.8647
1	121	74	111.105	93.8085	22.1425
1	121	74	112.763	87.0009	15.3908
1	121	74	106.556	85.3753	18.3857
1	121	74	117.962	75.73	3.49599
1	121	74	124.16	70.5793	4.65676
1	121	74	136.22	81.8966	17.1463
1	121	74	119.513	89.2176	15.2901
1	121	74	141.009	64.2129	22.2746
1	121	74	123.529	46.7113	27.4057
1	121	74	106.219	89.8944	21.705
1	121	74	72.5953	10.8944	79.532
1	121	74	116.201	81.5838	8.97442
1	121	74	140.334	70.8793	19.5845
1	121	74	117.312	90.0399	16.4583
1	121	74	129.464	55.9013	19.9802
1	121	74	71.145	10.5517	80.692
1	121	74	85.3507	66.2016	36.4923
1	121	74	109.818	94.8762	23.6825
1	121	74	126.094	66.0376	9.45265
1	121	74	108.123	96.8792	26.2542
1	121	74	138.676	73.6063	17.6804
1	121	74	110.118	83.2253	14.2665
1	121	74	120.625	78.2056	4.22224
1	121	74	119.593	94.7688	20.8164
1	121	74	120.977	88.5594	14.5594
1	121	74	112.049	82.9487	12.657
1	121	74	132.88	69.504	12.7021
1	121	74	120.62	76.4857	2.51456
1	121	74	117.842	45.8398	28.3367
1	121	74	38.347	25.8617	95.6494
1	121	74	98.0219	54.1873	30.3403
1	121	74	140.089	76.1338	19.208
1	121	74	51.7983	37.0655	78.4413
1	121	74	133.754	76.6863	13.0334
1	121	74	129.191	83.5402	12.574
1	121	74	136.028	51.7725	26.8311
1	121	74	114.893	85.9555	13.4249
1	121	74	88.2038	65.6508	33.8423
1	121	74	110.963	97.4404	25.4989
1	121	74	128.04	93.1645	20.4169
1	121	74	142.135	71.7113	21.259
1	121	74	116.732	88.1281	14.7586
1	121	74	122.472	91.4731	17.535
1	121	74	132.339	70.398	11.8971
1	121	74	116.376	81.6251	8.91739
1	121	74	120.22	83.7885	9.81952
1	121	74	109.438	91.4925	20.9684
1	121	74	130.951	72.5083	10.0621
1	121	74	138.28	73.8617	17.2806
1	121	74	38.2276	26.1135	95.6263
1	121	74	100.479	79.7328	21.3072
1	121	74	114.69	77.3743	7.15538
1	121	74	141.243	69.7978	20.675
1	121	74	82.7772	45.6265	47.6029
1	121	74	62.7238	16.8082	81.6518
1	121	74	102.654	51.063	29.3715
1	121	74	99.1728	97.438	32.0276
1	121	74	39.6692	25.1048	94.897
1	121	74	97.4747	95.5399	31.8969
1	121	74	131.44	74.0911	10.4403
1	121	74	133.012	81.3355	14.0749
1	121	74	122.047	95.2115	21.2374
1	121	74	114.405	45.2558	29.4912
1	121	74	142.277	70.3669	21.5853
1	121	74	97.2416	97.4376	33.3734
1	121	74	123.102	89.5222	15.664
1	121	74	132.454	64.1059	15.1353
1	121	74	131.088	75.4856	10.1967
1	121	74	108.073	94.1107	23.9071
1	121	74	142.065	55.8235	27.8227
1	121	74	98.9024	65.6259	23.6311
1	121	74	112.117	83.0847	12.7058
1	121	74	121.255	71.2489	2.76286
1	121	74	111.919	90.9835	19.2589
1	121	74	126.068	76.2456	5.5436
1	121	74	117.573	45.7975	28.41
1	121	74	121.955	78.8242	4.91774
1	121	74	132.49	70.8854	11.9046
1	121	74	114.545	45.2969	29.4199
1	121	74	101.003	81.0393	21.1999
1	121	74	48.4675	30.1807	84.7414
1	121	74	107.691	97.4904	26.9988
1	121	74	35.8716	24.6753	98.3858
1	121	74	122.258	89.8134	15.8633
1	121	74	85.612	66.11	36.2569
1	121	74	138.935	61.1521	22.0623
1	121	74	119.754	77.3573	3.58119
1	121	74	107.779	92.8137	22.9943
1	121	74	140.518	65.0577	21.4689
1	121	74	99.2938	82.0348	23.1455
1	121	74	46.6993	44.7599	79.8472
1	121	74	129.62	83.1343	12.5598
1	121	74	118.719	82.1406	8.45419
1	121	74	124.708	69.6597	5.70833
1	121	74	139.223	75.0668	18.2544
1	121	74	113.582	45.1738	29.7654
1	121	74	128.491	87.7907	15.6938
1	121	74	118.103	97.4227	23.6012
1	121	74	122.093	78.7671	4.89076
1	121	74	88.3165	65.9214	33.6671
1	121	74	105.04	76.8181	16.2069
1	121	74	117.238	77.9721	5.47111
1	121	74	113.806	59.2091	16.4477
1	121	74	115.468	96.3561	23.0304
1	121	74	114.579	82.4142	10.5843
1	121	74	137.352	76.464	16.537
1	121	74	95.0351	97.4371	34.9782
1	121	74	132.495	49.126	27.4016
1	121	74	121.704	72.1457	1.98328
1	121	74	94.5045	96.4135	34.7041
1	121	74	126.495	92.1275	18.942
1	121	74	110.677	97.4404	25.6126
1	121	74	128.529	74.9362	7.58688
1	121	74	95.2073	92.7567	31.8916
1	121	74	116.674	86.8461	13.5549
1	121	74	99.4713	97.438	31.8249
1	121	74	8.61213	84.8416	112.91
1	121	74	112.782	67.157	10.6938
1	121	74	121.068	72.9965	1.00576
1	121	74	106.165	76.0967	14.9819
1	121	74	111.213	96.7258	24.7437
1	121	74	86.1969	61.5069	36.9775
1	121	74	138.451	76.1281	17.5802
1	121	74	130.539	90.9523	19.4519
1	121	74	86.235	66.1267	35.6454
1	121	74	119.501	79.2278	5.43853
1	121	74	105.201	97.4392	28.2665
1	121	74	140.168	85.2216	22.2111
1	121	74	117.725	78.8179	5.82548
1	121	74	108.111	85.6385	17.3659
1	121	74	126.227	88.1888	15.1209
1	121	74	140.402	85.0552	22.3308
1	121	74	118.421	74.5516	2.63722
1	121	74	132.746	77.9952	12.4066
1	121	74	39.4875	25.1873	95.0103
1	121	74	132.383	74.9172	11.4197
1	121	74	131.194	63.9813	14.2932
1	121	74	105.978	45.1724	32.5069
1	121	74	102.303	96.1328	28.9729
1	121	74	123.541	81.3839	7.80873
1	121	74	139.17	73.4266	18.1791
1	121	74	111.934	84.9914	14.248
1	121	74	121.142	74.8942	0.905428
1	121	74	112.651	97.4116	24.8557
1	121	74	140.849	74.2318	19.8499
1	121	74	95.6181	47.9386	36.3791
1	121	74	127.677	94.3309	21.3991
1	121	74	130.451	80.8135	11.6508
1	121	74	141.277	86.9703	24.0709
1	121	74	120.235	77.38	3.46537
1	121	74	119.649	46.139	27.8937
1	121	74	108.287	47.8772	29.0518
1	121	74	140.089	74.5574	19.0971
1	121	74	139.372	82.6609	20.3109
1	121	74	111.439	95.4107	23.4486
1	121	74	124.467	73.0546	3.59343
1	121	74	116.376	47.2377	27.1588
1	121	74	82.1998	59.2485	41.5098
1	121	74	133.066	64.6871	15.2417
1	121	74	137.99	71.0219	17.2486
1	121	74	139.366	86.1474	22.0198
1	121	74	113.473	97.0242	24.2232
1	121	74	97.2618	97.4376	33.359
1	121	74	116.196	78.2604	6.42076
1	121	74	142.142	75.1266	21.1722
1	121	74	133.714	82.8936	15.5157
1	121	74	116.018	83.1482	10.417
1	121	74	97.6372	83.617	25.2647
1	121	74	132.11	50.1339	26.3252
1	121	74	93.07	47.3437	38.6089
1	121	74	126.893	72.7891	6.01591
1	121	74	123.655	72.9086	2.87093
1	121	74	111.084	69.3382	10.9568
1	121	74	118.381	74.6774	2.7055
1	121	74	94.7923	97.4371	35.1587
1	121	74	97.0985	48.1748	35.1884
1	121	74	109.324	94.4257	23.5275
1	121	74	122.042	74.8055	1.31682
1	121	74	93.3531	56.4527	32.7454
1	121	74	136.474	75.2539	15.525
1	121	74	124.654	79.7562	6.81829
1	121	74	112.325	73.9606	8.67482
1	121	74	136.596	77.0999	15.9014
1	121	74	127.313	78.9678	8.03304
1	121	74	121.431	74.9061	1.00343
1	121	74	128.403	79.3047	9.1075
1	121	74	109.829	97.4402	25.9659
1	121	74	135.466	63.5428	17.8497
1	121	74	108.508	67.4811	14.091
1	121	74	130.959	75.0569	10.015
1	121	74	126.875	74.4918	5.89575
1	121	74	135.526	82.4043	16.7819
1	121	74	118.115	57.8801	16.3761
1	121	74	103.263	83.0344	19.9056
1	121	74	110.227	95.2033	23.7831
1	121	74	142.187	81.9076	22.6146
1	121	74	108.874	96.5696	25.6206
1	121	74	94.7126	97.437	35.2182
1	121	74	135.447	65.8724	16.576
1	121	74	129.709	80.9971	11.1719
1	121	74	28.016	34.3006	101.104
1	121	74	85.131	65.8771	36.7773
1	121	74	141.156	55.879	27.1044
1	121	74	115.092	45.4205	29.1838
1	121	74	119.209	46.1382	27.9193
1	121	74	107.653	96.8125	26.4303
1	121	74	108.561	50.4676	26.6177
1	121	74	118.822	46.01	28.0746
1	121	74	109.485	81.3444	13.6579
1	121	74	58.4821	97.4293	66.7639
1	121	74	124.006	78.8421	5.69932
1	121	74	53.3005	37.2113	77.0495
1	121	74	118.553	75.6942	2.97656
1	121	74	97.9219	45.171	36.9284
1	121	74	133.201	76.806	12.5199
1	121	74	121.42	83.3852	9.39456
1	121	74	134.95	58.8623	20.5852
1	121	74	122.537	76.8339	3.22391
1	121	74	97.7637	47.435	35.2934
1	121	74	110.163	97.3869	25.7757
1	121	74	128.483	87.877	15.766
1	121	74	49.5822	19.1223	90.067
1	121	74	113.403	80.0366	9.70351
1	121	74	131.652	82.4607	13.6032
1	121	74	116.472	45.6289	28.7301
1	121	74	116.364	89.2945	15.9816
1	121	74	138.802	57.8611	24.0288
1	121	74	136.233	80.6228	16.6103
1	121	74	121.251	72.8372	1.18947
1	121	74	32.9689	30.459	98.2105
1	121	74	124.058	78.2784	5.25877
1	121	74	77.8229	20.1508	69.0217
1	121	74	119.193	97.4128	23.4824
1	121	74	83.4673	57.8801	40.8479
1	121	74	113.538	76.5479	7.88502
1	121	74	116.862	45.6711	28.6295
1	121	74	134.346	75.0685	13.3889
1	121	74	103.346	48.5323	30.9882
1	121	74	99.8967	95.2995	29.9836
1	121	74	125.32	89.8571	16.4349
1	121	74	117.122	75.4208	4.12982
1	121	74	121.011	71.3135	2.68655
1	121	74	143.127	89.1325	26.807
1	121	74	129.02	75.458	8.15096
1	121	74	47.8475	19.8854	90.9927
1	121	74	141.032	72.0505	20.1262
1	121	74	38.235	22.866	97.2868
1	121	74	109.547	92.9246	22.1201
1	121	74	134.006	71.7814	13.1941
1	121	74	96.2197	97.4374	34.1083
1	121	74	88.2209	65.4531	33.875
1	121	74	115.559	58.5591	16.3715
1	121	74	141.924	71.9353	21.0259
1	121	74	104.705	81.6189	17.9879
1	121	74	104.552	97.4391	28.6342
1	121	74	115.94	97.4849	24.0238
1	121	74	124.385	76.8773	4.44232
1	121	74	130.349	76.8921	9.78596
1	121	74	125.939	75.3547	5.12099
1	121	74	41.116	24.1633	94.1549
1	121	74	138.182	73.8092	17.1829
1	121	74	46.8879	39.3606	81.8077
1	121	74	133.21	70.8715	12.6041
1	121	74	6.11385	86.8437	115.602
1	121	74	138.788	69.6201	18.3193
1	121	74	95.401	77.7739	25.8757
1	121	74	66.5539	11.5543	82.8483
1	121	74	123.36	70.3669	4.33224
1	121	74	136.221	74.9702	15.2516
1	121	74	96.409	91.6642	30.2778
1	121	74	129.096	81.9039	11.3148
1	121	74	115.403	78.0215	6.89199
1	121	74	122.064	95.052	21.0788
1	121	74	40.2664	24.8699	94.5076
1	121	74	110.668	97.485	25.6573
1	121	74	107.708	91.9682	22.3505
1	121	74	120.595	73.8864	0.420891
1	121	74	60.2414	27.58	76.4619
1	121	74	114.623	84.3411	12.1494
1	121	74	110.11	97.345	25.7599
1	121	74	132.155	77.5617	11.7099
1	121	74	130.744	72	9.94684
1	121	74	106.495	78.9445	15.3241
1	121	74	109.671	46.9803	29.2985
1	121	74	119.331	46.0539	27.9959
1	121	74	101.706	92.7167	26.8806
1	121	74	125.051	83.314	10.1568
1	121	74	130.017	76.691	9.41013
1	121	74	121.669	72.3731	1.75899
1	121	74	120.148	71.2887	2.842
1	121	74	122.657	73.4171	1.75672
1	121	74	111.818	89.1714	17.7334
1	121	74	101.241	56.2104	26.587
1	121	74	123.266	75.2529	2.58933
1	121	74	66.7697	46.5644	60.7754
1	121	74	118.84	73.3785	2.24789
1	121	74	104.232	97.439	28.8193
1	121	74	93.3681	97.4368	36.2326
1	121	74	79.602	53.5055	46.1933
1	121	74	117.83	88.2466	14.5951
1	121	74	140.051	85.3098	22.1551
1	121	74	104.327	97.439	28.7641
1	121	74	120.226	46.2257	27.785
1	121	74	107.189	96.805	26.661
1	121	74	117.826	75.8252	3.66126
1	121	74	100.579	45.1715	35.3286
1	121	74	66.5614	47.4515	60.5672
1	121	74	130.609	72.8084	9.68238
1	121	74	127.756	61.9051	13.8538
1	121	74	111.851	45.1735	30.2436
1	121	74	122.274	91.5656	17.6118
1	121	74	48.1569	34.4175	82.9029
1	121	74	133.182	71.8465	12.3705
1	121	74	123.012	72.8492	2.31754
1	121	74	129.228	81.3945	11.0627
1	121	74	110.383	55.3155	21.4904
1	121	74	137.44	73.8803	16.4406
1	121	74	82.6268	57.4117	41.8052
1	121	74	124.182	73.846	3.18554
1	121	74	103.824	45.3898	33.37
1	121	74	107.69	81.9114	15.4835
1	121	74	139.161	70.4364	18.5074
1	121	74	134.686	70.4142	14.1477
1	121	74	142.173	74.0074	21.1727
1	121	74	70.6177	10.7979	80.8262
1	121	74	84.3723	66.3359	37.421
1	121	74	109.988	90.3266	19.6931
1	121	74	86.8533	65.8278	35.111
1	121	74	90.3581	61.6528	33.036
1	121	74	120.61	78.5089	4.5257
1	121	74	100.338	97.4382	31.2456
1	121	74	108.963	76.7107	12.3387
1	121	74	120.149	46.1833	27.8297
1	121	74	130.443	71.9006	9.67386
1	121	74	138.348	83.9095	19.979
1	121	74	126.784	72.1494	6.07269
1	121	74	119.979	72.1508	2.11226
1	121	74	111.153	97.1091	25.1197
1	121	74	128.879	91.6546	19.333
1	121	74	138.75	72.3052	17.8307
1	121	74	100.92	93.5144	28.0004
1	121	74	121.161	83.0403	9.04177
1	121	74	138.766	67.1386	19.045
1	121	74	124.158	55.1464	19.1163
1	121	74	122.661	76.1951	2.75287
1	121	74	39.7604	24.9135	94.9176
1	121	74	138.327	72.9001	17.3619
1	121	74	139.94	85.6112	22.2162
1	121	74	123.317	71.382	3.49597
1	121	74	134.736	78.0683	14.3261
1	121	74	142.157	82.1789	22.6827
1	121	74	110.965	45.1733	30.5235
1	121	74	134.319	75.9678	13.4639
1	121	74	128.495	71.111	8.03279
1	121	74	105.727	97.4393	27.9761
1	121	74	125.297	69.4474	6.26022
1	121	74	84.2435	65.6719	37.6882
1	121	74	45.1354	29.5116	87.9469
1	121	74	122.185	79.7039	5.82565
1	121	74	100.125	97.4382	31.3863
1	121	74	121.509	69.4331	4.59514
1	121	74	141.477	69.1829	21.0357
1	121	74	104.612	83.9024	19.1471
1	121	74	139.594	85.8933	22.0721
1	121	74	121.17	88.1507	14.1517
1	121	74	116.941	83.2115	10.0663
1	121	74	70.8225	10.6963	80.7784
1	121	74	39.2162	25.352	95.1589
1	121	74	46.9097	45.764	79.2883
1	121	74	123.881	68.7916	5.95199
1	121	74	104.079	97.439	28.9086
1	121	74	118.076	66.0574	8.46377
1	121	74	118.622	77.8742	4.54555
1	121	74	99.1837	60.6223	25.5913
1	121	74	118.587	45.9257	28.1778
1	121	74	104.116	72.0644	16.9945
1	121	74	118.61	75.0767	2.62127
1	121	74	76.6692	12.4043	75.8898
1	121	74	119.203	93.1514	19.2355
1	121	74	106.351	97.3839	27.5936
1	121	74	134.585	47.4015	29.867
1	121	74	53.9446	14.3455	89.7501
1	121	74	112.59	71.9684	8.65183
1	121	74	87.4687	65.7165	34.5393
1	121	74	36.2801	27.9106	96.4453
1	121	74	84.9715	53.2902	41.5566
1	121	74	94.5962	52.9302	33.7802
1	121	74	139.276	77.8013	18.6669
1	121	74	98.32	50.1347	32.9232
1	121	74	119.386	75.3709	2.11782
1	121	74	114.716	45.338	29.3428
1	121	74	99.4711	45.1713	35.9804
1	121	74	133.663	69.692	13.3753
1	121	74	129.951	71.9007	9.19412
1	121	74	61.4774	16.1589	82.9972
1	121	74	100.455	79.9192	21.3807
1	121	74	115.687	45.5036	28.9874
1	121	74	87.5979	60.0232	36.2085
1	121	74	90.5806	58.7946	34.008
1	121	74	103.629	93.3001	25.9662
1	121	74	117.025	86.5873	13.2
1	121	74	117.513	85.694	12.2029
1	121	74	99.1901	45.1712	36.1493
1	121	74	128.922	70.2077	8.78322
1	121	74	83.4647	65.4161	38.5043
1	121	74	118.21	85.0956	11.441
1	121	74	139.253	85.4532	21.5486
1	121	74	119.976	97.3849	23.4073
1	121	74	118.203	92.4293	18.6404
1	121	74	141.21	79.8502	21.0396
1	121	74	31.0166	29.8587	100.227
1	121	74	108.76	97.44	26.4433
1	121	74	123.967	75.457	3.30583
1	121	74	124.184	82.1606	8.75964
1	121	74	110.112	93.9121	22.6945
1	121	74	104.281	97.3831	28.7455
1	121	74	117.669	92.8702	19.162
1	121	74	131.516	85.1025	15.2925
1	121	74	125.021	77.2779	5.18756
1	121	74	122.255	85.6737	11.741
1	121	74	117.91	75.1528	3.29759
1	121	74	131.321	67.4717	12.212
1	121	74	97.8411	97.4377	32.9493
1	121	74	110.435	89.3714	18.652
1	121	74	99.4174	97.438	31.8614
1	121	74	98.5463	97.3807	32.4164
1	121	74	124.593	66.1347	8.64707
1	121	74	132.145	65.7483	13.8672
1	121	74	125.147	77.5973	5.48995
1	121	74	127.152	80.6979	9.09455
1	121	74	117.875	77.8824	4.98385
1	121	74	118.539	45.9255	28.1822
1	121	74	118.83	77.1508	3.82549
1	121	74	115.552	45.4622	29.0531
1	121	74	122.085	75.1465	1.57857
1	121	74	115.152	45.3795	29.212
1	121	74	112.232	45.1735	30.1304
1	121	74	120.207	76.8209	2.93038
1	121	74	115.027	45.3793	29.2372
1	121	74	104.409	50.3228	28.9113
1	121	74	135.546	80.8666	16.0851
1	121	74	115.09	45.3794	29.2244
1	121	74	113.822	45.1738	29.7065
1	121	74	113.288	76.7495	8.18733
1	121	74	95.0306	52.8128	33.5158
1	121	74	51.1279	31.7167	81.67
1	121	74	85.7622	65.634	36.2173
1	121	74	124.29	88.6767	15.041
1	121	74	118.719	78.3272	4.89158
1	121	74	115.131	96.6976	23.4442
1	121	74	110.246	92.7139	21.584
1	121	74	139.869	70.3544	19.2178
1	121	74	122.007	76.6418	2.82704
1	121	74	124.828	65.7761	9.07101
1	121	74	131.018	88.9254	17.9759
1	121	74	132.63	84.0564	15.3748
1	121	74	101.567	97.4385	30.4465
1	121	74	132.494	82.3924	14.2316
1	121	74	130.327	89.2087	17.8407
1	121	74	112.007	86.769	15.6181
1	121	74	38.1733	26.4417	95.5094
1	121	74	118.589	73.2901	2.51358
1	121	74	122.407	82.5244	8.63968
1	121	74	104.241	70.1841	17.188
1	121	74	110.398	45.1732	30.7144
1	121	74	112.462	69.6672	9.57429
1	121	74	131.394	71.2507	10.7517
1	121	74	93.6539	95.7171	34.9205
1	121	74	131.884	84.5393	15.1502
1	121	74	132.635	63.4548	15.7024
1	121	74	133.507	70.6042	12.9595
1	121	74	96.4342	59.9004	28.3245
1	121	74	126.577	93.6002	20.3782
1	121	74	118.768	73.5981	2.26769
1	121	74	131.578	83.1868	14.0104
1	121	74	112.159	68.7402	10.2872
1	121	74	128.375	69.7094	8.53191
1	121	74	117.941	45.8402	28.3255
1	121	74	39.1316	25.4008	95.2067
1	121	74	7.7076	87.5048	114.094
1	121	74	132.719	76.2396	11.9312
1	121	74	114.592	85.2283	12.928
1	121	74	115.213	86.9387	14.174
1	121	74	129.828	75.0965	8.89613
1	121	74	100.975	86.5089	23.6108
1	121	74	140.519	84.9502	22.3811
1	121	74	121.14	73.8899	0.178137
1	121	74	109.722	76.4652	11.5442
1	121	74	86.2653	65.7614	35.6984
1	121	74	134.937	69.4647	14.6565
1	121	74	121.051	72.4793	1.52154
1	121	74	109.037	97.44	26.3165
1	121	74	39.8155	25.0367	94.8068
1	121	74	41.4922	23.7112	94.0769
1	121	74	106.393	97.4395	27.6183
1	121	74	105.182	88.1577	21.2283
1	121	74	48.3232	39.1012	80.6217
1	121	74	117.591	93.3336	19.6319
1	121	74	119.948	48.2833	25.7382
1	121	74	98.1574	95.896	31.6421
1	121	74	116.303	45.5872	28.7985
1	121	74	127.587	81.2008	9.75929
1	121	74	113.515	79.5224	9.30193
1	121	74	139.49	79.6997	19.3486
1	121	74	119.366	78.7294	5.00382
1	121	74	97.6338	97.3803	33.0548
1	121	74	41.4285	23.9448	94.0061
1	121	74	96.4562	53.9294	31.7053
1	121	74	74.7386	29.0295	64.5172
1	121	74	111.012	69.4464	10.977
1	121	74	131.108	72.4722	10.2232
1	121	74	111.651	77.1507	9.86556
1	121	74	116.137	45.5869	28.8264
1	121	74	129.397	85.2989	14.0776
1	121	74	119.877	46.182	27.8406
1	121	74	38.1598	25.9684	95.7577
1	121	74	100.718	97.4383	30.9955
1	121	74	110.839	84.598	14.6819
1	121	74	131.038	76.6714	10.3877
1	121	74	128.004	86.7428	14.5408
1	121	74	140.937	64.5967	22.0437
1	121	74	111.9	48.4383	27.1333
1	121	74	59.9686	10.7756	87.8758
1	121	74	39.6636	25.0932	94.9078
1	121	74	8.78699	85.8123	112.833
1	121	74	111.825	82.9148	12.7928
1	121	74	125.429	81.7964	8.96676
1	121	74	107.22	97.4797	27.2248
1	121	74	44.0695	40.1278	84.0573
1	121	74	128.574	80.4174	9.92696
1	121	74	40.0804	27.5455	93.306
1	121	74	132.961	51.5885	25.4035
1	121	74	85.1839	63.3453	37.3673
1	121	74	88.918	53.4388	38.1053
1	121	74	103.539	56.898	24.4412
1	121	74	133.614	67.236	14.313
1	121	74	118.474	45.9253	28.1881
1	121	74	139.371	86.2828	22.0985
1	121	74	133.697	70.6752	13.1249
1	121	74	121.78	75.0166	1.28114
1	121	74	99.8648	45.1713	35.7461
1	121	74	73.639	11.6397	78.3063
1	121	74	111.729	97.3419	25.1155
1	121	74	132.858	73.9315	11.8579
1	121	74	105.161	62.261	19.7146
1	121	74	133.436	81.0963	14.3179
1	121	74	128.15	73.1872	7.1964
1	121	74	41.2591	24.0634	94.0865
1	121	74	129.836	68.6706	10.3184
1	121	74	83.1005	55.7669	42.0573
1	121	74	98.2725	50.1437	32.9494
1	121	74	137.645	66.7719	18.1464
1	121	74	98.6782	47.9252	34.3243
1	121	74	111.544	82.4876	12.7062
1	121	74	40.407	24.9203	94.3613
1	121	74	117.623	81.9782	8.66339
1	121	74	114.087	49.5325	25.4252
1	121	74	48.1053	29.0452	85.6422
1	121	74	123.416	90.6822	16.8563
1	121	74	38.1424	25.9843	95.7647
1	121	74	126.351	94.0372	20.7393
1	121	74	39.1129	25.4134	95.2164
1	121	74	100.524	97.4383	31.1229
1	121	74	124.693	71.0499	4.72671
1	121	74	128.66	90.9444	18.5953
1	121	74	104.344	97.4391	28.7545
1	121	74	124.78	73.6197	3.79958
1	121	74	114.834	45.3381	29.3177
1	121	74	123.377	94.6534	20.7898
1	121	74	138.44	41.8322	36.5913
1	121	74	42.0577	25.7592	92.5152
1	121	74	81.9241	56.0453	43.0034
1	121	74	115.316	82.3045	10.0635
1	121	74	40.6899	24.4814	94.3494
1	121	74	137.52	78.8741	17.2239
1	121	74	105.534	45.1723	32.7146
1	121	74	112.28	97.4858	25.0524
1	121	74	142.189	82.9773	23.012
1	121	74	128.608	81.3079	10.5494
1	121	74	141.106	84.2093	22.5496
1	121	74	139.11	67.8611	19.1226
1	121	74	111.467	89.213	17.953
1	121	74	110.674	24.1233	50.9345
1	121	74	133.421	79.0276	13.3995
1	121	74	133.978	61.9392	17.717
1	121	74	118.73	73.666	2.29424
1	121	74	97.5018	97.4376	33.1886
1	121	74	91.0983	60.4984	32.8086
1	121	74	93.5076	69.798	27.8116
1	121	74	97.6718	96.2718	32.2528
1	121	74	51.4142	36.6744	78.9644
1	121	74	115.815	45.5038	28.9641
1	121	74	40.6094	24.5167	94.3994
1	121	74	135.138	70.7725	14.5013
1	121	74	99.3366	60.9365	25.2974
1	121	74	70.9044	91.4711	53.0548
1	121	74	41.3956	26.5343	92.6814
1	121	74	126.34	75.5878	5.57084
1	121	74	121.624	95.2733	21.2824
1	121	74	113.82	97.441	24.516
1	121	74	117.799	84.0916	10.587
1	121	74	100.458	97.4382	31.166
1	121	74	112.366	45.1736	30.0916
1	121	74	84.291	66.2407	37.5201
1	121	74	135.556	66.1281	16.5479
1	121	74	118.164	85.9706	12.302
1	121	74	38.8746	25.5602	95.3468
1	121	74	103.966	86.3071	21.0148
1	121	74	139.711	85.8633	22.1549
1	121	74	97.1112	52.0464	32.4443
1	121	74	95.2471	94.2771	32.7776
1	121	74	128.749	66.8421	10.5491
1	121	74	113.823	45.1738	29.7061
1	121	74	104.154	97.383	28.8192
1	121	74	139.591	85.8168	22.029
1	121	74	46.8173	22.1681	90.4965
1	121	74	140.461	85.6024	22.6575
1	121	74	109.114	80.6273	13.6091
1	121	74	100.766	51.1844	30.4956
1	121	74	113.314	94.4268	21.825
1	121	74	132.938	81.3816	14.036
1	121	74	83.9176	63.2961	38.5964
1	121	74	125.373	92.7943	19.2964
1	121	74	119.649	76.5481	2.88424
1	121	74	123.523	73.5002	2.57223
1	121	74	109.177	57.1348	20.5966
1	121	74	119.421	76.9092	3.30998
1	121	74	138.307	80.3014	18.4182
1	121	74	136.943	84.9573	19.3453
1	121	74	119.77	47.0095	27.0185
1	121	74	141.343	83.8886	22.6194
1	121	74	85.4771	63.5682	37.023
1	121	74	122.644	85.2653	11.3845
1	121	74	140.496	62.9053	22.4316
1	121	74	110.751	76.8363	10.6344
1	121	74	113.788	45.2816	29.61
1	121	74	131.891	82.033	13.5333
1	121	74	123.193	46.7089	27.379
1	121	74	93.0796	67.1725	28.7431
1	121	74	103.735	60.6665	21.8145
1	121	74	117.945	83.7201	10.189
1	121	74	121.542	79.8816	5.9066
1	121	74	130.074	72.386	9.2162
1	121	74	119.246	73.0289	2.00448
1	121	74	10.5567	83.0797	110.816
1	121	74	127.414	88.7872	16.1182
1	121	74	116.472	85.8212	12.6588
1	121	74	39.2736	25.3172	95.1274
1	121	74	110.292	97.4203	25.7522
1	121	74	111.272	49.9346	25.957
1	121	74	114.548	85.7165	13.3756
1	121	74	97.8304	95.0595	31.3103
1	121	74	122.886	76.6963	3.29028
1	121	74	111.349	46.6532	28.9996
1	121	74	119.36	46.054	27.994
1	121	74	39.2107	25.3516	95.1639
1	121	74	137.805	71.1304	17.0481
1	121	74	116.502	81.6484	8.87316
1	121	74	127.973	74.3245	6.98034
1	121	74	122.077	79.9573	6.05395
1	121	74	118.97	85.5879	11.7645
1	121	74	123.206	80.5904	6.94984
1	121	74	81.154	55.8799	43.7726
1	121	74	128.859	73.9136	7.85973
1	121	74	136.111	79.1234	15.9559
1	121	74	111.921	45.1735	30.2225
1	121	74	99.857	97.4381	31.5653
1	121	74	126.565	75.907	5.88301
1	121	74	139.712	85.8926	22.1713
1	121	74	133.721	70.2676	13.2575
1	121	74	142.13	67.0379	22.2477
1	121	74	102.863	51.7748	28.6863
1	121	74	140.277	85.6185	22.5073
1	121	74	134.538	89.2706	20.4076
1	121	74	138.852	70.1322	18.2662
1	121	74	109.066	96.4472	25.4222
1	121	74	114.785	95.7972	22.666
1	121	74	114.43	91.8394	19.0109
1	121	74	126.414	27.5252	46.7891
1	121	74	83.8987	52.3097	42.9764
1	121	74	98.1761	70.9339	23.0289
1	121	74	101.305	97.4384	30.6146
1	121	74	40.2535	24.7527	94.5795
1	121	74	123.089	69.2677	5.17289
1	121	74	136.674	81.5139	17.3819
1	121	74	122.407	74.79	1.6133
1	121	74	99.0272	97.4379	32.127
1	121	74	120.428	77.1102	3.16241
1	121	74	142.067	83.0667	22.9349
1	121	74	107.755	90.6516	21.2769
1	121	74	117.749	45.798	28.3888
1	121	74	83.8669	59.0198	40.0409
1	121	74	119.473	46.0964	27.9454
1	121	74	112.153	89.3514	17.7181
1	121	74	116.328	91.2587	17.8798
1	121	74	95.5461	59.3101	29.3887
1	121	74	108.985	97.3898	26.2952
1	121	74	108.347	97.3757	26.5803
1	121	74	132.003	84.7205	15.3623
1	121	74	128.48	65.1764	11.5676
1	121	74	102.908	50.138	29.9455
1	121	74	113.84	45.2147	29.6625
1	121	74	111.435	71.4013	9.9122
1	121	74	70.6541	10.7799	80.8177
1	121	74	112.701	45.1736	29.9972
1	121	74	118.081	78.8193	5.63457
1	121	74	40.6474	24.492	94.38
1	121	74	111.285	97.4947	25.4241
1	121	74	96.267	48.7032	35.3787
1	121	74	124.783	67.6206	7.41699
1	121	74	124.764	78.6163	5.95637
1	121	74	126.234	74.326	5.24387
1	121	74	105.495	70.4848	15.8987
1	121	74	79.6788	52.9894	46.3561
1	121	74	106.825	97.3959	27.3552
1	121	74	131.565	71.809	10.7902
1	121	74	107.283	97.3796	27.1065
1	121	74	118.681	48.1107	25.993
1	121	74	125.875	78.1306	6.38935
1	121	74	116.346	77.9719	6.11814
1	121	74	115.292	82.1724	9.9682
1	121	74	107.264	46.3468	30.877
1	121	74	141.817	75.6099	20.8795
1	121	74	98.6505	75.2057	22.382
1	121	74	116.914	83.8964	10.7068
1	121	74	122.182	89.5753	15.6201
1	121	74	128.721	77.8682	8.63571
1	121	74	68.6488	14.8412	78.9963
1	121	74	122.553	71.3607	3.06228
1	121	74	103.652	45.172	33.6456
1	121	74	117.182	45.7548	28.5021
1	121	74	38.4766	23.6697	96.6605
1	121	74	116.624	45.8536	28.4845
1	121	74	138.298	75.4109	17.3554
1	121	74	108.796	96.1402	25.2809
1	121	74	114.684	45.338	29.3497
1	121	74	141.343	83.8878	22.6191
1	121	74	122.244	72.5615	1.90172
1	121	74	122.046	92.2807	18.3106
1	121	74	134.493	77.6001	13.9655
1	121	74	135.454	61.3342	19.2179
1	121	74	139.666	87.6864	23.1456
1	121	74	84.4984	52.4768	42.3747
1	121	74	109.973	97.3234	25.7986
1	121	74	137.305	70.5637	16.663
1	121	74	118.167	89.9974	16.2463
1	121	74	125.006	93.6497	20.0538
1	121	74	135.528	60.894	19.5662
1	121	74	123.684	96.148	22.31
1	121	74	121.085	68.0491	5.9515
1	121	74	47.1925	28.5064	86.7019
1	121	74	121.391	71.8342	2.20076
1	121	74	115.432	92.5879	19.4039
1	121	74	117.686	85.6027	12.0668
1	121	74	108.696	83.1939	15.3595
1	121	74	106.875	84.771	17.7634
1	121	74	104.28	57.3733	23.5794
1	121	74	117.86	86.5344	12.9217
1	121	74	116.249	45.5871	28.8073
1	121	74	139.919	76.0302	19.0277
1	121	74	127.552	67.9286	8.93245
1	121	74	118.77	76.2464	3.16524
1	121	74	114.149	97.4477	24.428
1	121	74	102.221	46.8395	33.0201
1	121	74	114.302	84.6696	12.5976
1	121	74	39.3645	25.2635	95.0768
1	121	74	121.389	75.13	1.19504
1	121	74	103.55	97.4389	29.2215
1	121	74	131.309	80.2718	12.067
1	121	74	96.7868	77.6177	24.482
1	121	74	101.839	86.3945	22.8201
1	121	74	113.294	79.1129	9.24825
1	121	74	116.774	93.1744	19.6346
1	121	74	117.703	95.5258	21.7769
1	121	74	138.169	66.4764	18.7454
1	121	74	121.453	82.3277	8.34006
1	121	74	111.861	80.8146	11.4
1	121	74	131.418	89.2373	18.4585
1	121	74	110.136	96.6143	25.0884
1	121	74	127.063	71.4158	6.59117
1	121	74	114.502	45.2968	29.4295
1	121	74	88.0185	54.9595	38.0831
1	121	74	136.974	75.3289	16.0291
1	121	74	51.4012	33.3981	80.5761
1	121	74	128.931	78.9822	9.3659
1	121	74	120.891	95.2242	21.2245
1	121	74	110.114	82.7397	13.9603
1	121	74	132.711	63.3509	15.8291
1	121	74	40.0447	24.8923	94.6854
1	121	74	91.847	97.4364	37.4054
1	121	74	117.802	75.3188	3.45888
1	121	74	125.207	68.7116	6.75776
1	121	74	97.3856	97.4376	33.271
1	121	74	112.877	70.957	8.67388
1	121	74	128.486	81.2398	10.414
1	121	74	110.055	80.3305	12.6442
1	121	74	113.815	45.1738	29.7081
1	121	74	85.1001	51.9042	42.1548
1	121	74	115.939	89.1314	15.9554
1	121	74	128.903	86.6848	14.9455
1	121	74	88.5121	65.7752	33.5128
1	121	74	82.8499	53.0764	43.5112
1	121	74	85.202	62.2906	37.6645
1	121	74	125.895	77.3253	5.91762
1	121	74	138.311	53.8263	26.5831
1	121	74	140.476	70.2743	19.8292
1	121	74	109.181	97.3907	26.2072
1	121	74	83.5757	82.5316	38.3845
1	121	74	123.371	73.3438	2.45978
1	121	74	102.3	84.1822	21.2925
1	121	74	84.9733	52.6582	41.8736
1	121	74	71.2584	47.0697	56.5639
1	121	74	132.325	67.6877	12.9658
1	121	74	137.546	56.7729	23.8858
1	121	74	120.67	72.1408	1.8883
1	121	74	132.852	85.6289	16.6046
1	121	74	72.5888	46.9755	55.4434
1	121	74	51.0622	31.421	81.8796
1	121	74	95.6596	96.8458	34.1184
1	121	74	108.792	46.6473	29.9533
1	121	74	108.622	45.1729	31.3722
1	121	74	81.4255	55.7505	43.5797
1	121	74	123.649	80.7287	7.2315
1	121	74	106.979	83.9459	17.1906
1	121	74	122.749	83.7919	9.94687
1	121	74	134.864	71.6099	14.0689
1	121	74	39.7301	25.0932	94.8508
1	121	74	131.557	77.5337	11.1331
1	121	74	43.0616	22.2605	93.5488
1	121	74	134.186	73.3052	13.2042
1	121	74	124.13	79.3101	6.16364
1	121	74	138.08	77.3414	17.4043
1	121	74	85.1242	62.6586	37.6258
1	121	74	128.933	81.5245	10.9337
1	121	74	102.919	87.2979	22.4444
1	121	74	110.826	79.3401	11.4907
1	121	74	139.366	86.1531	22.0231
1	121	74	127.646	71.0907	7.25449
1	121	74	122.791	73.263	1.93697
1	121	74	109.424	90.3683	20.048
1	121	74	120.797	75.6695	1.68178
1	121	74	127.407	76.2446	6.78898
1	121	74	126.963	74.8199	6.01928
1	121	74	104.614	97.4391	28.5986
1	121	74	112.817	86.3358	14.8034
1	121	74	121.809	63.7834	10.2485
1	121	74	141.97	70.0384	21.3408
1	121	74	110.591	68.9628	11.5638
1	121	74	118.574	45.9673	28.1375
1	121	74	133.598	78.8426	13.4971
1	121	74	8.96229	84.5138	112.53
1	121	74	117.081	77.2079	5.0647
1	121	74	111.308	65.5972	12.8275
1	121	74	108.502	82.8046	15.2881
1	121	74	99.4964	53.3557	29.8093
1	121	74	130.8	72.1868	9.96662
1	121	74	125.301	72.3984	4.58924
1	121	74	47.4966	39.0865	81.3739
1	121	74	113.831	89.7142	17.2721
1	121	74	103.055	96.0097	28.398
1	121	74	80.214	83.1225	41.7938
1	121	74	117.739	45.8395	28.3487
1	121	74	129.463	66.6381	11.2166
1	121	74	106.901	70.119	14.6234
1	121	74	103.538	97.4389	29.2285
1	121	74	97.8326	97.4377	32.9554
1	121	74	121.471	29.6688	44.3337
1	121	74	86.4791	63.5086	36.0799
1	121	74	118.033	78.3523	5.26745
1	121	74	119.072	46.011	28.0553
1	121	74	118.563	76.8074	3.71774
1	121	74	135.264	75.0354	14.3018
1	121	74	47.7159	41.7213	80.078
1	121	74	120.794	79.7598	5.76349
1	121	74	99.5442	95.8776	30.6428
1	121	74	134.171	85.3016	17.3549
1	121	74	117.251	76.1746	4.33404
1	121	74	119.704	90.5976	16.6481
1	121	74	103.075	95.0039	27.6131
1	121	74	131.895	90.9228	20.1267
1	121	74	125.046	91.4676	17.9302
1	121	74	108.739	90.2104	20.325
1	121	74	120.316	91.6459	17.6592
1	121	74	125.57	76.4597	5.19009
1	121	74	41.8981	24.4651	93.3318
1	121	74	118.429	74.4866	2.61657
1	121	74	120.889	73.1094	0.897426
1	121	74	124.4	92.3372	18.6498
1	121	74	111.33	85.3835	14.9365
1	121	74	105.889	97.4394	27.8881
1	121	74	96.046	70.1969	25.2422
1	121	74	118.853	82.688	8.94938
1	121	74	126.96	68.4945	8.11336
1	121	74	127.328	69.1557	7.96927
1	121	74	100.071	54.2998	28.7423
1	121	74	130.474	88.0666	16.9595
1	121	74	132.877	67.9565	13.3261
1	121	74	69.3425	10.8471	81.5891
1	121	74	104.197	97.383	28.7945
1	121	74	137.737	62.6321	20.2327
1	121	74	88.2127	65.5541	33.8577
1	121	74	129.178	74.6719	8.20572
1	121	74	118.435	45.9251	28.1919
