1	121	74	121.558	74.1529	0.578437
1	121	74	121.889	74.0053	0.888639
1	121	74	121.578	74.1499	0.596938
1	121	74	121.419	74.6325	0.75852
1	121	74	121.156	74.9684	0.980827
1	121	74	121.235	73.501	0.551753
1	121	74	121.792	74.1953	0.81615
1	121	74	121.179	73.6567	0.386907
1	121	74	107.851	96.7419	26.2695
1	121	74	121.795	74.1306	0.805899
1	121	74	121.868	74.0644	0.870778
1	121	74	121.538	74.4791	0.720313
1	121	74	107.459	94.5976	24.65
1	121	74	137.506	84.714	19.6788
1	121	74	122.187	75.0016	1.55275
1	121	74	121.017	74.7579	0.758041
1	121	74	120.2	74.3204	0.8613
1	121	74	121.298	74.1612	0.33887
1	121	74	120.334	74.47	0.815343
1	121	74	135.623	83.3133	17.3371
1	121	74	120.765	74.4386	0.497424
1	121	74	121.77	74.5348	0.937777
1	121	74	121.021	74.3855	0.386024
1	121	74	120.923	74.5653	0.570499
1	121	74	101.111	83.6341	22.0996
1	121	74	108.056	96.8207	26.2362
1	121	74	121.064	74.5511	0.554819
1	121	74	121.556	73.8931	0.566551
1	121	74	121.062	74.5866	0.589867
1	121	74	120.819	74.0811	0.197961
1	121	74	121.129	74.4197	0.439037
1	121	74	99.7078	80.0479	22.1345
1	121	74	120.7	73.8966	0.316898
1	121	74	120.918	74.5105	0.516975
1	121	74	121.442	74.1169	0.45764
1	121	74	121.689	74.7324	1.00528
1	121	74	120.931	74.4297	0.435209
1	121	74	121.243	74.7331	0.772246
1	121	74	121.124	74.156	0.199194
1	121	74	135.617	84.3374	17.9032
1	121	74	121.454	74.2134	0.502013
1	121	74	121.789	73.9832	0.789624
1	121	74	121.317	74.2698	0.415935
1	121	74	121.371	74.5011	0.623341
1	121	74	121.635	74.1024	0.642728
1	121	74	121.065	74.753	0.755822
1	121	74	120.636	74.2088	0.419258
1	121	74	135.641	84.2714	17.8843
1	121	74	121.129	74.793	0.803333
1	121	74	121.262	75.0358	1.06834
1	121	74	121.998	73.9775	0.998138
1	121	74	121.144	74.37	0.396954
1	121	74	120.992	74.4747	0.474816
1	121	74	128.251	79.6362	9.18396
1	121	74	99.8238	79.9902	22.0071
1	121	74	121.11	74.8226	0.829972
1	121	74	120.944	73.8449	0.1648
1	121	74	121.356	74.1238	0.37735
1	121	74	120.869	75.0231	1.03137
1	121	74	120.64	73.8747	0.381462
1	121	74	120.959	73.6527	0.349727
1	121	74	122.462	75.916	2.40992
1	121	74	121.362	73.6108	0.53149
1	121	74	121.242	74.6507	0.69439
1	121	74	120.703	74.6825	0.744482
1	121	74	121.123	73.8224	0.215924
1	121	74	121.049	73.7552	0.249611
1	121	74	121.031	74.2587	0.260528
1	121	74	120.926	74.7379	0.741579
1	121	74	121.262	75.2629	1.28988
1	121	74	120.849	73.9528	0.157967
1	121	74	121.22	74.6007	0.639625
1	121	74	135.29	83.944	17.4097
1	121	74	126.392	63.6376	11.6811
1	121	74	107.136	94.7032	24.9165
1	121	74	121.97	74.3682	1.03749
1	121	74	121.147	74.0761	0.165625
1	121	74	121.622	74.2052	0.655078
1	121	74	120.861	74.3451	0.37216
1	121	74	121.151	74.8145	0.828453
1	121	74	120.892	74.4618	0.474249
1	121	74	106.494	93.9814	24.692
1	121	74	121.585	74.6737	0.892534
1	121	74	122.164	74.0757	1.16678
1	121	74	121.687	74.7177	0.993195
1	121	74	121.682	74.336	0.760251
1	121	74	120.569	74.7697	0.882211
1	121	74	121.578	74.501	0.764644
1	121	74	121.337	74.0992	0.351123
1	121	74	120.964	74.5699	0.571011
1	121	74	120.793	74.0797	0.221396
1	121	74	136.799	83.6571	18.517
1	121	74	104.587	91.0348	23.6553
1	121	74	107.035	93.7744	24.2086
1	121	74	101.799	85.5287	22.3961
1	121	74	120.667	74.0593	0.338567
1	121	74	121.317	74.7977	0.85831
1	121	74	120.31	74.2043	0.719915
1	121	74	121.629	74.4293	0.761897
1	121	74	121.774	74.2046	0.800278
1	121	74	120.013	74.4344	1.0785
1	121	74	120.546	74.5815	0.737495
1	121	74	136.763	84.583	18.9864
1	121	74	118.394	73.134	2.74586
1	121	74	121.111	74.0757	0.134236
1	121	74	128.441	79.13	9.03804
1	121	74	120.911	73.984	0.0907857
1	121	74	121.547	74.6812	0.873407
1	121	74	136.24	84.5672	18.545
1	121	74	106.917	93.8238	24.3169
1	121	74	128.209	79.6236	9.14272
1	121	74	99.1903	97.438	32.0157
1	121	74	120.447	74.7094	0.899808
1	121	74	121.519	73.9031	0.528253
1	121	74	121.012	74.5195	0.519633
1	121	74	120.932	73.8431	0.170879
1	121	74	121.004	73.5203	0.479753
1	121	74	121.493	74.3368	0.596798
1	121	74	121.342	74.4561	0.570253
1	121	74	120.988	74.7178	0.717924
1	121	74	121.268	73.6513	0.439553
1	121	74	121.113	74.4966	0.509326
1	121	74	121.275	74.986	1.02362
1	121	74	121.694	74.1952	0.720483
1	121	74	120.434	74.6067	0.829751
1	121	74	120.348	74.6866	0.947084
1	121	74	120.856	74.0228	0.145916
1	121	74	120.406	74.3169	0.673574
1	121	74	121.518	74.4575	0.690829
1	121	74	120.841	74.5087	0.533024
1	121	74	121.585	74.6709	0.890367
1	121	74	120.426	72.8064	1.32432
1	121	74	121.078	74.164	0.181642
1	121	74	108.171	96.9922	26.3289
1	121	74	120.709	74.7557	0.809933
1	121	74	103.178	97.4388	29.4448
1	121	74	99.9447	97.4381	31.5067
1	121	74	121.562	74.7412	0.930347
1	121	74	120.51	74.7581	0.902839
1	121	74	121.078	74.5514	0.556933
1	121	74	121.422	73.9151	0.430547
1	121	74	120.719	73.7783	0.358061
1	121	74	98.8767	97.4379	32.2301
1	121	74	120.574	73.8482	0.452342
1	121	74	120.739	74.3773	0.458778
1	121	74	120.9	73.9196	0.128055
1	121	74	120.556	74.6349	0.774583
1	121	74	121.339	74.2212	0.40498
1	121	74	120.561	74.2232	0.492115
1	121	74	121.013	74.4348	0.435024
1	121	74	119.992	73.7569	1.03697
1	121	74	120.66	74.5392	0.637533
1	121	74	121.483	74.2827	0.559883
1	121	74	121.322	74.1123	0.340723
1	121	74	119.878	73.4629	1.24433
1	121	74	121.528	74.0128	0.528595
1	121	74	121.589	75.0455	1.20016
1	121	74	121.913	74.0114	0.91315
1	121	74	127.77	78.7634	8.27758
1	121	74	107.771	97.0022	26.5348
1	121	74	120.711	74.5189	0.593825
1	121	74	107.311	93.97	24.2116
1	121	74	121.326	73.8909	0.3441
1	121	74	121.382	74.4139	0.563582
1	121	74	107.563	94.0718	24.1543
1	121	74	136.659	85.092	19.1894
1	121	74	135.994	84.3448	18.2165
1	121	74	121.528	73.7829	0.570711
1	121	74	121.219	74.3011	0.372535
1	121	74	120.806	74.9112	0.931649
1	121	74	121.172	73.8989	0.199917
1	121	74	120.655	73.8383	0.38144
1	121	74	120.089	74.5983	1.09026
1	121	74	121.66	74.1735	0.682864
1	121	74	120.739	73.8573	0.297841
1	121	74	121.559	74.3164	0.642639
1	121	74	107.92	94.7637	24.54
1	121	74	121.706	74.1102	0.714179
1	121	74	122.674	74.8235	1.86518
1	121	74	107.169	94.5474	24.7688
1	121	74	120.454	74.626	0.830812
1	121	74	121.283	74.8417	0.888099
1	121	74	121.627	74.5239	0.816977
1	121	74	120.792	74.1236	0.241597
1	121	74	121.471	74.0033	0.471389
1	121	74	121.801	74.5054	0.947315
1	121	74	129.481	80.2368	10.5271
1	121	74	121.378	74.0227	0.378252
1	121	74	121.011	74.4312	0.431316
1	121	74	121.235	74.7035	0.741862
1	121	74	106.551	94.5866	25.1514
1	121	74	120.28	74.3732	0.810883
1	121	74	121.369	74.0706	0.375708
1	121	74	134.992	84.1575	17.2903
1	121	74	120.988	73.9237	0.0772035
1	121	74	136.937	84.681	19.1855
1	121	74	107.815	96.7655	26.3082
1	121	74	136.787	84.5573	18.992
1	121	74	120.962	73.9121	0.0955692
1	121	74	121.48	75.0866	1.1877
1	121	74	121.082	74.0164	0.0834962
1	121	74	121.17	74.2086	0.269246
1	121	74	135.17	83.815	17.2372
1	121	74	120.798	74.8056	0.83054
1	121	74	121.118	73.9691	0.122319
1	121	74	121.13	73.9426	0.141677
1	121	74	120.819	74.2755	0.329746
1	121	74	100.678	97.4383	31.0213
1	121	74	121.597	73.661	0.686702
1	121	74	121.533	74.036	0.534454
1	121	74	123.78	76.0345	3.44534
1	121	74	135.742	84.5508	18.1285
1	121	74	121.328	74.5005	0.598595
1	121	74	121.6	74.2196	0.638809
1	121	74	120.794	74.0358	0.209539
1	121	74	121.121	74.4986	0.51309
1	121	74	121.368	73.5639	0.57068
1	121	74	120.232	74.4661	0.898291
1	121	74	120.948	73.6869	0.317438
1	121	74	120.765	74.6074	0.651153
1	121	74	104.621	90.2231	23.0535
1	121	74	120.963	73.969	0.0480115
1	121	74	122.162	74.6809	1.34681
1	121	74	121.044	74.1995	0.204245
1	121	74	121.547	74.3795	0.665416
1	121	74	120.784	73.4391	0.60113
1	121	74	121.1	75.0749	1.0796
1	121	74	120.492	74.0188	0.508173
1	121	74	121.048	74.4875	0.489869
1	121	74	120.973	74.6859	0.686397
1	121	74	121.082	73.9407	0.100887
1	121	74	120.467	74.4096	0.672382
1	121	74	120.694	74.4129	0.513857
1	121	74	120.249	74.3279	0.819426
1	121	74	121.209	74.4769	0.520782
1	121	74	120.587	74.9089	0.998564
1	121	74	120.201	74.6495	1.02948
1	121	74	121.678	74.3057	0.743625
1	121	74	121.51	74.7956	0.945101
1	121	74	120.728	73.9854	0.272766
1	121	74	120.882	74.2403	0.267888
1	121	74	121.603	73.7743	0.64388
1	121	74	120.852	74.8946	0.906674
1	121	74	135.517	83.483	17.34
1	121	74	121.465	73.7362	0.534664
1	121	74	135.848	84.0309	17.9189
1	121	74	121.031	74.6527	0.653482
1	121	74	121.05	74.1588	0.166604
1	121	74	121.397	74.3754	0.546369
1	121	74	121.171	74.3146	0.357873
1	121	74	120.544	74.2964	0.544232
1	121	74	120.972	73.7138	0.287601
1	121	74	107.373	94.5766	24.6795
1	121	74	120.371	74.6206	0.883681
1	121	74	121.255	74.7795	0.820093
1	121	74	120.661	73.374	0.712134
1	121	74	120.896	74.539	0.548978
1	121	74	121.087	74.1651	0.18682
1	121	74	135.132	84.0594	17.347
1	121	74	121.222	74.0269	0.223632
1	121	74	120.403	74.2535	0.648598
1	121	74	120.962	74.3955	0.397284
1	121	74	121.139	73.9416	0.15124
1	121	74	120.809	74.8427	0.863975
1	121	74	134.639	84.4277	17.1685
1	121	74	99.9132	80.1702	21.971
1	121	74	121.643	74.2509	0.690369
1	121	74	120.124	74.5157	1.01673
1	121	74	121.728	73.9324	0.730901
1	121	74	121.797	74.2207	0.826723
1	121	74	120.599	74.7465	0.847151
1	121	74	99.7536	80.0968	22.1039
1	121	74	120.932	74.4569	0.462009
1	121	74	121.379	74.638	0.7421
1	121	74	120.867	74.6573	0.670682
1	121	74	120.549	74.5751	0.73101
1	121	74	135.773	85.0883	18.4716
1	121	74	121.627	74.1427	0.643258
1	121	74	121.443	74.2239	0.496464
1	121	74	120.922	74.0504	0.0928108
1	121	74	121.221	74.68	0.714915
1	121	74	121.016	73.9779	0.0274925
1	121	74	120.387	74.2851	0.676331
1	121	74	121.423	74.4047	0.585438
1	121	74	120.616	74.4719	0.608137
1	121	74	107.694	96.7453	26.3515
1	121	74	107.33	94.2445	24.4277
1	121	74	121.617	74.6929	0.927485
1	121	74	120.982	75.079	1.07917
1	121	74	121.723	74.3215	0.791354
1	121	74	121.366	73.8563	0.39297
1	121	74	121.807	74.1777	0.826001
1	121	74	121.155	74.2473	0.29179
1	121	74	125.471	78.1785	6.11959
1	121	74	121.423	74.759	0.868856
1	121	74	121.517	75.1339	1.24621
1	121	74	108.142	96.9824	26.3346
1	121	74	121.193	74.1746	0.260042
1	121	74	120.823	74.5977	0.623469
1	121	74	135.693	84.7745	18.2205
1	121	74	97.8593	97.4377	32.9366
1	121	74	121.742	74.1895	0.765976
1	121	74	120.898	75.1582	1.16264
1	121	74	121.485	74.5322	0.720138
1	121	74	102.048	85.7135	22.2795
1	121	74	137.114	84.617	19.297
1	121	74	120.56	74.5739	0.722875
1	121	74	121.978	73.9809	0.977716
1	121	74	122.365	74.5936	1.48868
1	121	74	121.35	74.9158	0.980399
1	121	74	120.487	74.3653	0.62988
1	121	74	121.017	74.3273	0.327703
1	121	74	107.073	93.8193	24.223
1	121	74	120.664	74.4431	0.556356
1	121	74	121.18	74.4762	0.509092
1	121	74	121.451	74.4871	0.663921
1	121	74	120.66	74.2501	0.421767
1	121	74	121.468	74.583	0.747819
1	121	74	120.908	74.601	0.608073
1	121	74	121.197	73.9722	0.199382
1	121	74	121.697	73.9489	0.699139
1	121	74	120.936	73.6798	0.326547
1	121	74	121.363	74.0043	0.363479
1	121	74	120.8	74.9787	0.998908
1	121	74	121.192	74.0876	0.210858
1	121	74	121.455	74.3208	0.556449
1	121	74	108.282	96.8496	26.1505
1	121	74	121.13	75.0531	1.06106
1	121	74	121.459	74.2631	0.529032
1	121	74	121.073	74.8674	0.870498
1	121	74	135.451	84.5989	17.9215
1	121	74	120.497	74.8526	0.989841
1	121	74	99.0339	80.5011	22.9079
1	121	74	120.599	73.7911	0.452574
1	121	74	106.765	94.8952	25.2833
1	121	74	121.637	74.3752	0.739182
1	121	74	121.411	74.7445	0.850582
1	121	74	107.337	94.712	24.8127
1	121	74	121.466	73.7224	0.541974
1	121	74	121.187	74.9822	0.999726
1	121	74	121.09	74.4249	0.43427
1	121	74	121.733	74.6231	0.96232
1	121	74	120.443	74.2636	0.616484
1	121	74	121.147	74.8118	0.824928
1	121	74	121.213	74.54	0.580656
1	121	74	121.521	74.2398	0.573826
1	121	74	121.934	74.3582	0.999903
1	121	74	121.469	74.0703	0.474069
1	121	74	120.746	74.2867	0.383242
1	121	74	120.948	73.6141	0.389387
1	121	74	120.81	73.7661	0.301369
1	121	74	121.293	73.9561	0.296003
1	121	74	100.636	82.2361	21.9662
1	121	74	136.351	84.3514	18.5148
1	121	74	136.114	84.2518	18.2628
1	121	74	121.453	74.7194	0.849986
1	121	74	129.402	79.7757	10.1953
1	121	74	121.384	73.7153	0.477658
1	121	74	121.493	74.5858	0.765649
1	121	74	100.632	82.2904	21.9905
1	121	74	120.892	75.0624	1.06778
1	121	74	121.659	74.3941	0.768046
1	121	74	101.035	82.5999	21.7385
1	121	74	120.926	74.6721	0.676123
1	121	74	121.432	74.1122	0.445869
1	121	74	120.72	73.7656	0.36478
1	121	74	120.603	74.4982	0.63694
1	121	74	121.703	74.3091	0.767604
1	121	74	106.998	94.4563	24.7895
1	121	74	120.259	74.533	0.913105
1	121	74	107.826	94.6472	24.4918
1	121	74	119.186	78.4978	4.84984
1	121	74	120.393	74.0073	0.607119
1	121	74	137.252	84.8819	19.5589
1	121	74	120.922	74.5794	0.584654
1	121	74	108.083	96.9318	26.3194
1	121	74	120.688	73.9541	0.315394
1	121	74	120.779	74.0151	0.221339
1	121	74	121.465	74.518	0.696098
1	121	74	120.321	74.4399	0.809311
1	121	74	121.045	74.1041	0.113596
1	121	74	120.435	74.1449	0.582898
1	121	74	120.668	74.2609	0.42219
1	121	74	121.521	74.2357	0.57168
1	121	74	120.791	74.6249	0.658903
1	121	74	120.999	74.0503	0.0503666
1	121	74	136.361	84.2708	18.4782
1	121	74	121.534	74.7862	0.950495
1	121	74	120.843	74.0784	0.17571
1	121	74	120.966	74.0537	0.0636559
1	121	74	120.804	73.8041	0.277274
1	121	74	106.665	93.977	24.5883
1	121	74	121.548	74.4282	0.695824
1	121	74	120.958	73.9803	0.0467462
1	121	74	121.309	74.1227	0.3327
1	121	74	104.53	89.3823	22.5365
1	121	74	121.335	74.0431	0.337801
1	121	74	120.461	74.6073	0.811921
1	121	74	120.865	73.9434	0.146504
1	121	74	98.8838	97.4379	32.2252
1	121	74	121.513	74.4116	0.657575
1	121	74	120.841	74.6479	0.667147
1	121	74	120.665	74.4526	0.562956
1	121	74	120.766	74.3012	0.381179
1	121	74	121.167	73.8004	0.260049
1	121	74	121.024	73.7087	0.292256
1	121	74	121.198	74.0045	0.197937
1	121	74	125.508	77.2762	5.57273
1	121	74	120.848	74.9935	1.00498
1	121	74	121.359	74.52	0.631917
1	121	74	121.524	74.1677	0.550312
1	121	74	108.208	96.7164	26.0707
1	121	74	121.509	74.2031	0.547965
1	121	74	120.17	74.5277	0.983934
1	121	74	121.129	74.5334	0.548669
1	121	74	120.72	74.4592	0.537727
1	121	74	121.232	74.6669	0.706187
1	121	74	108.461	96.8622	26.0748
1	121	74	120.919	74.4431	0.450495
1	121	74	121.486	74.6664	0.824504
1	121	74	121.289	74.8538	0.901312
1	121	74	110.749	94.4497	22.8754
1	121	74	121.623	74.3245	0.702511
1	121	74	106.698	94.0992	24.6683
1	121	74	98.8601	80.3568	23.0344
1	121	74	128.143	78.8622	8.64095
1	121	74	120.956	74.7818	0.783065
1	121	74	121.651	74.612	0.89327
1	121	74	120.764	74.2483	0.34248
1	121	74	120.402	74.5355	0.802527
1	121	74	120.874	74.1987	0.235376
1	121	74	120.932	74.0739	0.100222
1	121	74	121.011	74.2721	0.272292
1	121	74	120.869	73.9801	0.132784
1	121	74	120.555	73.905	0.454612
1	121	74	102.743	97.4387	29.7101
1	121	74	120.814	74.0943	0.208136
1	121	74	121.644	74.7796	1.01117
1	121	74	121.649	73.9991	0.649041
1	121	74	121.17	73.7594	0.294869
1	121	74	120.532	73.9663	0.468859
1	121	74	99.4072	97.438	31.8683
1	121	74	120.359	74.5218	0.826526
1	121	74	121.653	74.3197	0.7274
1	121	74	122.109	74.0108	1.10946
1	121	74	107.322	94.5362	24.6743
1	121	74	120.862	74.4122	0.4345
1	121	74	120.785	74.3227	0.387775
1	121	74	107.894	97.1108	26.5681
1	121	74	120.872	74.0827	0.152577
1	121	74	121.466	74.2421	0.525291
1	121	74	128.446	79.5576	9.29103
1	121	74	121.611	73.9185	0.616107
1	121	74	121.179	73.8893	0.210395
1	121	74	135.522	83.8902	17.5703
1	121	74	106.362	94.1683	24.9206
1	121	74	121.13	74.1505	0.19861
1	121	74	121.93	74.2884	0.973923
1	121	74	121.792	74.179	0.811682
1	121	74	121.211	73.7499	0.327265
1	121	74	120.995	73.6529	0.347158
1	121	74	120.634	74.4736	0.598487
1	121	74	120.878	73.8059	0.229099
1	121	74	99.187	80.2404	22.6881
1	121	74	121.109	74.4992	0.51104
1	121	74	121.299	74.8465	0.897875
1	121	74	134.859	84.2652	17.2468
1	121	74	107.386	94.1037	24.2798
1	121	74	135.796	84.008	17.8628
1	121	74	121.557	73.9764	0.557406
1	121	74	121.586	74.6161	0.850461
1	121	74	120.62	74.1961	0.427797
1	121	74	121.195	73.8143	0.269466
1	121	74	107.668	96.7336	26.3545
1	121	74	121.269	73.9236	0.279229
1	121	74	121.434	74.0467	0.436466
1	121	74	121.237	74.6088	0.65314
1	121	74	106.982	93.9495	24.3822
1	121	74	106.864	94.663	25.0358
1	121	74	120.752	75.008	1.03813
1	121	74	128.452	79.2391	9.10931
1	121	74	135.321	84.0923	17.5203
1	121	74	107.498	95.2864	25.2073
1	121	74	121.12	74.6171	0.628608
1	121	74	120.576	74.6794	0.800598
1	121	74	102.965	97.4388	29.5745
1	121	74	120.746	74.0475	0.258105
1	121	74	121.464	74.7888	0.915241
1	121	74	120.82	73.7675	0.294217
1	121	74	120.981	74.3521	0.352611
1	121	74	121.186	74.0692	0.198644
1	121	74	121.187	74.8777	0.897444
1	121	74	121.613	74.3683	0.715326
1	121	74	121.422	74.6164	0.747149
1	121	74	136.592	84.7025	18.9119
1	121	74	120.717	74.6812	0.737574
1	121	74	107.774	96.7276	26.296
1	121	74	98.4133	97.4378	32.5498
1	121	74	121.31	74.9874	1.03489
1	121	74	120.731	74.4017	0.483535
1	121	74	121.568	74.3678	0.677067
1	121	74	121.457	74.1813	0.491352
1	121	74	120.535	73.8963	0.476175
1	121	74	120.688	74.1247	0.3363
1	121	74	120.938	74.1395	0.152643
1	121	74	118.536	72.7885	2.74582
1	121	74	121.126	74.6701	0.681866
1	121	74	120.455	74.3801	0.664528
1	121	74	120.924	74.1561	0.1736
1	121	74	121.35	73.9133	0.360695
1	121	74	121.63	73.7533	0.676128
1	121	74	122.01	74.0645	1.01223
1	121	74	120.907	74.1565	0.181897
1	121	74	121.385	74.5056	0.635288
1	121	74	121.14	74.4581	0.478849
1	121	74	121.875	74.0296	0.875214
1	121	74	121.313	73.8123	0.365355
1	121	74	120.438	74.6654	0.87083
1	121	74	120.633	73.614	0.532946
1	121	74	121.019	74.4427	0.443138
1	121	74	121.479	74.4185	0.635807
1	121	74	121.31	74.8942	0.946309
1	121	74	99.7725	97.4381	31.622
1	121	74	120.895	74.0786	0.131144
1	121	74	135.726	84.5994	18.1443
1	121	74	121.324	74.8534	0.912728
1	121	74	120.71	74.8213	0.870976
1	121	74	120.665	74.301	0.449993
1	121	74	120.806	74.5799	0.611506
1	121	74	120.628	74.5974	0.7037
1	121	74	128.278	79.6422	9.20854
1	121	74	121.206	73.9961	0.205598
1	121	74	121.094	74.3308	0.343857
1	121	74	108.229	96.7686	26.1059
1	121	74	122.598	74.8403	1.80518
1	121	74	135.124	84.3501	17.5105
1	121	74	120.436	74.5951	0.819983
1	121	74	121.248	73.9199	0.260709
1	121	74	120.153	74.5777	1.02519
1	121	74	136.484	84.4417	18.6759
1	121	74	122.071	74.0793	1.0741
1	121	74	120.627	74.0229	0.373347
1	121	74	120.899	73.9301	0.122659
1	121	74	128.787	79.2736	9.40479
1	121	74	121.113	74.1224	0.166836
1	121	74	120.77	73.843	0.278558
1	121	74	121.337	74.8456	0.910175
1	121	74	121.432	74.0266	0.433315
1	121	74	121.181	74.4795	0.51254
1	121	74	100.442	97.4382	31.1769
1	121	74	120.486	77.1164	3.15848
1	121	74	120.601	73.7099	0.493538
1	121	74	121.114	74.6244	0.63472
1	121	74	121.061	73.7755	0.232612
1	121	74	120.944	74.3423	0.346909
1	121	74	121.186	75.0229	1.03964
1	121	74	121.705	74.4823	0.853932
1	121	74	121.171	74.4931	0.521992
1	121	74	121.701	74.4457	0.830524
1	121	74	121.434	74.0071	0.433579
1	121	74	120.976	73.5154	0.485198
1	121	74	120.885	74.7359	0.744798
1	121	74	107.178	94.4867	24.7135
1	121	74	120.473	74.3477	0.631038
1	121	74	121.538	74.0731	0.543036
1	121	74	107.315	95.519	25.502
1	121	74	121.104	74.7558	0.762923
1	121	74	121.196	73.7004	0.358247
1	121	74	121.585	74.0908	0.592417
1	121	74	121.354	74.4135	0.544567
1	121	74	121.345	73.8953	0.360862
1	121	74	121.739	74.7598	1.05987
1	121	74	121.005	74.3912	0.391267
1	121	74	100.339	97.4382	31.2447
1	121	74	121.405	73.6821	0.514883
1	121	74	124.833	77.1367	4.95257
1	121	74	121.434	73.9628	0.435812
1	121	74	121.142	73.7862	0.256677
1	121	74	121.328	74.1939	0.380996
1	121	74	120.584	74.038	0.417311
1	121	74	120.833	74.6619	0.682633
1	121	74	120.957	74.3709	0.373313
1	121	74	103.004	97.4388	29.5507
1	121	74	121.286	74.4988	0.575083
1	121	74	120.145	74.3313	0.916588
1	121	74	121.858	73.9104	0.863012
1	121	74	120.461	74.1495	0.55932
1	121	74	120.95	74.0421	0.065093
1	121	74	127.966	79.773	9.04752
1	121	74	121.116	73.5105	0.502918
1	121	74	121.643	74.5018	0.815447
1	121	74	121.584	74.203	0.618722
1	121	74	121.156	74.1503	0.216638
1	121	74	121.326	74.1276	0.35029
1	121	74	121.226	73.869	0.261246
1	121	74	121.42	74.2347	0.481397
1	121	74	121.425	73.7544	0.491183
1	121	74	120.577	74.4977	0.653101
1	121	74	121.004	74.3751	0.375127
1	121	74	121.355	74.3194	0.477315
1	121	74	120.466	74.4234	0.681118
1	121	74	119.723	74.2265	1.29702
1	121	74	120.864	73.9532	0.143731
1	121	74	120.118	74.5004	1.01385
1	121	74	120.434	73.5831	0.70321
1	121	74	120.825	74.8772	0.894571
1	121	74	121.067	73.9726	0.0723873
1	121	74	120.251	74.1031	0.755746
1	121	74	120.668	74.3498	0.481929
1	121	74	98.9128	97.4379	32.2053
1	121	74	120.968	75.1103	1.11075
1	121	74	121.358	74.5643	0.668411
1	121	74	118.145	73.0869	2.99783
1	121	74	121.432	74.7596	0.873639
1	121	74	121.535	73.6989	0.61416
1	121	74	121.369	74.6623	0.758069
1	121	74	120.989	74.1222	0.122741
1	121	74	120.925	74.0136	0.076493
1	121	74	128.373	79.5377	9.22079
1	121	74	121.709	74.4795	0.855771
1	121	74	120.312	74.0637	0.691329
1	121	74	120.575	74.8984	0.993703
1	121	74	107.2	93.78	24.1184
1	121	74	136.087	84.8593	18.5886
1	121	74	107.446	95.2312	25.1886
1	121	74	121.185	73.9248	0.199408
1	121	74	120.671	74.1324	0.35479
1	121	74	121.077	74.1563	0.173997
1	121	74	120.877	75.1575	1.16396
1	121	74	121.67	74.0632	0.672534
1	121	74	120.794	74.5089	0.549035
1	121	74	120.472	74.7353	0.905077
1	121	74	120.887	74.3976	0.413455
1	121	74	121.227	74.415	0.472837
1	121	74	121.583	74.207	0.618474
1	121	74	120.4	73.9428	0.602883
1	121	74	72.6525	88.0608	50.3506
1	121	74	136.209	84.6777	18.5832
1	121	74	120.917	74.7825	0.78688
1	121	74	120.732	74.3774	0.462902
1	121	74	120.696	74.6993	0.762459
1	121	74	121.135	74.9077	0.917707
1	121	74	122.091	74.384	1.15632
1	121	74	121.505	74.2802	0.577687
1	121	74	120.432	74.7382	0.931546
1	121	74	120.564	74.3166	0.538807
1	121	74	99.7144	97.4381	31.661
1	121	74	128.548	80.34	9.85719
1	121	74	121.036	74.2745	0.276801
1	121	74	121.043	73.7638	0.240069
1	121	74	103.406	97.4389	29.3077
1	121	74	121.812	72.4584	1.74222
1	121	74	100.592	97.4383	31.0778
1	121	74	120.87	74.1942	0.233877
1	121	74	120.688	74.9961	1.04399
1	121	74	103.35	97.4388	29.3413
1	121	74	120.916	74.6729	0.678213
1	121	74	121.247	74.8232	0.859427
1	121	74	120.863	74.255	0.289619
1	121	74	121.057	75.0538	1.05536
1	121	74	136.159	84.7797	18.6008
1	121	74	121.354	73.7397	0.439061
1	121	74	134.999	84.1668	17.301
1	121	74	135.734	84.4987	18.0922
1	121	74	121.151	74.4451	0.469967
1	121	74	136.352	84.3331	18.5055
1	121	74	121.444	74.7144	0.841051
1	121	74	121.088	74.6451	0.65111
1	121	74	120.816	74.3143	0.364103
1	121	74	107.442	94.3691	24.4686
1	121	74	120.681	73.7469	0.407375
1	121	74	121.185	73.9472	0.192718
1	121	74	120.84	73.4969	0.527936
1	121	74	121.793	74.2702	0.837958
1	121	74	121.339	75.1035	1.15449
1	121	74	120.947	74.4577	0.460728
1	121	74	121.057	73.4859	0.517191
1	121	74	103.573	87.6221	22.1195
1	121	74	121.837	74.4574	0.95379
1	121	74	121.225	73.9758	0.226761
1	121	74	121.909	74.0618	0.911146
1	121	74	121.763	74.3065	0.822502
1	121	74	120.659	73.6296	0.50349
1	121	74	121.598	74.6586	0.889559
1	121	74	121.26	74.6357	0.686736
1	121	74	120.637	74.3259	0.487762
1	121	74	107.408	94.2248	24.3677
1	121	74	120.606	74.5582	0.683248
1	121	74	121.214	74.126	0.248439
1	121	74	121.553	74.5184	0.757731
1	121	74	120.914	74.3923	0.401561
1	121	74	135.642	84.7386	18.1579
1	121	74	121.687	72.0763	2.04289
1	121	74	120.756	74.2716	0.365294
1	121	74	120.789	74.5111	0.552865
1	121	74	120.649	73.9042	0.363501
1	121	74	121.725	74.0767	0.729383
1	121	74	120.655	74.857	0.924
1	121	74	121.218	73.525	0.522631
1	121	74	121.352	74.3506	0.496771
1	121	74	121.243	74.8929	0.925287
1	121	74	121.546	73.852	0.56533
1	121	74	136.107	84.492	18.3931
1	121	74	121.415	74.3425	0.538409
1	121	74	121.438	73.8238	0.47221
1	121	74	107.326	94.1739	24.3711
1	121	74	121.45	74.711	0.841656
1	121	74	136.341	84.8475	18.789
1	121	74	121.136	74.5513	0.567848
1	121	74	102.077	84.3277	21.5581
1	121	74	120.966	74.3298	0.331538
1	121	74	120.939	73.3863	0.616677
1	121	74	121.898	74.1448	0.909936
1	121	74	121.808	74.0477	0.808988
1	121	74	120.751	74.9722	1.00349
1	121	74	107.131	94.2591	24.5518
1	121	74	120.842	74.2638	0.307718
1	121	74	121.745	74.5268	0.912062
1	121	74	121.508	74.2191	0.552794
1	121	74	135.736	84.8109	18.2762
1	121	74	120.452	74.3598	0.6553
1	121	74	136.593	84.3816	18.7331
1	121	74	121.773	73.8659	0.784908
1	121	74	101.76	84.1217	21.7395
1	121	74	121.467	74.7212	0.858958
1	121	74	121.525	74.4973	0.723327
1	121	74	120.632	74.4398	0.573653
1	121	74	120.903	74.3321	0.345834
1	121	74	121.958	74.0687	0.960914
1	121	74	121.433	74.0655	0.438286
1	121	74	120.132	74.4285	0.967756
1	121	74	121.258	71.9989	2.01772
1	121	74	121.989	74.2298	1.01486
1	121	74	120.533	74.5479	0.719624
1	121	74	120.39	74.3133	0.685862
1	121	74	121.842	73.9686	0.842467
1	121	74	101.083	82.6161	21.7004
1	121	74	120.769	74.4196	0.479001
1	121	74	120.542	74.3109	0.553585
1	121	74	101.028	97.4384	30.7937
1	121	74	120.983	73.9216	0.0803741
1	121	74	120.422	74.2542	0.631838
1	121	74	121.873	74.4902	1.0013
1	121	74	120.787	73.9468	0.2193
1	121	74	120.724	74.1752	0.326716
1	121	74	120.731	74.0161	0.269786
1	121	74	136.461	84.4722	18.6741
1	121	74	120.804	74.1277	0.233529
1	121	74	135.336	83.4664	17.1798
1	121	74	136.322	84.8867	18.7961
1	121	74	121.677	72.6164	1.54051
1	121	74	120.883	74.0796	0.141878
1	121	74	107.297	94.3959	24.5717
1	121	74	106.477	94.1337	24.8249
1	121	74	121.15	74.4574	0.481337
1	121	74	121.481	74.0937	0.490061
1	121	74	121.239	74.5629	0.611672
1	121	74	120.849	74.9684	0.980002
1	121	74	121.339	75.1632	1.21167
1	121	74	120.867	74.4609	0.479736
1	121	74	121.682	74.5029	0.847328
1	121	74	136.52	84.6276	18.8101
1	121	74	121.683	74.3675	0.775361
1	121	74	121.456	73.7854	0.504195
1	121	74	120.593	74.1529	0.435
1	121	74	101.124	97.4384	30.731
1	121	74	122.379	74.7639	1.5762
1	121	74	121.105	72.1406	1.86239
1	121	74	136.551	84.9188	19.0012
1	121	74	121.589	74.3947	0.709445
1	121	74	121.539	74.8551	1.01087
1	121	74	120.768	74.5889	0.633026
1	121	74	121.558	73.7187	0.625043
1	121	74	121.867	74.0401	0.867441
1	121	74	120.802	74.0404	0.202249
1	121	74	121.177	74.4654	0.498093
1	121	74	122.473	74.6827	1.62392
1	121	74	107.234	95.826	25.8047
1	121	74	120.751	74.5722	0.624186
1	121	74	121.058	74.7213	0.723629
1	121	74	120.945	74.026	0.0611189
1	121	74	121.533	74.2073	0.572032
1	121	74	137.021	84.5861	19.2025
1	121	74	101.86	97.4385	30.2603
1	121	74	120.959	74.1649	0.170027
1	121	74	120.697	73.6506	0.462614
1	121	74	120.68	74.3022	0.44029
1	121	74	100.709	81.8467	21.755
1	121	74	136.123	84.5099	18.4168
1	121	74	120.667	74.8648	0.926577
1	121	74	121.055	74.909	0.910588
1	121	74	120.281	74.7248	1.02092
1	121	74	121.09	74.1251	0.154289
1	121	74	120.931	74.3035	0.31121
1	121	74	121.086	75.0129	1.01659
1	121	74	120.863	74.9018	0.912129
1	121	74	120.593	74.3204	0.518023
1	121	74	120.76	74.0517	0.245206
1	121	74	120.81	74.667	0.693392
1	121	74	120.648	73.5565	0.56608
1	121	74	101.092	83.9301	22.2469
1	121	74	121.674	74.6872	0.962617
1	121	74	106.966	94.2496	24.6373
1	121	74	121.057	75.1343	1.13577
1	121	74	120.127	74.3609	0.944985
1	121	74	121.777	74.0469	0.778003
1	121	74	121.376	74.5949	0.70363
1	121	74	122.106	74.228	1.12895
1	121	74	121.505	74.3563	0.617835
1	121	74	121.196	74.5194	0.555102
1	121	74	121.069	73.7503	0.259168
1	121	74	120.576	73.7177	0.509022
1	121	74	121.1	74.9047	0.910191
1	121	74	121.414	74.1284	0.433727
1	121	74	120.884	74.4828	0.496608
1	121	74	120.618	74.4017	0.554554
1	121	74	104.01	89.5569	23.0362
1	121	74	121.006	74.5283	0.528291
1	121	74	119.964	73.5162	1.14376
1	121	74	121.351	73.8935	0.366822
1	121	74	120.919	73.6107	0.397618
1	121	74	124.575	75.8822	4.04004
1	121	74	121.799	74.0318	0.799879
1	121	74	128.597	79.2325	9.22491
1	121	74	121.023	75.1076	1.10786
1	121	74	120.753	74.9432	0.974946
1	121	74	120.51	74.4216	0.646621
1	121	74	120.876	73.7766	0.255595
1	121	74	121.844	74.6938	1.09228
1	121	74	107.114	94.3921	24.6712
1	121	74	121.418	74.949	1.03706
1	121	74	121.585	74.6373	0.864864
1	121	74	120.645	73.9364	0.360283
1	121	74	121.683	73.8755	0.694646
1	121	74	121.008	74.244	0.244153
1	121	74	120.981	74.3423	0.342885
1	121	74	121.333	74.058	0.338103
1	121	74	121.254	74.2265	0.340408
1	121	74	120.898	73.9657	0.107891
1	121	74	120.827	74.0014	0.172936
1	121	74	120.622	74.8266	0.908913
1	121	74	107.7	94.6486	24.5615
1	121	74	122.428	74.5477	1.52924
1	121	74	106.827	95.2181	25.5161
1	121	74	121.01	72.6265	1.37351
1	121	74	121.837	73.8348	0.853605
1	121	74	121.245	74.854	0.888517
1	121	74	120.941	74.6986	0.70117
1	121	74	121.479	74.5803	0.752359
1	121	74	121.326	74.0568	0.331031
1	121	74	121.456	74.302	0.546555
1	121	74	121.053	73.8302	0.177894
1	121	74	121.895	74.3687	0.968113
1	121	74	120.761	74.0653	0.248075
1	121	74	120.88	73.9051	0.152783
1	121	74	121.588	73.8751	0.601193
1	121	74	121.697	74.1746	0.718464
1	121	74	120.643	74.6316	0.725287
1	121	74	120.672	72.2435	1.78681
1	121	74	104.014	88.865	22.5721
1	121	74	121.246	74.5901	0.639293
1	121	74	120.416	74.8061	0.995146
1	121	74	120.765	73.7601	0.335512
1	121	74	121.193	74.2301	0.300214
1	121	74	127.718	79.633	8.76741
1	121	74	121.02	74.2493	0.250086
1	121	74	120.898	74.0401	0.109408
1	121	74	107.126	94.5356	24.7829
1	121	74	121.132	74.2023	0.24159
1	121	74	135.227	83.9425	17.357
1	121	74	120.695	74.5767	0.65221
1	121	74	121.804	74.4025	0.899583
1	121	74	121.207	73.6077	0.443687
1	121	74	121.35	73.5885	0.540238
1	121	74	121.339	74.5357	0.633812
1	121	74	121.091	74.2311	0.248325
1	121	74	120.973	74.8669	0.867371
1	121	74	136.304	84.3309	18.4643
1	121	74	100.031	82.334	22.5648
1	121	74	136.194	84.5325	18.4877
1	121	74	121.795	74.2916	0.847109
1	121	74	120.842	74.0316	0.161098
1	121	74	106.993	94.4817	24.8132
1	121	74	121.314	74.3951	0.504743
1	121	74	122.016	74.6278	1.194
1	121	74	120.662	73.8306	0.378217
1	121	74	120.083	74.3099	0.967721
1	121	74	120.835	74.2732	0.319007
1	121	74	120.835	74.834	0.850204
1	121	74	134.895	84.0818	17.1675
1	121	74	107.837	94.5758	24.4258
1	121	74	121.084	74.718	0.722902
1	121	74	120.994	74.6864	0.686472
1	121	74	120.96	74.7488	0.749815
1	121	74	120.411	74.5716	0.820752
1	121	74	120.437	74.0557	0.565552
1	121	74	122.07	74.2843	1.1075
1	121	74	121.274	74.5264	0.593195
1	121	74	120.879	74.6243	0.635998
1	121	74	120.61	74.4933	0.628683
1	121	74	121.358	74.811	0.886612
1	121	74	102.682	85.6818	21.7261
1	121	74	118.344	73.4404	2.71423
1	121	74	136.649	84.4099	18.795
1	121	74	120.992	73.9366	0.0639917
1	121	74	121.183	73.9608	0.186755
1	121	74	120.972	74.2674	0.268814
1	121	74	120.441	74.7271	0.917075
1	121	74	121.038	73.969	0.0492777
1	121	74	120.888	74.5855	0.596053
1	121	74	120.968	74.349	0.350386
1	121	74	121.687	73.9051	0.693902
1	121	74	103.51	97.4389	29.2453
1	121	74	135.949	84.9043	18.5034
1	121	74	123.79	76.8108	3.96064
1	121	74	121.014	74.0355	0.0380935
1	121	74	121.053	74.6355	0.637714
1	121	74	120.8	73.8681	0.239801
1	121	74	121.029	73.6279	0.373202
1	121	74	119.728	74.2179	1.29037
1	121	74	121.454	73.8384	0.482356
1	121	74	121.27	75.1085	1.14094
1	121	74	121.157	74.2007	0.254556
1	121	74	120.912	74.6794	0.685021
1	121	74	120.357	74.014	0.642817
1	121	74	120.691	74.5645	0.643465
1	121	74	120.691	74.3352	0.456241
1	121	74	121.638	74.2997	0.704675
1	121	74	121.285	74.1827	0.338911
1	121	74	121.384	74.0569	0.388608
1	121	74	120.949	74.5396	0.542075
1	121	74	120.437	74.2833	0.629901
1	121	74	120.381	74.701	0.935049
1	121	74	120.798	74.0455	0.207052
1	121	74	121.444	73.635	0.574949
1	121	74	121.43	73.9324	0.43536
1	121	74	121.481	73.7656	0.535293
1	121	74	121.693	74.0518	0.694633
1	121	74	136.236	84.8753	18.7194
1	121	74	136.627	84.3085	18.7208
1	121	74	120.984	73.5883	0.411959
1	121	74	120.669	74.1726	0.373149
1	121	74	121.421	74.1002	0.433081
1	121	74	121.295	74.1937	0.353052
1	121	74	108.236	96.72	26.06
1	121	74	121.326	74.1514	0.35914
1	121	74	120.735	73.3235	0.72651
1	121	74	120.988	74.0169	0.0206796
1	121	74	122.048	74.105	1.0533
1	121	74	121.041	74.7797	0.780776
1	121	74	120.753	74.387	0.459162
1	121	74	99.9644	97.4381	31.4935
1	121	74	121.342	74.8106	0.879954
1	121	74	121.206	74.6248	0.65786
1	121	74	120.171	74.5304	0.984356
1	121	74	120.804	73.9	0.21977
1	121	74	121.259	74.2751	0.377987
1	121	74	121.349	74.5135	0.620725
1	121	74	121.071	74.6349	0.638895
1	121	74	120.647	74.0041	0.352653
1	121	74	121.201	74.8972	0.91933
1	121	74	120.781	73.9431	0.22676
1	121	74	121.892	74.3501	0.958062
1	121	74	120.747	74.0914	0.268915
1	121	74	104.144	88.0898	21.9696
1	121	74	136.742	84.597	18.9764
1	121	74	106.734	93.8758	24.4658
1	121	74	120.422	74.3564	0.67897
1	121	74	120.545	74.1567	0.481608
1	121	74	121.594	74.1748	0.619193
1	121	74	121.273	75.1281	1.16067
1	121	74	120.834	74.1873	0.250052
1	121	74	121.704	74.1895	0.728967
1	121	74	120.501	74.1309	0.515909
1	121	74	121.284	74.5614	0.629163
1	121	74	121.303	74.1584	0.341798
1	121	74	120.858	73.5836	0.439807
1	121	74	120.492	74.7295	0.888857
1	121	74	121.39	72.7961	1.26551
1	121	74	120.828	74.7457	0.765292
1	121	74	120.82	74.3903	0.430025
1	121	74	121.391	73.9062	0.401682
1	121	74	121.603	73.9204	0.60864
1	121	74	121.11	74.3905	0.405817
1	121	74	121.149	73.7677	0.276105
1	121	74	121.973	72.5348	1.75865
1	121	74	120.899	73.8739	0.161381
1	121	74	98.3303	97.4378	32.6075
1	121	74	121.133	74.339	0.364304
1	121	74	121.37	74.6637	0.760057
1	121	74	121.061	74.4042	0.408704
1	121	74	121.115	74.1538	0.192338
1	121	74	121.127	74.643	0.655403
1	121	74	120.369	74.6053	0.874509
1	121	74	121.133	74.6072	0.621698
1	121	74	120.778	73.6607	0.405285
1	121	74	118.87	73.5636	2.1742
