1	121	74	131.125	72.5794	10.2247
1	121	74	84.1335	65.4354	37.8483
1	121	74	117.01	51.6385	22.7146
1	121	74	46.8532	43.3258	80.2413
1	121	74	101.947	97.4386	30.2056
1	121	74	103.061	52.2571	28.1878
1	121	74	122.32	73.6758	1.35961
1	121	74	124.416	87.9119	14.3252
1	121	74	121.15	80.8337	6.83534
1	121	74	127.896	89.0303	16.5366
1	121	74	140.753	84.6597	22.4457
1	121	74	118.733	45.9679	28.1236
1	121	74	119.14	65.8865	8.32399
1	121	74	136.384	52.3172	26.5862
1	121	74	9.00605	84.8179	112.515
1	121	74	70.7819	10.7325	80.7752
1	121	74	118.261	79.6396	6.26936
1	121	74	120.504	56.7097	17.2974
1	121	74	138.192	74.4828	17.1984
1	121	74	104.835	70.5932	16.5206
1	121	74	141.326	77.7901	20.6763
1	121	74	121.034	81.0077	7.00781
1	121	74	132.662	81.763	14.0095
1	121	74	142.174	74.4527	21.1785
1	121	74	83.5977	64.456	38.6007
1	121	74	46.5614	41.6715	81.1556
1	121	74	139.595	85.9478	22.103
1	121	74	109.446	97.4843	26.1727
1	121	74	117.221	82.9817	9.74439
1	121	74	141.049	22.4758	55.2875
1	121	74	112.873	86.8651	15.2172
1	121	74	134.56	76.8979	13.8661
1	121	74	138.655	60.5771	22.1783
1	121	74	130.095	81.8653	12.0242
1	121	74	83.5704	56.1194	41.4812
1	121	74	99.9283	52.442	30.1457
1	121	74	123.529	46.7543	27.3628
1	121	74	121.816	90.1903	16.2109
1	121	74	124.943	76.8569	4.86913
1	121	74	52.5635	37.9552	77.3484
1	121	74	137.005	71.3026	16.2304
1	121	74	84.7993	66.1261	37.0471
1	121	74	122.736	73.8139	1.74645
1	121	74	90.5869	45.3755	41.7651
1	121	74	113.793	78.6108	8.55531
1	121	74	128.309	88.1004	15.8824
1	121	74	101.165	97.4384	30.7051
1	121	74	94.1225	97.4369	35.6608
1	121	74	120.196	60.6234	13.4007
1	121	74	94.9803	45.957	38.2549
1	121	74	22.6045	26.9947	109.047
1	121	74	139.131	65.3119	20.1053
1	121	74	125.755	80.5657	8.10673
1	121	74	118.265	45.9245	28.2084
1	121	74	140.184	43.6188	35.9313
1	121	74	99.909	95.9527	30.4426
1	121	74	110.874	97.3957	25.4931
1	121	74	122.795	46.6211	27.4377
1	121	74	125.195	73.8662	4.19752
1	121	74	10.6644	83.1504	110.714
1	121	74	139.629	77.0711	18.8802
1	121	74	116.656	78.2508	6.07773
1	121	74	112.644	50.8313	24.6296
1	121	74	95.9873	89.7688	29.5684
1	121	74	141.277	83.6457	22.4545
1	121	74	117.764	84.6577	11.138
1	121	74	119.57	46.0968	27.9398
1	121	74	137.747	59.1331	22.3938
1	121	74	135.116	83.204	16.8512
1	121	74	53.5196	38.1384	76.4177
1	121	74	82.3463	51.227	44.8633
1	121	74	126.293	75.5445	5.51327
1	121	74	108.154	87.153	18.3853
1	121	74	108.507	89.2282	19.6967
1	121	74	116.538	94.4393	20.9207
1	121	74	133.805	71.7601	12.9997
1	121	74	115.884	83.2649	10.5835
1	121	74	120.144	73.5737	0.955862
1	121	74	70.6964	10.7589	80.8077
1	121	74	38.0349	26.2601	95.7199
1	121	74	133.001	75.4544	12.0887
1	121	74	40.3827	22.583	95.6183
1	121	74	115.794	45.5038	28.9678
1	121	74	43.5173	41.4607	84.0379
1	121	74	123.121	93.514	19.6289
1	121	74	110.869	45.1733	30.5552
1	121	74	129.844	77.0807	9.3653
1	121	74	113.198	84.6767	13.2238
1	121	74	120.899	77.655	3.65641
1	121	74	107.07	93.1409	23.6734
1	121	74	140.864	70.0763	20.2482
1	121	74	50.927	49.65	74.1832
1	121	74	109.83	52.3173	24.3908
1	121	74	130.008	74.1608	9.00935
1	121	74	104.156	97.2697	28.7262
1	121	74	136.033	79.1738	15.8979
1	121	74	131.496	77.3518	11.0177
1	121	74	117.963	79.1658	5.99239
1	121	74	131.698	87.8481	17.4991
1	121	74	104.458	94.1904	26.1015
1	121	74	132.17	83.6981	14.7923
1	121	74	111.628	80.0868	11.1748
1	121	74	83.5518	62.5152	39.1697
1	121	74	117.595	45.7975	28.4073
1	121	74	117.874	45.8399	28.333
1	121	74	112.841	58.3881	17.6155
1	121	74	139.204	75.897	18.303
1	121	74	109.98	49.7365	26.6486
1	121	74	115.02	64.7648	11.0025
1	121	74	121.061	89.6509	15.651
1	121	74	121.441	76.486	2.52478
1	121	74	142.273	72.6874	21.3137
1	121	74	119.755	84.3859	10.4602
1	121	74	112.666	45.1736	30.007
1	121	74	68.6204	11.0975	81.8556
1	121	74	114.428	85.3608	13.1248
1	121	74	141.274	83.5354	22.4047
1	121	74	132.086	81.9788	13.6586
1	121	74	128.734	76.14	8.02413
1	121	74	139.427	73.8077	18.428
1	121	74	123.512	74.4379	2.55022
1	121	74	124.247	96.9872	23.2154
1	121	74	115.301	45.4207	29.1419
1	121	74	122.569	88.6241	14.708
1	121	74	116.253	45.5871	28.8068
1	121	74	132.038	72.3324	11.1629
1	121	74	103.377	97.4389	29.3246
1	121	74	84.8643	56.4094	40.1898
1	121	74	136.828	79.1786	16.6532
1	121	74	18.5203	42.6601	107.165
1	121	74	129.747	72.4419	8.88473
1	121	74	86.0298	62.3024	36.8748
1	121	74	142.096	71.8534	21.205
1	121	74	111.049	84.5673	14.5152
1	121	74	99.6769	45.1713	35.8576
1	121	74	108.037	64.4989	16.0717
1	121	74	120.76	91.3907	17.3924
1	121	74	113.041	96.2442	23.6251
1	121	74	81.8702	59.1963	41.8364
1	121	74	130.271	78.3756	10.2513
1	121	74	112.331	76.0885	8.91726
1	121	74	139.368	86.2095	22.0558
1	121	74	114.387	45.2558	29.4951
1	121	74	37.7481	26.2013	95.9979
1	121	74	107.041	95.4389	25.5826
1	121	74	108.419	73.461	12.5921
1	121	74	8.19442	85.4507	113.385
1	121	74	114.366	97.4869	24.4059
1	121	74	101.933	86.4175	22.7543
1	121	74	117.192	45.7549	28.5007
1	121	74	142.298	85.0067	23.9743
1	121	74	126.116	68.8439	7.2638
1	121	74	59.6734	93.1785	64.2555
1	121	74	115.383	80.9256	8.91684
1	121	74	71.1199	10.548	80.7105
1	121	74	134.877	72.0245	14.0167
1	121	74	141.341	83.6427	22.5104
1	121	74	115.125	45.3794	29.2173
1	121	74	128.044	59.2817	16.3171
1	121	74	96.0324	92.1997	30.8967
1	121	74	103.878	67.1872	18.4276
1	121	74	132.576	82.6629	14.4588
1	121	74	127.779	70.2154	7.76379
1	121	74	135.267	78.4853	14.9554
1	121	74	128.528	92.2634	19.754
1	121	74	131.664	77.3695	11.184
1	121	74	119.879	46.1401	27.8825
1	121	74	128.909	80.2374	10.0724
1	121	74	116.607	45.7672	28.5724
1	121	74	132.489	59.9758	18.1292
1	121	74	105.967	64.2944	17.8936
1	121	74	112.169	45.1735	30.1489
1	121	74	102.95	93.1103	26.2869
1	121	74	106.394	83.9408	17.6679
1	121	74	116.573	75.7448	4.75859
1	121	74	134.968	70.0325	14.5204
1	121	74	132.939	73.7852	11.9408
1	121	74	133.796	81.097	14.6322
1	121	74	133.744	74.3476	12.7487
1	121	74	129.539	72.4536	8.67745
1	121	74	118.705	78.5138	5.06384
1	121	74	122.042	88.0164	14.055
1	121	74	70.6426	10.8015	80.8079
1	121	74	140.455	86.3771	23.0587
1	121	74	119.896	46.1821	27.8398
1	121	74	66.18	60.6171	56.4299
1	121	74	113.488	45.1738	29.789
1	121	74	84.1141	89.1573	39.8787
1	121	74	117.977	45.8819	28.2801
1	121	74	118.45	74.9576	2.72348
1	121	74	125.161	85.0105	11.7707
1	121	74	88.4561	65.8114	33.5583
1	121	74	109.643	96.2014	24.9374
1	121	74	106.795	84.1333	17.4486
1	121	74	142.172	73.6552	21.1747
1	121	74	111.497	82.8417	12.98
1	121	74	96.7346	32.3479	48.2049
1	121	74	132.28	84.6397	15.5062
1	121	74	126.133	77.7175	6.33783
1	121	74	129.194	69.2335	9.47943
1	121	74	123.543	83.7244	10.0513
1	121	74	124.556	79.7979	6.80176
1	121	74	119.95	46.1824	27.8374
1	121	74	133.963	78.1621	13.6149
1	121	74	117.052	97.495	23.8243
1	121	74	131.998	81.014	13.0446
1	121	74	88.4319	65.8112	33.5818
1	121	74	141.283	83.9367	22.586
1	121	74	132.02	85.965	16.2665
1	121	74	109.945	45.1731	30.8738
1	121	74	142.175	74.8805	21.1928
1	121	74	116.895	82.9148	9.81446
1	121	74	126.216	91.4081	18.1728
1	121	74	118.933	46.0105	28.0658
1	121	74	8.58279	87.9535	113.28
1	121	74	103.167	45.6865	33.4613
1	121	74	130.3	46.3424	29.1792
1	121	74	41.1102	24.1707	94.1559
1	121	74	116.871	95.764	22.1522
1	121	74	135.823	77.7754	15.296
1	121	74	121.923	90.0188	16.0454
1	121	74	71.0166	10.5996	80.7338
1	121	74	117.103	45.7132	28.554
1	121	74	133.958	53.3768	24.3561
1	121	74	138.257	64.1426	19.8737
1	121	74	128.441	82.0359	10.9522
1	121	74	43.5224	40.5129	84.4048
1	121	74	116.651	45.6293	28.7021
1	121	74	100.55	54.5278	28.2379
1	121	74	134.163	74.4485	13.1702
1	121	74	106.541	90.2713	21.7674
1	121	74	105.771	53.1872	25.7895
1	121	74	107.654	83.3311	16.2846
1	121	74	141.285	80.3017	21.2413
1	121	74	126.421	91.5427	18.3611
1	121	74	136.277	80.7235	16.6913
1	121	74	134.195	71.997	13.346
1	121	74	121.441	79.9635	5.97975
1	121	74	142.189	82.9267	22.9922
1	121	74	135.523	79.143	15.4065
1	121	74	115.226	81.8921	9.77876
1	121	74	94.2151	97.4369	35.591
1	121	74	70.6157	10.7989	80.8267
1	121	74	104.1	96.9819	28.527
1	121	74	68.6474	10.9951	81.9172
1	121	74	123.594	71.6101	3.52687
1	121	74	132.168	83.2768	14.5181
1	121	74	137.141	63.62	19.1906
1	121	74	140.631	84.5464	22.2845
1	121	74	115.903	81.625	9.17185
1	121	74	87.2813	65.7484	34.7137
1	121	74	106.356	90.8495	22.3238
1	121	74	140.411	71.1642	19.6174
1	121	74	131.019	62.6682	15.1256
1	121	74	132.904	86.837	17.5069
1	121	74	136.164	67.0696	16.673
1	121	74	118.494	83.2752	9.60779
1	121	74	123.213	68.6438	5.79524
1	121	74	113.754	97.431	24.526
1	121	74	117.62	88.609	14.9949
1	121	74	108.711	95.4599	24.7297
1	121	74	48.8035	42.1392	78.9141
1	121	74	141.285	83.7443	22.5044
1	121	74	142.171	73.4017	21.1798
1	121	74	121.318	94.2573	20.2598
1	121	74	135.523	74.8424	14.5475
1	121	74	99.8652	96.7929	31.0836
1	121	74	119.96	46.1824	27.837
1	121	74	109.411	97.3969	26.1096
1	121	74	119.768	73.8275	1.24441
1	121	74	88.336	64.1871	34.1062
1	121	74	124.459	81.9647	8.68358
1	121	74	112.441	91.4808	19.4637
1	121	74	117.183	87.9601	14.4726
1	121	74	116.852	45.6711	28.6309
1	121	74	128.178	82.4143	11.0601
1	121	74	99.9458	46.4155	34.7013
1	121	74	123.246	86.2265	12.431
1	121	74	135.802	76.1848	14.9623
1	121	74	140.871	84.5347	22.4905
1	121	74	117.112	77.8386	5.46337
1	121	74	83.4139	58.4591	40.6723
1	121	74	117.555	78.491	5.65997
1	121	74	131.316	81.2724	12.6215
1	121	74	120.413	78.6551	4.69194
1	121	74	121.868	75.0741	1.38129
1	121	74	124.068	83.6712	10.1463
1	121	74	115.554	81.5522	9.31071
1	121	74	129.614	82.0139	11.7651
1	121	74	123.564	91.3863	17.5743
1	121	74	117.071	76.9215	4.89626
1	121	74	132.244	61.5025	16.8111
1	121	74	101.173	93.0608	27.5031
1	121	74	111.623	47.9966	27.6425
1	121	74	117.526	77.7498	5.11189
1	121	74	127.189	80.8056	9.19884
1	121	74	141.386	82.3751	22.0394
1	121	74	85.3172	66.0329	36.5614
1	121	74	114.583	89.2449	16.5404
1	121	74	139.764	66.2899	20.286
1	121	74	39.6133	25.3309	94.8287
1	121	74	139.684	83.989	21.1864
1	121	74	111.077	65.5248	13.0498
1	121	74	84.8304	56.9581	39.9833
1	121	74	103.347	97.4388	29.3428
1	121	74	89.8769	64.0942	32.6615
1	121	74	115.01	45.3793	29.2407
1	121	74	41.559	23.8494	93.9465
1	121	74	115.435	76.4182	6.06811
1	121	74	131.612	72.2412	10.7563
1	121	74	84.3138	65.7379	37.6051
1	121	74	129.342	73.8557	8.34293
1	121	74	141.105	84.1337	22.5146
1	121	74	44.0772	43.7585	82.6539
1	121	74	117.207	84.739	11.3893
1	121	74	120.179	83.3946	9.43041
1	121	74	123.403	51.7562	22.3732
1	121	74	133.866	57.5608	20.8756
1	121	74	121.106	89.8787	15.8791
1	121	74	115.583	45.4623	29.0473
1	121	74	139.433	80.9021	19.6825
1	121	74	131.362	70.3474	10.987
1	121	74	131.926	82.6911	13.9607
1	121	74	134.493	73.6595	13.4976
1	121	74	111.556	97.4405	25.2715
1	121	74	110.437	79.3685	11.8486
1	121	74	115.94	76.2005	5.51746
1	121	74	141.203	85.0035	23.005
1	121	74	108.038	97.0993	26.4875
1	121	74	132.218	60.9779	17.1875
1	121	74	125.883	77.7264	6.14251
1	121	74	122.99	71.4172	3.26043
1	121	74	126.945	90.3532	17.4002
1	121	74	101.55	97.4385	30.4576
1	121	74	131.314	56.4275	20.376
1	121	74	29.3759	32.424	100.616
1	121	74	113.063	91.7026	19.4005
1	121	74	47.6342	19.452	91.4223
1	121	74	117.247	45.7135	28.5343
1	121	74	86.4243	65.5988	35.5817
1	121	74	123.729	71.969	3.40202
1	121	74	120.189	81.0045	7.05129
1	121	74	130.574	71.7268	9.84057
1	121	74	131.971	77.6447	11.561
1	121	74	118.525	75.6031	2.94924
1	121	74	142.177	76.1575	21.2867
1	121	74	132.823	81.4541	13.9764
1	121	74	99.2183	91.0497	27.6611
1	121	74	83.9928	62.7493	38.6796
1	121	74	138.432	81.7634	19.0824
1	121	74	106.083	97.4394	27.7834
1	121	74	104.835	65.109	18.4487
1	121	74	86.7236	65.554	35.3017
1	121	74	91.9536	91.082	33.697
1	121	74	122.641	83.7296	9.86708
1	121	74	86.622	65.8441	35.3323
1	121	74	116.471	95.4505	21.9235
1	121	74	120.112	77.7946	3.89715
1	121	74	98.04	50.4904	32.8613
1	121	74	132.914	62.5123	16.5504
1	121	74	139.563	72.449	18.6274
1	121	74	138.045	75.1243	17.0825
1	121	74	117.394	76.9682	4.67072
1	121	74	87.4944	62.5525	35.4072
1	121	74	97.0627	45.722	37.0491
1	121	74	103.238	80.1601	18.7994
1	121	74	118.903	85.0793	11.276
1	121	74	102.993	45.1524	34.0063
1	121	74	138.665	80.8168	18.9343
1	121	74	111.479	94.2785	22.4024
1	121	74	98.2322	45.1711	36.7353
1	121	74	123.188	74.4705	2.23776
1	121	74	70.1991	10.6472	81.2054
1	121	74	139.824	85.6817	22.1541
1	121	74	119.219	84.6686	10.8162
1	121	74	75.1676	92.9648	49.6012
1	121	74	41.1811	24.2441	94.0569
1	121	74	128.405	80.7224	10.0013
1	121	74	127.68	92.0423	19.2392
1	121	74	79.5637	49.7779	47.9967
1	121	74	107.974	92.479	22.6085
1	121	74	119.968	75.7399	2.02286
1	121	74	119.227	86.812	12.9342
1	121	74	141.483	67.8801	21.3773
1	121	74	107.041	97.473	27.3101
1	121	74	119.233	46.0535	28.0023
1	121	74	105.064	97.4392	28.3436
1	121	74	108.901	96.3618	25.4252
1	121	74	118.426	86.8228	13.0786
1	121	74	117.319	95.9241	22.2309
1	121	74	87.598	65.2842	34.5205
1	121	74	120.829	46.313	27.6876
1	121	74	114.332	76.3336	7.06417
1	121	74	70.5375	10.8376	80.8452
1	121	74	138.627	86.1893	21.4314
1	121	74	131.909	73.6511	10.9147
1	121	74	119.729	46.1394	27.8895
1	121	74	106.833	73.6914	14.1704
1	121	74	97.1415	91.2379	29.4342
1	121	74	118.53	78.1726	4.84904
1	121	74	120.535	46.3531	27.6508
1	121	74	105.86	97.4394	27.904
1	121	74	110.932	46.7599	29.0411
1	121	74	85.7178	66.1337	36.1484
1	121	74	109.514	47.0641	29.2828
1	121	74	114.841	87.9459	15.2454
1	121	74	117.334	79.2906	6.43677
1	121	74	83.3374	62.9231	39.2578
1	121	74	40.3794	22.7786	95.5161
1	121	74	111.255	45.3777	30.2359
1	121	74	116.824	45.671	28.6351
1	121	74	122.775	76.8584	3.36447
1	121	74	105.713	91.5361	23.2638
1	121	74	122.418	91.2877	17.3458
1	121	74	107.185	91.1947	22.0571
1	121	74	109.815	93.1648	22.1897
1	121	74	124.108	73.2364	3.2
1	121	74	124.882	71.3628	4.69282
1	121	74	140.869	84.4189	22.4348
1	121	74	132.035	79.289	12.2374
1	121	74	44.3402	41.3962	83.305
1	121	74	124.408	72.0495	3.92628
1	121	74	122.907	65.2513	8.9542
1	121	74	134.433	84.1008	16.8068
1	121	74	104.842	97.4392	28.469
1	121	74	132.871	80.1217	13.3569
1	121	74	10.6285	83.1257	110.748
1	121	74	139.032	73.0217	18.0587
1	121	74	113.2	84.2321	12.8659
1	121	74	135.619	66.9508	16.2302
1	121	74	105.253	97.4392	28.2378
1	121	74	132.156	82.3146	13.914
1	121	74	140.63	84.4896	22.2567
1	121	74	118.265	80.7389	7.27281
1	121	74	135.794	78.5774	15.4856
1	121	74	117.177	45.7134	28.5439
1	121	74	111.641	50.3247	25.4579
1	121	74	126.559	75.5698	5.77604
1	121	74	135.288	55.7892	23.147
1	121	74	117.915	75.7552	3.54938
1	121	74	93.5535	93.8489	33.8716
1	121	74	132.759	71.9293	11.9402
1	121	74	116.877	75.5811	4.41538
1	121	74	125.557	75.5155	4.8025
1	121	74	129.054	92.4865	20.1648
1	121	74	86.4456	86.9792	36.9116
1	121	74	136.237	70.6773	15.5951
1	121	74	137.075	86.5683	20.4048
1	121	74	103.243	91.5307	24.953
1	121	74	40.4603	24.6128	94.4762
1	121	74	120.14	84.7017	10.7362
1	121	74	119.249	73.9404	1.75161
1	121	74	121.128	70.4601	3.54219
1	121	74	133.486	81.8149	14.7299
1	121	74	103.379	87.4819	22.1867
1	121	74	125.938	73.773	4.9435
1	121	74	119.694	77.191	3.44782
1	121	74	124.763	72.381	4.09688
1	121	74	124.618	76.9328	4.6576
1	121	74	139.888	85.1897	21.9535
1	121	74	119.402	74.945	1.85619
1	121	74	84.291	66.1894	37.5307
1	121	74	108.937	83.7759	15.5266
1	121	74	110.992	45.1733	30.5145
1	121	74	118.189	87.0316	13.3313
1	121	74	106.714	96.5937	26.7314
1	121	74	118.667	94.6391	20.7705
1	121	74	123.141	81.0018	7.32171
1	121	74	124.475	92.6627	18.9834
1	121	74	123.814	75.6267	3.2504
1	121	74	131.606	71.6341	10.8668
1	121	74	140.632	85.2315	22.6177
1	121	74	134.99	76.8048	14.2682
1	121	74	41.6395	23.7895	93.9105
1	121	74	123.889	72.3418	3.33061
1	121	74	131.502	63.466	14.8747
1	121	74	117.436	97.4537	23.723
1	121	74	117.3	79.1853	6.37001
1	121	74	137.639	76.0532	16.7649
1	121	74	127.531	80.2297	9.02585
1	121	74	136.246	74.8018	15.2669
1	121	74	118.671	45.9677	28.1289
1	121	74	136.649	65.5583	17.7808
1	121	74	115.809	84.9804	12.1455
1	121	74	38.4993	25.8371	95.5302
1	121	74	122.292	55.7872	18.2586
1	121	74	124.573	75.6687	3.94367
1	121	74	120.836	80.633	6.63502
1	121	74	10.6285	83.1724	110.752
1	121	74	125.501	47.0265	27.3464
1	121	74	109.064	90.1098	20.0499
1	121	74	139.549	85.9971	22.0906
1	121	74	117.768	95.031	21.2779
1	121	74	114.502	82.0832	10.3712
1	121	74	94.6756	96.8643	34.8676
1	121	74	124.533	85.0076	11.5605
1	121	74	119.081	46.0529	28.0129
1	121	74	80.6588	55.5942	44.3417
1	121	74	136.785	63.3599	19.0363
1	121	74	128.661	49.1886	25.9671
1	121	74	67.7309	14.5096	79.8543
1	121	74	114.327	93.3727	20.4897
1	121	74	118.586	45.9257	28.1779
1	121	74	119.28	89.6329	15.7272
1	121	74	133.617	72.6189	12.6921
1	121	74	116.086	97.4748	23.9837
1	121	74	113.19	93.1494	20.6809
1	121	74	51.7307	18.5586	88.7242
1	121	74	138.918	78.4428	18.4603
1	121	74	120.441	85.9638	11.9769
1	121	74	118.515	45.9254	28.1844
1	121	74	49.272	29.8923	84.2045
1	121	74	107.528	91.9152	22.4152
1	121	74	70.8404	10.7035	80.7616
1	121	74	111.308	46.3621	29.288
1	121	74	134.595	79.3777	14.6203
1	121	74	120.383	72.186	1.91594
1	121	74	136.299	63.389	18.619
1	121	74	103.744	88.3141	22.4198
1	121	74	86.0987	64.1372	36.2682
1	121	74	122.094	94.3176	20.3471
1	121	74	105.968	50.4038	27.9775
1	121	74	41.791	23.6788	93.8418
1	121	74	125.821	47.0723	27.3557
1	121	74	108.528	57.2559	20.8784
1	121	74	134.607	71.9467	13.7608
1	121	74	140.34	73.4588	19.3475
1	121	74	123.827	80.1074	6.73005
1	121	74	118.967	87.0734	13.2305
1	121	74	121.944	46.4883	27.5279
1	121	74	10.5053	58.6072	111.562
1	121	74	85.1097	65.6272	36.854
1	121	74	124.593	88.3474	14.7904
1	121	74	133.134	73.0611	12.1707
1	121	74	130.473	63.3358	14.2642
1	121	74	137.82	76.7456	17.0422
1	121	74	96.6818	52.2113	32.6515
1	121	74	104.238	97.3831	28.7703
1	121	74	121.778	46.445	27.566
1	121	74	88.1364	65.8961	33.848
1	121	74	110.838	96.2915	24.4985
1	121	74	140.402	85.0566	22.3316
1	121	74	129.9	77.7941	9.67494
1	121	74	104.275	97.439	28.7941
1	121	74	125.102	69.434	6.13824
1	121	74	140.732	85.1894	22.6839
1	121	74	130.656	89.1701	17.9826
1	121	74	136.321	44.8091	32.9671
1	121	74	103.781	62.6363	20.631
1	121	74	121.856	86.3873	12.4169
1	121	74	44.5433	28.091	89.1811
1	121	74	121.618	70.5082	3.54608
1	121	74	122.912	74.9644	2.14129
1	121	74	104.608	85.843	20.2229
1	121	74	127.924	62.1626	13.7136
1	121	74	104.239	95.6055	27.3446
1	121	74	127.365	92.4569	19.5236
1	121	74	133.319	62.416	16.9098
1	121	74	87.8992	63.7995	34.6369
1	121	74	28.267	39.0207	99.1108
1	121	74	119.388	75.6176	2.28363
1	121	74	97.7615	54.5412	30.3096
1	121	74	136.048	76.7476	15.2967
1	121	74	121.456	48.5002	25.5038
1	121	74	127.583	73.2765	6.62247
1	121	74	140.35	79.7415	20.184
1	121	74	8.91352	84.7061	112.597
1	121	74	130.011	81.5326	11.7446
1	121	74	131.251	78.8619	11.3454
1	121	74	117.65	91.219	17.542
1	121	74	119.903	95.7723	21.7999
1	121	74	129.581	88.8751	17.1728
1	121	74	130.584	73.685	9.58929
1	121	74	24.1259	37.714	103.447
1	121	74	117.084	45.7131	28.5566
1	121	74	126.017	91.9314	18.6199
1	121	74	109.581	89.8355	19.5231
1	121	74	133.276	82.4103	14.8804
1	121	74	105.126	97.4392	28.3086
1	121	74	125.221	89.7354	16.2917
1	121	74	112.219	69.5853	9.82874
1	121	74	106.698	91.1058	22.297
1	121	74	117.149	77.4023	5.1385
1	121	74	108.962	97.1004	26.0489
1	121	74	113.745	97.4832	24.5785
1	121	74	134.331	75.0363	13.3707
1	121	74	135.537	61.0598	19.4621
1	121	74	39.6767	25.0996	94.8932
1	121	74	88.2482	56.0234	37.361
1	121	74	121.824	71.7971	2.35182
1	121	74	140.823	82.291	21.487
1	121	74	123.888	72.5792	3.21901
1	121	74	128.866	78.7171	9.17169
1	121	74	42.8929	22.7621	93.4133
1	121	74	115.922	83.46	10.7366
1	121	74	105.946	51.2795	27.2549
1	121	74	125.704	94.0088	20.5544
1	121	74	39.679	25.1058	94.8881
1	121	74	140.72	71.3272	19.9003
1	121	74	123.098	93.3995	19.5126
1	121	74	120.493	89.1285	15.137
1	121	74	113.253	97.487	24.7317
1	121	74	111.678	94.1203	22.1748
1	121	74	96.782	54.8041	30.903
1	121	74	137.994	59.109	22.5955
1	121	74	108.857	90.8432	20.7643
1	121	74	130.689	71.7218	9.9534
1	121	74	118.82	75.604	2.70643
1	121	74	71.0497	45.7973	57.3622
1	121	74	39.9948	25.7364	94.2933
1	121	74	135.89	75.9846	15.0214
1	121	74	93.8231	55.11	33.0971
1	121	74	126.857	73.486	5.87969
1	121	74	93.4721	97.4368	36.1534
1	121	74	114.078	84.144	12.2806
1	121	74	121.327	67.167	6.84089
1	121	74	131.043	70.1941	10.7399
1	121	74	127.77	76.7876	7.32117
1	121	74	104.478	45.1721	33.227
1	121	74	119.392	46.0541	27.9921
1	121	74	121.804	86.571	12.5967
1	121	74	134.815	78.0234	14.3887
1	121	74	127.665	93.3676	20.4824
1	121	74	129.084	76.8245	8.56309
1	121	74	139.944	79.4305	19.7069
1	121	74	127.15	72.8754	6.25169
1	121	74	42.2765	23.0971	93.7469
1	121	74	107.191	68.9501	14.7031
1	121	74	115.08	51.8603	22.9176
1	121	74	106.239	86.8972	19.6017
1	121	74	128.574	85.9668	14.1624
1	121	74	97.593	45.2487	37.0746
1	121	74	140.403	85.0861	22.3468
1	121	74	123.699	71.4972	3.68114
1	121	74	116.685	97.4241	23.8182
1	121	74	122.462	79.818	5.99886
1	121	74	124.547	90.6954	17.068
1	121	74	116.322	77.534	5.86283
1	121	74	132.765	74.8457	11.795
1	121	74	79.4076	57.1942	44.8594
1	121	74	132.374	68.8047	12.5039
1	121	74	124.087	46.8008	27.3738
1	121	74	100.085	97.4382	31.4132
1	121	74	111.754	96.3647	24.2007
1	121	74	130.445	84.0158	13.7666
1	121	74	111.855	66.4875	11.835
1	121	74	126.882	72.5753	6.05232
1	121	74	40.8497	24.3481	94.2835
1	121	74	138.16	66.3738	18.7779
1	121	74	121.104	78.1553	4.15657
1	121	74	138.234	74.2303	17.236
1	121	74	127.433	87.5773	15.0242
1	121	74	120.844	70.6475	3.35609
1	121	74	98.4811	97.4378	32.5028
1	121	74	69.6679	11.8941	80.5738
1	121	74	142.186	81.1115	22.3475
1	121	74	135.915	70.9078	15.2325
1	121	74	61.2194	10.6684	87.0896
1	121	74	98.3027	96.9825	32.3011
1	121	74	102.375	83.4	20.863
1	121	74	114.488	47.0576	27.7182
1	121	74	115.021	45.3793	29.2385
1	121	74	55.0048	43.6536	72.6379
1	121	74	114.476	45.2968	29.4352
1	121	74	86.9305	66.1309	34.9665
1	121	74	119.951	76.6822	2.88009
1	121	74	106.777	86.4364	18.8931
1	121	74	41.0823	22.4354	95.1091
1	121	74	129.308	70.8342	8.89097
1	121	74	106.353	97.4244	27.6268
1	121	74	125.946	79.9962	7.77267
1	121	74	120.478	46.4706	27.5344
1	121	74	98.0887	90.9502	28.4998
1	121	74	117.192	81.7641	8.64746
1	121	74	140.129	85.9088	22.5333
1	121	74	40.3076	24.7468	94.5364
1	121	74	122.252	47.8909	26.1391
1	121	74	97.7557	59.23	27.54
1	121	74	120.002	83.7041	9.7553
1	121	74	125.986	88.8234	15.6395
1	121	74	108.147	83.6302	16.0605
1	121	74	114.535	95.8155	22.7533
1	121	74	119.522	77.3798	3.6888
1	121	74	133.174	78.6492	13.0319
1	121	74	52.9354	38.3661	76.8281
1	121	74	125.364	67.0933	8.16999
1	121	74	100.911	97.4383	30.8696
1	121	74	125.585	79.8514	7.43393
1	121	74	120.109	70.8682	3.25616
1	121	74	127.941	80.104	9.24288
1	121	74	142.303	72.124	21.3856
1	121	74	123.26	75.828	2.90653
1	121	74	129.327	72.0522	8.55225
1	121	74	129.454	78.7621	9.70311
1	121	74	90.096	54.6489	36.4626
1	121	74	100.958	33.4727	45.2123
1	121	74	73.3729	10.6457	79.2598
1	121	74	116.678	45.6842	28.6438
1	121	74	97.2571	58.9652	28.1028
1	121	74	39.5404	25.1826	94.9674
1	121	74	126.55	93.5953	20.3661
1	121	74	98.7717	97.4379	32.3022
1	121	74	110.911	45.1733	30.5411
1	121	74	101.618	77.6957	19.7309
1	121	74	116.405	97.4288	23.8753
1	121	74	125.184	88.2301	14.8324
1	121	74	8.95464	84.6951	112.555
1	121	74	132.627	55.8997	21.5131
1	121	74	141.09	57.4863	26.0062
1	121	74	116.312	93.8048	20.3521
1	121	74	125.672	91.1738	17.798
1	121	74	140.596	72.212	19.6774
1	121	74	117.711	45.8394	28.3521
1	121	74	43.5729	43.5666	83.1934
1	121	74	121.353	81.6876	7.69569
1	121	74	99.1517	93.997	29.618
1	121	74	53.5403	35.4959	77.6748
1	121	74	140.879	84.0775	22.2877
1	121	74	116.024	86.2526	13.2244
1	121	74	128.612	72.753	7.71385
1	121	74	129.619	79.1107	10.0203
1	121	74	107.846	52.6486	25.0784
1	121	74	104.329	97.3831	28.7177
1	121	74	139.04	69.0739	18.7009
1	121	74	108.932	92.9839	22.495
1	121	74	108.328	93.8081	23.5145
1	121	74	129.642	82.3632	12.026
1	121	74	106.176	97.4394	27.7337
1	121	74	39.9937	22.4097	96.0395
1	121	74	124.619	74.0646	3.61956
1	121	74	118.614	95.6521	21.7831
1	121	74	89.1989	65.4129	32.94
1	121	74	8.62893	85.2007	112.928
1	121	74	106.337	86.9355	19.5531
1	121	74	141.268	71.821	20.3847
1	121	74	137.174	48.6968	30.031
1	121	74	136.465	64.1529	18.3341
1	121	74	107.04	87.5703	19.4686
1	121	74	118.269	75.9861	3.37651
1	121	74	11.0785	58.607	110.994
1	121	74	10.5033	59.3251	111.467
1	121	74	139.587	69.5751	19.1067
1	121	74	112.272	76.674	9.1283
1	121	74	58.5244	41.7438	70.3112
1	121	74	138.667	85.6371	21.155
1	121	74	130.764	84.1699	14.098
1	121	74	124.264	86.6574	13.0716
1	121	74	123.227	94.1724	20.2949
1	121	74	132.893	55.356	22.1143
1	121	74	133.337	54.8501	22.7798
1	121	74	108.821	93.6652	23.1314
1	121	74	133.781	81.5527	14.8458
1	121	74	119.063	77.8442	4.3048
1	121	74	115.619	97.3877	23.9988
1	121	74	67.6889	48.6637	59.0254
1	121	74	43.0963	21.6404	93.8643
1	121	74	118.797	45.9682	28.1183
1	121	74	121.969	70.1528	3.96724
1	121	74	123.737	90.2262	16.4554
1	121	74	119.364	46.054	27.9938
1	121	74	86.816	65.0431	35.3379
1	121	74	120.795	76.6068	2.61484
1	121	74	111.484	93.7264	21.9018
1	121	74	94.2779	97.437	35.5438
1	121	74	117.402	45.7554	28.4728
1	121	74	128.738	76.7756	8.22093
1	121	74	122.587	76.5618	3.01339
1	121	74	141.385	61.6181	23.8509
1	121	74	70.4887	10.8617	80.8569
1	121	74	134.616	89.5927	20.7007
1	121	74	104.611	97.1326	28.3498
1	121	74	100.271	97.4382	31.2896
1	121	74	120.094	46.1831	27.8317
1	121	74	121.099	70.6286	3.37283
1	121	74	109.37	85.6055	16.43
1	121	74	126.808	42.4311	32.0988
1	121	74	116.3	45.5872	28.799
1	121	74	123.805	95.6309	21.812
1	121	74	120.094	46.1831	27.8317
1	121	74	83.9575	52.0571	43.0539
1	121	74	141.952	72.7847	20.9874
1	121	74	127.867	82.4567	10.8938
1	121	74	106.481	97.4395	27.5717
1	121	74	140.401	85.0109	22.3081
1	121	74	134.276	84.879	17.1641
1	121	74	139.21	83.0186	20.3205
1	121	74	141.682	80.9314	21.8122
1	121	74	130.382	76.9127	9.82413
1	121	74	136.568	88.2283	21.0903
1	121	74	110.627	81.4751	12.7856
1	121	74	109.502	77.8397	12.122
1	121	74	133.663	69.9778	13.2866
1	121	74	107.601	95.9445	25.7117
1	121	74	107.515	87.7412	19.2527
1	121	74	123.035	88.7404	14.8802
1	121	74	117.48	45.7972	28.4217
1	121	74	109.883	97.4845	25.9831
1	121	74	132.656	80.0442	13.1303
1	121	74	112.903	97.1191	24.4959
1	121	74	94.0332	97.4369	35.7281
1	121	74	107.052	87.4756	19.3943
1	121	74	141.583	63.6153	23.054
1	121	74	130.441	89.2496	17.9356
1	121	74	126.711	83.7484	11.2981
1	121	74	124.643	79.5668	6.65266
1	121	74	128.91	71.9837	8.16259
1	121	74	52.4592	39.113	76.9087
1	121	74	134.97	75.7707	14.0814
1	121	74	130.472	75.6473	9.61455
1	121	74	91.3944	65.1236	30.9076
1	121	74	102.93	97.4388	29.5954
1	121	74	58.0192	94.9971	66.3887
1	121	74	128.052	77.2118	7.74904
1	121	74	126.487	81.1905	9.04503
1	121	74	118.467	56.5214	17.6613
1	121	74	118.76	83.3948	9.65812
1	121	74	73.9886	12.6273	77.309
1	121	74	127.852	80.2494	9.27362
1	121	74	135.088	71.7109	14.2725
1	121	74	129.804	82.301	12.1006
1	121	74	133.792	82.4657	15.3393
1	121	74	139.937	85.5006	22.1561
1	121	74	129.465	91.1833	19.1553
1	121	74	113.393	89.7852	17.5227
1	121	74	136.808	71.5154	16.0024
1	121	74	122.125	73.909	1.12896
1	121	74	120.074	92.356	18.3794
1	121	74	127.117	80.8907	9.21403
1	121	74	106.027	92.1332	23.5162
1	121	74	99.0973	97.4106	32.0591
1	121	74	128.69	73.6867	7.69604
1	121	74	113.722	67.8471	9.53059
1	121	74	119.532	46.0966	27.942
1	121	74	135.684	62.4879	18.6584
1	121	74	114.613	81.8004	10.0814
1	121	74	41.7945	23.6736	93.8417
1	121	74	123.095	77.0743	3.72022
1	121	74	117.979	45.8403	28.3214
1	121	74	121.637	74.9281	1.12589
1	121	74	107.673	94.4313	24.3937
1	121	74	91.9742	49.3839	38.0585
1	121	74	55.6069	45.9857	71.1411
1	121	74	113.762	86.4565	14.4066
1	121	74	97.4753	45.1709	37.2092
1	121	74	58.874	97.4294	66.3971
1	121	74	117.608	73.9327	3.39292
1	121	74	102.555	97.4387	29.8263
1	121	74	123.055	94.8944	20.9952
1	121	74	116.343	81.6496	8.95548
1	121	74	124.512	75.0403	3.66269
1	121	74	48.6431	40.5258	79.7248
1	121	74	109.931	45.1731	30.8789
1	121	74	130.577	85.8797	15.2594
1	121	74	128.534	71.9023	7.82102
1	121	74	142.067	83.1098	22.9521
1	121	74	129.457	70.3931	9.19384
1	121	74	123.644	74.1423	2.64789
1	121	74	118.814	45.9682	28.1169
1	121	74	139.537	77.0808	18.7912
1	121	74	113.313	88.382	16.3074
1	121	74	128.919	71.1244	8.42473
1	121	74	100.161	63.3295	23.412
1	121	74	84.3085	60.967	38.9375
1	121	74	119.236	46.0535	28.0021
1	121	74	96.2332	54.2526	31.6758
1	121	74	125.504	71.3342	5.23387
1	121	74	130.646	82.0968	12.5938
1	121	74	10.8326	58.3446	111.274
1	121	74	136.306	75.1482	15.3494
1	121	74	118.153	83.0437	9.48116
1	121	74	130.431	72.3801	9.56909
1	121	74	42.2218	97.4257	82.1874
1	121	74	104.031	97.383	28.8914
1	121	74	124.95	74.8339	4.03702
1	121	74	122.995	46.6649	27.4077
1	121	74	134.822	70.4115	14.2801
1	121	74	129.114	69.0746	9.49168
1	121	74	139.793	71.3999	18.9716
1	121	74	134.926	83.6189	16.9249
1	121	74	127.137	78.1885	7.43024
1	121	74	115.986	45.5453	28.8931
1	121	74	132.436	79.0285	12.4929
1	121	74	117.877	74.8029	3.22451
1	121	74	140.988	84.3688	22.5175
1	121	74	57.6855	43.3763	70.3316
1	121	74	140.509	54.3729	27.6735
1	121	74	97.7093	96.85	32.6278
1	121	74	117.129	45.7132	28.5504
1	121	74	141.106	84.2266	22.5577
1	121	74	115.947	45.5453	28.8999
1	121	74	85.5336	64.6048	36.6897
1	121	74	123.243	95.8221	21.9371
1	121	74	40.1439	24.8283	94.6339
1	121	74	122.722	72.5686	2.23925
1	121	74	128.563	72.2577	7.76154
1	121	74	133.404	81.2701	14.3774
1	121	74	130.388	74.2755	9.39243
1	121	74	104.93	97.4392	28.4191
1	121	74	126.836	79.5474	8.05206
1	121	74	124.463	46.8678	27.3523
1	121	74	118.711	77.4916	4.1751
1	121	74	85.2279	62.6818	37.5199
1	121	74	127.258	82.763	10.7682
1	121	74	118.581	75.9676	3.11802
1	121	74	101.09	48.5239	32.3331
1	121	74	126.657	73.4192	5.6864
1	121	74	121.592	90.5775	16.588
1	121	74	105.927	86.4324	19.5384
1	121	74	141.47	67.6727	21.4255
1	121	74	115.928	81.1462	8.76315
1	121	74	117.21	84.0272	10.7195
1	121	74	131.356	81.0806	12.545
1	121	74	38.202	28.3609	94.5433
1	121	74	122.474	76.6411	3.02435
1	121	74	119.38	71.5441	2.94216
1	121	74	127.632	82.9219	11.1168
1	121	74	116.741	96.9236	23.316
1	121	74	129.713	87.9291	16.4298
1	121	74	122.155	80.0084	6.11851
1	121	74	134.752	54.1004	24.1891
1	121	74	111.18	48.0023	27.7905
1	121	74	113.714	87.7997	15.6052
1	121	74	121.462	46.4011	27.6028
1	121	74	131.611	57.0046	20.0358
1	121	74	123.891	94.4519	20.6552
1	121	74	124.689	85.4739	12.0524
1	121	74	103.916	84.4076	20.0045
1	121	74	141.83	71.0117	21.0431
1	121	74	133.069	74.6003	12.084
1	121	74	121.753	76.2535	2.376
1	121	74	117.785	78.9328	5.88814
1	121	74	98.1751	97.4378	32.7155
1	121	74	137.591	78.8367	17.2818
1	121	74	122.853	94.683	20.7658
1	121	74	112.287	45.1736	30.1144
1	121	74	105.572	97.4393	28.0613
1	121	74	87.1841	55.176	38.7022
1	121	74	94.084	56.4458	32.1344
1	121	74	127.906	65.9964	10.5711
1	121	74	109.487	85.015	15.9337
1	121	74	84.3981	66.2045	37.4228
1	121	74	109.341	91.1672	20.7521
1	121	74	132.605	82.9585	14.6604
1	121	74	16.7852	85.8857	104.89
1	121	74	129.641	72.0985	8.84809
1	121	74	100.809	97.4383	30.9359
1	121	74	125.093	68.829	6.59501
1	121	74	93.3623	97.4368	36.237
1	121	74	114.197	63.0648	12.8788
1	121	74	92.4138	63.4867	30.4582
1	121	74	135.248	77.5821	14.6918
1	121	74	104.964	64.5192	18.6292
1	121	74	103.164	97.376	29.4036
1	121	74	140.868	84.3952	22.4235
1	121	74	40.5866	24.5335	94.41
1	121	74	127.338	78.8584	7.9856
1	121	74	133.648	59.9144	18.9306
1	121	74	52.1516	38.9118	77.2741
