1	121	74	121.487	74.0955	0.496772
1	121	74	102.532	86.117	22.088
1	121	74	135.755	84.4006	18.0521
1	121	74	121.126	74.2498	0.279875
1	121	74	120.528	74.316	0.567833
1	121	74	121.316	73.9923	0.316314
1	121	74	120.847	74.0747	0.170443
1	121	74	121.2	74.3792	0.428703
1	121	74	121.04	74.4276	0.429403
1	121	74	121.246	74.2955	0.384603
1	121	74	120.969	74.578	0.578811
1	121	74	121.105	74.2152	0.239525
1	121	74	121.255	74.2747	0.374921
1	121	74	121.526	74.1618	0.550034
1	121	74	120.829	74.1253	0.211695
1	121	74	120.921	74.1044	0.131092
1	121	74	120.799	74.2304	0.305856
1	121	74	121.261	74.0345	0.263746
1	121	74	120.75	74.2918	0.384532
1	121	74	121.099	74.2621	0.280313
1	121	74	121.088	74.1127	0.142987
1	121	74	121.32	74.4154	0.524639
1	121	74	121.103	74.2369	0.258435
1	121	74	120.854	73.9981	0.146354
1	121	74	120.991	73.8263	0.173954
1	121	74	121.491	74.2316	0.543092
1	121	74	120.872	74.2452	0.276783
1	121	74	120.982	74.0848	0.0868127
1	121	74	121.152	74.2078	0.257357
1	121	74	121.042	74.4578	0.459696
1	121	74	121.386	74.0904	0.396612
1	121	74	121.05	74.1136	0.124329
1	121	74	120.803	74.0598	0.206123
1	121	74	120.802	74.0042	0.197751
1	121	74	120.752	74.3353	0.416793
1	121	74	121.164	74.5693	0.592356
1	121	74	120.859	74.3615	0.387838
1	121	74	120.896	73.9097	0.13789
1	121	74	121.103	74.4421	0.453885
1	121	74	120.84	74.1671	0.231146
1	121	74	121.248	73.9126	0.262505
1	121	74	121.104	73.824	0.204599
1	121	74	120.46	73.6324	0.653141
1	121	74	121.216	74.2676	0.344152
1	121	74	121.139	74.1137	0.179721
1	121	74	121.102	73.9312	0.123028
1	121	74	121.282	74.3319	0.435665
1	121	74	121.325	72.0385	1.98827
1	121	74	121.125	74.1442	0.190624
1	121	74	121.076	73.9199	0.110686
1	121	74	121.242	74.0967	0.260523
1	121	74	121.398	74.2879	0.490919
1	121	74	120.841	74.0765	0.17672
1	121	74	121.256	74.2119	0.331966
1	121	74	121.253	74.3412	0.42488
1	121	74	136.699	84.3306	18.7933
1	121	74	120.969	74.2309	0.232957
1	121	74	120.751	74.3027	0.392076
1	121	74	120.875	74.3255	0.348727
1	121	74	107.435	95.258	25.2174
1	121	74	136.232	84.2137	18.3392
1	121	74	121.102	74.2596	0.279029
1	121	74	120.88	73.9296	0.138735
1	121	74	120.877	74.4149	0.432659
1	121	74	121.197	74.0399	0.201179
1	121	74	136.578	84.3371	18.6961
1	121	74	121.121	73.8393	0.200921
1	121	74	120.961	74.0511	0.0642529
1	121	74	121.252	74.0856	0.26622
1	121	74	121.209	74.0462	0.213554
1	121	74	120.804	74.4737	0.512702
1	121	74	121.463	72.1032	1.95256
1	121	74	104.263	89.0777	22.5272
1	121	74	121.214	73.9281	0.225443
1	121	74	136.833	84.4154	18.9519
1	121	74	121.064	74.0875	0.108134
1	121	74	120.97	73.9405	0.0668957
1	121	74	122.908	76.3561	3.03193
1	121	74	119.013	73.304	2.10553
1	121	74	121.151	73.9811	0.151689
1	121	74	120.748	74.1685	0.303183
1	121	74	121.192	74.0486	0.197968
1	121	74	120.85	73.9819	0.151285
1	121	74	121.339	74.366	0.498781
1	121	74	120.85	74.4445	0.469246
1	121	74	120.949	73.8182	0.188683
1	121	74	121.366	74.0527	0.370182
1	121	74	120.895	73.9482	0.117256
1	121	74	121.298	74.1356	0.327176
1	121	74	120.604	74.269	0.478828
1	121	74	121.02	74.4288	0.429229
1	121	74	121.075	74.3333	0.341705
1	121	74	121.014	73.8525	0.148152
1	121	74	121.195	74.4243	0.466967
1	121	74	120.819	74.3623	0.404935
1	121	74	120.878	74.3817	0.400723
1	121	74	121.632	74.2818	0.691557
1	121	74	121.262	74.1109	0.284585
1	121	74	121.232	74.1482	0.275711
1	121	74	121.131	74.5077	0.524235
1	121	74	120.889	74.4729	0.485806
1	121	74	121.037	73.9424	0.0684306
1	121	74	121.101	74.1587	0.188252
1	121	74	121.017	74.4224	0.422772
1	121	74	120.908	73.7711	0.246835
1	121	74	121.055	74.1755	0.183961
1	121	74	120.898	73.9517	0.112541
1	121	74	118.57	79.2038	5.74297
1	121	74	120.781	74.213	0.305512
1	121	74	120.593	74.323	0.519788
1	121	74	120.788	74.0053	0.21169
1	121	74	120.84	74.44	0.46813
1	121	74	121.208	74.6708	0.702399
1	121	74	107.016	95.2453	25.4345
1	121	74	120.911	74.0058	0.0895441
1	121	74	107.416	95.0886	25.0847
1	121	74	120.811	74.1853	0.264458
1	121	74	120.691	74.0616	0.315403
1	121	74	121.851	74.309	0.905715
1	121	74	121.331	73.9673	0.332186
1	121	74	121.118	74.0331	0.122726
1	121	74	121.167	74.6447	0.666082
1	121	74	121.565	74.0868	0.57174
1	121	74	107.329	94.4731	24.6182
1	121	74	120.731	74.1018	0.287199
1	121	74	120.835	74.13	0.209867
1	121	74	121.142	74.0707	0.158779
1	121	74	120.485	74.073	0.520062
1	121	74	121.04	74.1173	0.12396
1	121	74	121.322	74.2316	0.396911
1	121	74	121.228	74.2284	0.32296
1	121	74	121.325	74.3525	0.479506
1	121	74	120.765	74.4572	0.514229
1	121	74	121.18	73.9006	0.205244
1	121	74	120.716	74.2369	0.369497
1	121	74	121.009	74.0537	0.0544359
1	121	74	120.912	74.1231	0.151031
1	121	74	120.72	74.3035	0.413056
1	121	74	120.894	74.2616	0.282414
1	121	74	120.729	74.3543	0.446205
1	121	74	120.968	73.8606	0.143152
1	121	74	121.093	72.5442	1.45875
1	121	74	135.898	84.0911	17.994
1	121	74	121.02	74.3581	0.358649
1	121	74	120.97	74.4172	0.418343
1	121	74	121.201	73.9056	0.22242
1	121	74	120.976	73.981	0.0309569
1	121	74	99.5667	80.2552	22.3274
1	121	74	120.918	73.8486	0.172239
1	121	74	121.074	74.1278	0.147668
1	121	74	121.348	74.2102	0.40638
1	121	74	121.179	74.3282	0.373652
1	121	74	120.932	73.7121	0.295818
1	121	74	120.956	74.406	0.408408
1	121	74	121.347	74.2664	0.437332
1	121	74	120.917	74.233	0.247408
1	121	74	120.724	74.1095	0.297225
1	121	74	120.896	74.1969	0.222814
1	121	74	120.915	74.0955	0.128112
1	121	74	120.995	74.1489	0.148991
1	121	74	121.385	74.3057	0.491854
1	121	74	120.923	74.1027	0.128361
1	121	74	121.115	74.1142	0.161854
1	121	74	121.051	74.2804	0.28496
1	121	74	121.145	73.7938	0.252154
1	121	74	120.926	74.4657	0.471558
1	121	74	120.723	74.4553	0.532889
1	121	74	120.939	73.9551	0.0759769
1	121	74	121.361	74.0146	0.361154
1	121	74	121.348	74.2441	0.425043
1	121	74	104.365	89.7955	22.9394
1	121	74	121.559	74.3292	0.648663
1	121	74	120.871	74.2451	0.277061
1	121	74	120.935	74.1991	0.209565
1	121	74	120.99	74.258	0.258181
1	121	74	120.832	74.1529	0.227083
1	121	74	107.146	94.5299	24.767
1	121	74	121.019	74.2766	0.277277
1	121	74	120.688	74.3805	0.491815
1	121	74	121.392	74.2347	0.456835
1	121	74	120.923	74.0698	0.104052
1	121	74	121.332	74.1139	0.35093
1	121	74	121.191	74.5067	0.541579
1	121	74	99.3152	80.3961	22.6084
1	121	74	121.275	74.1923	0.335432
1	121	74	121.04	74.03	0.0496824
1	121	74	120.878	74.3748	0.39426
1	121	74	121.066	74.5075	0.511776
1	121	74	120.911	74.0703	0.113205
1	121	74	121.111	74.3769	0.392919
1	121	74	121.028	74.4828	0.483637
1	121	74	99.3826	80.2619	22.506
1	121	74	120.627	74.3663	0.522762
1	121	74	120.898	74.3964	0.409382
1	121	74	118.263	79.1414	5.82439
1	121	74	120.637	74.16	0.396834
1	121	74	121.143	74.2592	0.296081
1	121	74	121.111	73.8649	0.174925
1	121	74	121.344	74.2258	0.411355
1	121	74	121.171	74.1286	0.213901
1	121	74	120.999	74.2195	0.21953
1	121	74	121.142	74.3986	0.423089
1	121	74	121.08	74.3727	0.38122
1	121	74	120.833	73.9898	0.167555
1	121	74	121.301	74.3173	0.437456
1	121	74	121.102	74.101	0.143222
1	121	74	121.144	74.6255	0.641856
1	121	74	121.226	74.1317	0.26182
1	121	74	121.179	74.4719	0.50464
1	121	74	120.627	74.2666	0.458461
1	121	74	107.173	94.5543	24.7725
1	121	74	121.174	74.4856	0.515959
1	121	74	121.223	74.3599	0.423457
1	121	74	120.959	74.583	0.584394
1	121	74	121.261	74.3045	0.400861
1	121	74	120.909	74.3452	0.357078
1	121	74	121.206	74.2683	0.338417
1	121	74	120.953	73.9505	0.0684769
1	121	74	120.839	74.4839	0.50998
1	121	74	121.01	73.9245	0.076158
1	121	74	120.802	74.3407	0.394174
1	121	74	121.095	74.2455	0.26339
1	121	74	120.942	73.8695	0.142735
1	121	74	120.831	74.0993	0.196222
1	121	74	120.831	73.9866	0.16939
1	121	74	120.947	74.6189	0.621131
1	121	74	121.01	74.5656	0.565667
1	121	74	121.4	74.2831	0.4903
1	121	74	121.31	73.989	0.309722
1	121	74	120.96	73.7745	0.22906
1	121	74	102.423	85.9473	22.0868
1	121	74	120.939	74.5126	0.516185
1	121	74	121.166	74.1483	0.222484
1	121	74	120.873	74.1598	0.203834
1	121	74	121.468	74.1541	0.492554
1	121	74	121.021	72.1041	1.89602
1	121	74	121.016	73.8943	0.106985
1	121	74	120.588	74.3601	0.547197
1	121	74	121.07	74.0464	0.0837011
1	121	74	121.447	74.0328	0.447933
1	121	74	121.03	74.2242	0.22623
1	121	74	121.323	74.3299	0.461813
1	121	74	120.526	73.7914	0.517522
1	121	74	121.164	73.9193	0.183173
1	121	74	120.868	74.3741	0.396758
1	121	74	121.088	73.8101	0.209464
1	121	74	72.7392	87.6368	50.1505
1	121	74	121.211	73.9722	0.213131
1	121	74	121.101	74.0251	0.104233
1	121	74	105.285	90.8509	23.0414
1	121	74	107.02	94.8925	25.1382
1	121	74	121.036	74.2432	0.245923
1	121	74	120.739	74.3374	0.426383
1	121	74	120.885	74.2334	0.260111
1	121	74	121.36	74.0222	0.360345
1	121	74	121.09	74.1793	0.200765
1	121	74	120.873	74.0539	0.138213
1	121	74	121.033	74.3212	0.322854
1	121	74	121.101	74.1788	0.205321
1	121	74	121.284	74.435	0.519407
1	121	74	121.013	74.5206	0.520806
1	121	74	121.017	74.1835	0.184252
1	121	74	121.114	73.9259	0.136159
1	121	74	121.203	73.8797	0.23562
1	121	74	120.601	74.3398	0.524302
1	121	74	121.324	74.2944	0.437972
1	121	74	107.103	95.0309	25.2075
1	121	74	121.122	74.0844	0.148425
1	121	74	106.925	94.6757	25.0116
1	121	74	120.643	74.1469	0.386363
1	121	74	121.001	74.2587	0.258709
1	121	74	121.092	74.2587	0.274523
1	121	74	121.293	72.1538	1.86925
1	121	74	136.116	84.1841	18.2264
1	121	74	120.88	74.1871	0.222489
1	121	74	120.993	74.4547	0.454708
1	121	74	121.099	74.2332	0.253414
1	121	74	120.915	74.1922	0.210132
1	121	74	121.397	74.4042	0.566323
1	121	74	106.878	94.3269	24.7512
1	121	74	120.846	74.2241	0.271674
1	121	74	120.89	74.0549	0.122724
1	121	74	121.216	74.3066	0.374948
1	121	74	121.496	74.0316	0.497345
1	121	74	120.884	74.1247	0.170202
1	121	74	120.797	74.3841	0.434462
1	121	74	120.879	74.285	0.309726
1	121	74	120.99	74.5927	0.592742
1	121	74	120.668	74.1888	0.382265
1	121	74	121.251	74.4196	0.488837
1	121	74	121.342	74.0307	0.343178
1	121	74	121.053	74.3113	0.315716
1	121	74	120.792	74.1782	0.273765
1	121	74	120.765	74.0697	0.245299
1	121	74	121.184	74.3611	0.405368
1	121	74	120.774	74.3336	0.403103
1	121	74	121.376	74.3027	0.482447
1	121	74	121.869	74.6814	1.10424
1	121	74	121.022	74.2658	0.266676
1	121	74	120.811	74.4776	0.51361
1	121	74	120.97	74.0323	0.0443561
1	121	74	120.899	74.2442	0.264162
1	121	74	120.982	74.5451	0.545384
1	121	74	107.41	94.6609	24.7299
1	121	74	120.973	74.541	0.541672
1	121	74	107.409	95.0997	25.0979
1	121	74	121.015	74.3551	0.35538
1	121	74	121.148	73.9769	0.149596
1	121	74	121.052	73.8852	0.125852
1	121	74	120.771	73.9722	0.231097
1	121	74	136.166	84.3342	18.3525
1	121	74	121.125	74.1259	0.177357
1	121	74	120.971	73.8928	0.111216
1	121	74	120.959	74.2721	0.27522
1	121	74	119.88	73.9363	1.12137
1	121	74	120.853	74.4759	0.498004
1	121	74	106.962	94.402	24.7649
1	121	74	120.851	74.1094	0.184981
1	121	74	121.517	74.1896	0.550787
1	121	74	121.054	74.4822	0.485299
1	121	74	121.065	73.9369	0.0908701
1	121	74	121.134	73.9577	0.14071
1	121	74	120.966	74.4685	0.469764
1	121	74	121.029	74.1677	0.170104
1	121	74	121.269	73.9408	0.275262
1	121	74	121.166	74.3166	0.35729
1	121	74	121.104	73.8688	0.16762
1	121	74	120.951	74.0311	0.0583951
1	121	74	120.798	74.4239	0.469431
1	121	74	120.986	73.9268	0.0745121
1	121	74	120.911	74.5256	0.533152
1	121	74	121.056	74.0216	0.0599978
1	121	74	120.698	74.1662	0.345133
1	121	74	120.892	74.3271	0.344571
1	121	74	120.155	73.9397	0.847613
1	121	74	120.735	74.039	0.267574
1	121	74	121.249	74.1735	0.303545
1	121	74	121.334	73.9459	0.338041
1	121	74	121.206	74.078	0.21987
1	121	74	120.874	74.0462	0.134157
1	121	74	120.897	73.8345	0.194944
1	121	74	120.978	73.9228	0.0802822
1	121	74	121.048	74.0693	0.0844675
1	121	74	120.988	74.1622	0.162588
1	121	74	120.919	74.4531	0.460255
1	121	74	120.898	74.4973	0.50764
1	121	74	104.119	88.6474	22.35
1	121	74	121.291	74.1088	0.310374
1	121	74	136.384	84.1745	18.4438
1	121	74	121.105	74.361	0.375942
1	121	74	120.914	74.274	0.287129
1	121	74	121.204	74.4813	0.522939
1	121	74	121.386	74.3387	0.513616
1	121	74	106.993	94.9643	25.2132
1	121	74	120.96	74.4181	0.41997
1	121	74	121.152	74.0122	0.152458
1	121	74	107.465	94.6608	24.6998
1	121	74	121.153	74.107	0.186903
1	121	74	121.27	74.2697	0.381668
1	121	74	121.023	74.4288	0.429397
1	121	74	120.925	74.3861	0.393414
1	121	74	121.364	74.2203	0.425198
1	121	74	99.4849	80.2311	22.3992
1	121	74	120.987	74.2232	0.22351
1	121	74	120.969	74.2346	0.236655
1	121	74	121.063	74.4093	0.414197
1	121	74	121.379	75.9292	1.96619
1	121	74	121.14	74.6697	0.684218
1	121	74	121.302	74.5377	0.616537
1	121	74	121.428	74.2202	0.481201
1	121	74	121.087	74.3144	0.326217
1	121	74	121.075	74.1983	0.212131
1	121	74	121.028	73.8097	0.192348
1	121	74	121.064	74.1581	0.170615
1	121	74	135.976	84.0186	18.0184
1	121	74	121.055	74.49	0.493118
1	121	74	121.147	73.9156	0.169443
1	121	74	121.121	73.8348	0.204651
1	121	74	121.016	74.3089	0.309316
1	121	74	121.051	74.1941	0.200652
1	121	74	121.32	74.3165	0.449845
1	121	74	120.394	74.2253	0.646921
1	121	74	121.151	74.2175	0.264997
1	121	74	121.149	74.1394	0.204311
1	121	74	121.15	74.4238	0.449364
1	121	74	121.416	74.0124	0.416314
1	121	74	120.958	73.8216	0.183203
1	121	74	120.812	74.2162	0.286762
1	121	74	103.012	87.1337	22.2721
1	121	74	120.718	74.1667	0.32776
1	121	74	118.767	73.0524	2.42613
1	121	74	120.781	73.9999	0.219356
1	121	74	121.238	74.3965	0.462635
1	121	74	121.558	74.1943	0.590386
1	121	74	121.149	74.1108	0.185797
1	121	74	120.676	74.2237	0.394085
1	121	74	120.789	74.3235	0.386339
1	121	74	120.821	74.2917	0.342446
1	121	74	121.949	74.3913	1.02689
1	121	74	121.307	74.1329	0.334802
1	121	74	121.34	74.123	0.361242
1	121	74	121.389	74.0582	0.393485
1	121	74	120.783	74.2444	0.326705
1	121	74	120.735	74.1995	0.332023
1	121	74	120.879	74.5031	0.517509
1	121	74	121.21	74.1926	0.285208
1	121	74	121.242	74.1704	0.295786
1	121	74	120.904	73.9656	0.102021
1	121	74	121.008	74.2804	0.28056
1	121	74	121.207	74.2543	0.327842
1	121	74	120.989	74.0843	0.0850127
1	121	74	120.79	73.8873	0.238533
1	121	74	121.082	74.443	0.450572
1	121	74	121.136	74.4486	0.468789
1	121	74	121.3	74.1767	0.348211
1	121	74	120.739	74.431	0.503652
1	121	74	121.017	73.8895	0.111858
1	121	74	99.2443	80.338	22.6601
1	121	74	121.098	74.6593	0.666458
1	121	74	120.822	74.4824	0.514307
1	121	74	120.941	74.4024	0.406703
1	121	74	121.34	74.3234	0.468943
1	121	74	121.05	74.1755	0.182563
1	121	74	120.992	74.2309	0.23103
1	121	74	120.965	74.4457	0.44701
1	121	74	121.039	74.3606	0.362704
1	121	74	102.285	85.7959	22.1225
1	121	74	121.238	74.3524	0.425291
1	121	74	120.779	73.935	0.230626
1	121	74	121.216	74.4802	0.526476
1	121	74	99.1948	80.4216	22.7311
1	121	74	121.351	72.0823	1.94953
1	121	74	121.228	74.2018	0.304342
1	121	74	121.179	74.1799	0.253996
1	121	74	121.192	74.0798	0.207868
1	121	74	121.195	74.4089	0.453168
1	121	74	120.962	74.2404	0.243384
1	121	74	121.295	73.973	0.296396
1	121	74	121.244	74.5136	0.568703
1	121	74	120.046	73.6771	1.00737
1	121	74	121.014	74.1442	0.144878
1	121	74	120.729	74.4303	0.508673
1	121	74	120.907	73.8425	0.182772
1	121	74	120.936	74.4444	0.448976
1	121	74	120.616	74.1905	0.428617
1	121	74	107.469	65.2422	16.1179
1	121	74	135.655	84.2602	17.8894
1	121	74	121.053	74.0581	0.0786762
1	121	74	136.128	84.2348	18.2653
1	121	74	121.285	74.3693	0.466436
1	121	74	120.976	74.0343	0.0419562
1	121	74	121.279	73.998	0.279493
1	121	74	120.99	74.2148	0.215062
1	121	74	120.875	74.3404	0.362779
1	121	74	107.288	94.7751	24.8925
1	121	74	121.03	74.6371	0.63786
1	121	74	121.145	74.3198	0.351019
1	121	74	136.117	84.2756	18.2787
1	121	74	121.902	74.2939	0.949116
1	121	74	120.838	74.2092	0.26454
1	121	74	121.055	73.9545	0.0712973
1	121	74	121.135	74.5396	0.556263
1	121	74	120.814	74.0265	0.187441
1	121	74	121.092	74.1234	0.153636
1	121	74	120.923	74.1871	0.20222
1	121	74	121.238	74.3318	0.408352
1	121	74	113.342	89.0945	16.9259
1	121	74	120.772	74.1266	0.261165
1	121	74	121.128	74.1201	0.175828
1	121	74	121.238	74.0016	0.237558
1	121	74	121.667	74.3551	0.755961
1	121	74	121.148	74.303	0.337264
1	121	74	121.098	74.259	0.27679
1	121	74	120.774	74.3142	0.387257
1	121	74	121.076	74.5278	0.533317
1	121	74	120.75	74.472	0.534326
1	121	74	121.103	74.0032	0.102567
1	121	74	121.122	74.6704	0.681455
1	121	74	120.796	74.2949	0.358732
1	121	74	136.611	84.2482	18.6742
1	121	74	120.974	74.2502	0.25154
1	121	74	120.691	74.1992	0.367398
1	121	74	121.281	74.322	0.427464
1	121	74	121.034	74.4538	0.455059
1	121	74	120.89	74.3568	0.373373
1	121	74	104.23	88.9579	22.4716
1	121	74	121.342	74.086	0.35304
1	121	74	120.739	74.2018	0.329951
1	121	74	120.875	74.2979	0.323049
1	121	74	120.536	74.3447	0.578146
1	121	74	121.256	74.0125	0.256368
1	121	74	121.138	74.1643	0.214397
1	121	74	121.072	73.8606	0.156742
1	121	74	121.166	74.251	0.300873
1	121	74	120.794	74.2121	0.295768
1	121	74	121.035	74.2605	0.262869
1	121	74	120.935	74.1909	0.201675
1	121	74	136.27	84.1732	18.3488
1	121	74	120.821	73.9234	0.19437
1	121	74	121.074	74.6903	0.694275
1	121	74	121.111	74.109	0.155783
1	121	74	121.045	73.8092	0.196034
1	121	74	120.766	73.9635	0.23652
1	121	74	121.351	74.1722	0.390818
1	121	74	136.283	84.2794	18.4187
1	121	74	120.885	74.1657	0.201441
1	121	74	121.171	74.4329	0.465618
1	121	74	121.168	74.3338	0.373802
1	121	74	120.841	74.2364	0.28487
1	121	74	121.451	74.264	0.522586
1	121	74	121.251	73.9217	0.262476
1	121	74	135.635	84.1256	17.7965
1	121	74	121.434	74.3187	0.538426
1	121	74	120.96	74.294	0.296766
1	121	74	121.692	74.409	0.803891
1	121	74	120.845	73.8582	0.209777
1	121	74	120.867	73.9705	0.13663
1	121	74	121.421	72.1553	1.89216
1	121	74	120.941	74.3208	0.326094
1	121	74	121.423	74.3233	0.532284
1	121	74	120.976	74.3846	0.385368
1	121	74	120.747	74.1001	0.271741
1	121	74	121.056	74.2714	0.277073
1	121	74	121.148	74.4887	0.510691
1	121	74	121.057	74.1858	0.194373
1	121	74	120.91	73.9424	0.10662
1	121	74	120.948	74.1863	0.193476
1	121	74	121.109	73.8038	0.224551
1	121	74	120.932	74.2515	0.260509
1	121	74	107.433	94.8532	24.8782
1	121	74	120.67	74.271	0.427216
1	121	74	121.13	74.2817	0.310347
1	121	74	121.475	74.2545	0.538531
1	121	74	120.911	74.053	0.103615
1	121	74	121.257	74.3643	0.446053
1	121	74	121.013	74.4966	0.496768
1	121	74	121.305	74.4311	0.527915
1	121	74	121.24	74.025	0.240969
1	121	74	121.128	74.0427	0.135368
1	121	74	120.882	74.4605	0.475255
1	121	74	121.052	74.0412	0.0666884
1	121	74	121.161	74.3498	0.385225
1	121	74	102.234	85.8696	22.2051
1	121	74	120.958	74.2526	0.256157
1	121	74	121.502	74.0775	0.507663
1	121	74	121.077	74.2303	0.24273
1	121	74	121.362	74.3283	0.488647
1	121	74	104.435	89.2464	22.5131
1	121	74	120.51	73.9731	0.490335
1	121	74	105.354	91.8312	23.7225
1	121	74	121.04	74.0191	0.0444702
1	121	74	121.063	74.0885	0.108723
1	121	74	121.184	74.0015	0.183639
1	121	74	106.83	94.9191	25.2664
1	121	74	120.885	74.5718	0.58329
1	121	74	121.055	74.1607	0.169907
1	121	74	121.149	74.4394	0.464051
1	121	74	120.92	73.9552	0.0913195
1	121	74	121.465	74.0367	0.466707
1	121	74	120.912	74.3023	0.314769
1	121	74	120.452	74.1679	0.573156
1	121	74	121.191	74.4338	0.473853
1	121	74	120.939	73.8983	0.118492
1	121	74	120.815	74.2826	0.337998
1	121	74	121.155	74.1391	0.208129
1	121	74	107.477	95.0705	25.0366
1	121	74	120.723	74.3598	0.454156
1	121	74	120.818	74.3639	0.406976
1	121	74	121.088	74.2633	0.277557
1	121	74	120.887	74.4545	0.468348
1	121	74	136.005	84.6081	18.3764
1	121	74	120.54	74.2712	0.533688
1	121	74	121.25	74.321	0.406806
1	121	74	120.866	74.4835	0.501696
1	121	74	121.456	74.1067	0.468368
1	121	74	121.421	74.2295	0.479413
1	121	74	121.146	73.8682	0.196643
1	121	74	120.947	74.0539	0.0755819
1	121	74	120.92	73.9276	0.107663
1	121	74	120.995	74.3281	0.328136
1	121	74	121.093	74.3611	0.372942
1	121	74	121.13	74.4828	0.500131
1	121	74	120.928	74.1424	0.159602
1	121	74	121.088	73.8767	0.151716
1	121	74	122.203	74.5861	1.33828
1	121	74	121.295	74.2252	0.371151
1	121	74	121.11	74.0218	0.112274
1	121	74	121.135	74.1083	0.173444
1	121	74	120.587	74.3379	0.533328
1	121	74	120.86	73.9208	0.160749
1	121	74	121.186	74.2902	0.344728
1	121	74	121.122	74.1539	0.196431
1	121	74	120.729	73.9461	0.276675
1	121	74	121.007	74.2555	0.255606
1	121	74	121.846	74.2908	0.895057
1	121	74	122.402	74.5871	1.52013
1	121	74	121.024	73.8158	0.185681
1	121	74	121.092	73.7554	0.26126
1	121	74	121.293	74.3694	0.471349
1	121	74	121.356	74.3234	0.480643
1	121	74	99.305	80.2539	22.5784
1	121	74	120.835	74.1343	0.21272
1	121	74	121.028	74.3036	0.304859
1	121	74	121.4	74.381	0.552717
1	121	74	121.226	74.2809	0.360543
1	121	74	120.853	74.1799	0.232254
1	121	74	121.131	74.3564	0.379745
1	121	74	107.244	94.5977	24.7688
1	121	74	121.388	74.1551	0.418014
1	121	74	120.807	74.409	0.452082
1	121	74	120.87	74.4455	0.463962
1	121	74	120.895	74.3909	0.404767
1	121	74	120.901	74.3719	0.384788
1	121	74	121.144	74.1039	0.177746
1	121	74	120.941	73.8321	0.177807
1	121	74	120.949	74.0953	0.107913
1	121	74	120.903	74.0354	0.103003
1	121	74	103.925	88.8438	22.6252
1	121	74	121.125	74.3568	0.37808
1	121	74	120.916	73.9009	0.130041
1	121	74	121.193	74.117	0.225937
1	121	74	121.443	74.1925	0.482821
1	121	74	107.521	94.882	24.8546
1	121	74	120.726	74.0696	0.28308
1	121	74	99.2403	80.2204	22.6313
1	121	74	120.838	74.1136	0.197652
1	121	74	121.312	73.9555	0.314827
1	121	74	121.872	74.3027	0.923397
1	121	74	121.202	74.1623	0.259484
1	121	74	121.035	74.1585	0.162362
1	121	74	121.179	74.0369	0.182878
1	121	74	120.733	73.9843	0.266966
1	121	74	120.872	74.2905	0.317491
1	121	74	121.225	74.1517	0.271389
1	121	74	121.426	76.2347	2.27486
1	121	74	121.143	74.6967	0.711139
1	121	74	121.104	74.4789	0.490154
1	121	74	121.098	74.118	0.153366
1	121	74	120.971	74.1616	0.164217
1	121	74	121.323	72.5261	1.50885
1	121	74	121.196	74.1783	0.264618
1	121	74	120.779	74.0591	0.228327
1	121	74	121.174	74.4706	0.501938
1	121	74	121.388	74.1743	0.42531
1	121	74	121.328	74.3206	0.458326
1	121	74	120.904	73.6634	0.349924
1	121	74	121.22	74.0992	0.241283
1	121	74	120.979	74.0143	0.0252672
1	121	74	121.275	74.0328	0.277065
1	121	74	121.956	74.4218	1.04485
1	121	74	99.3246	80.1996	22.5446
1	121	74	120.876	74.2721	0.298889
1	121	74	120.987	74.2668	0.26707
1	121	74	73.2316	88.0665	49.7964
1	121	74	121.054	73.8021	0.205112
1	121	74	121.213	73.9638	0.216357
1	121	74	120.947	73.824	0.183858
1	121	74	121.223	74.213	0.308544
1	121	74	107.178	94.8022	24.9754
1	121	74	120.946	74.1258	0.136983
1	121	74	121.645	72.3411	1.77984
1	121	74	120.957	74.0541	0.0693505
1	121	74	121.141	74.0945	0.169974
1	121	74	121.241	74.4713	0.529544
1	121	74	121.122	74.1698	0.209169
1	121	74	120.912	74.2558	0.27037
1	121	74	121.405	74.0974	0.416901
1	121	74	121.122	74.2739	0.299837
1	121	74	121.335	74.0999	0.349792
1	121	74	121.155	74.3459	0.379193
1	121	74	121.028	74.6373	0.637944
1	121	74	121.503	74.0377	0.504395
1	121	74	120.74	74.2055	0.331302
1	121	74	121.382	74.1429	0.408304
1	121	74	121.073	74.4257	0.431808
1	121	74	121.013	74.2321	0.232447
1	121	74	135.996	84.0721	18.0648
1	121	74	121.177	74.3295	0.37391
1	121	74	121.078	74.2666	0.277705
1	121	74	121.39	74.1614	0.421854
1	121	74	121.359	74.1276	0.381228
1	121	74	121.259	74.1747	0.312645
1	121	74	121.136	74.0404	0.142288
1	121	74	136.156	84.2345	18.2881
1	121	74	120.778	74.3402	0.406149
1	121	74	121.14	74.0527	0.149695
1	121	74	121.022	74.3587	0.359394
1	121	74	121.208	74.4554	0.500737
1	121	74	121.042	74.3481	0.350696
1	121	74	121.004	74.2044	0.204405
1	121	74	120.982	74.3846	0.385013
1	121	74	121.091	74.3189	0.331654
1	121	74	136.196	84.3588	18.3911
1	121	74	99.5133	80.3944	22.418
1	121	74	121.124	74.1375	0.185036
1	121	74	105.166	91.7507	23.7864
1	121	74	121.04	74.6323	0.633569
1	121	74	104.124	89.1904	22.7055
1	121	74	121.017	73.9852	0.0222499
1	121	74	120.784	74.4199	0.472354
1	121	74	121.054	74.5788	0.581246
1	121	74	120.94	73.9121	0.106428
1	121	74	121.089	73.8456	0.17848
1	121	74	121.121	74.1434	0.187865
1	121	74	135.446	84.2305	17.702
1	121	74	120.704	74.3244	0.439108
1	121	74	120.802	74.2326	0.30525
1	121	74	120.808	74.0484	0.197927
1	121	74	121.297	74.2108	0.36414
1	121	74	120.762	74.1729	0.294008
1	121	74	136.143	84.072	18.1867
1	121	74	121.188	73.9063	0.210087
1	121	74	121.32	72.2679	1.76145
1	121	74	121.038	72.1803	1.82011
1	121	74	121.089	73.9905	0.089217
1	121	74	104.399	89.1493	22.4743
1	121	74	120.745	74.2936	0.388559
1	121	74	121.034	74.2763	0.278484
1	121	74	121.014	73.8525	0.148141
1	121	74	121.295	74.3273	0.440399
1	121	74	119.696	73.5243	1.38797
1	121	74	121.166	74.2139	0.270565
1	121	74	103.94	89.1655	22.8265
1	121	74	121.365	73.9459	0.369259
1	121	74	121.074	74.2637	0.27377
1	121	74	121.434	74.243	0.497717
1	121	74	120.868	74.1651	0.211447
1	121	74	121.276	74.3001	0.407524
1	121	74	120.948	74.2599	0.265001
1	121	74	120.409	74.1745	0.616645
1	121	74	121.254	74.023	0.255163
1	121	74	121.194	74.2363	0.305581
1	121	74	120.834	73.9377	0.177631
1	121	74	120.995	74.0022	0.00568405
1	121	74	120.87	74.2297	0.263749
1	121	74	121.38	73.9324	0.386438
1	121	74	120.604	74.2782	0.483941
1	121	74	121.135	74.3944	0.416822
1	121	74	121.102	74.2656	0.284595
1	121	74	121.019	74.2338	0.234584
1	121	74	121.982	74.3815	1.05383
1	121	74	121.089	74.1998	0.218931
1	121	74	120.622	74.402	0.551532
1	121	74	107.313	95.0172	25.0807
1	121	74	121.161	74.0909	0.185278
1	121	74	107.119	94.3533	24.6362
1	121	74	120.751	74.1993	0.318826
1	121	74	120.977	74.0881	0.090942
1	121	74	120.916	74.3274	0.337908
1	121	74	107.109	95.2275	25.3686
1	121	74	121.047	74.0296	0.0555756
1	121	74	121.413	74.2854	0.502287
1	121	74	135.328	84.0833	17.5202
1	121	74	107.248	94.5443	24.7222
1	121	74	120.868	74.5243	0.540573
1	121	74	121.328	74.3823	0.503788
1	121	74	121.228	74.3032	0.379178
1	121	74	120.815	74.1105	0.215103
1	121	74	121.256	74.2025	0.326487
1	121	74	121.197	74.2778	0.340352
1	121	74	121.226	74.3104	0.384132
1	121	74	120.961	73.745	0.257897
1	121	74	120.941	74.1292	0.142095
1	121	74	120.768	73.9848	0.23234
1	121	74	120.912	74.2239	0.240428
1	121	74	100.618	82.2174	21.976
1	121	74	120.759	74.1368	0.277318
1	121	74	120.692	74.2451	0.393714
1	121	74	121.207	74.1266	0.242337
1	121	74	121.299	74.0918	0.312875
1	121	74	99.2735	80.0987	22.5662
1	121	74	121.489	74.0687	0.49337
1	121	74	120.863	74.2734	0.305949
1	121	74	120.76	74.4086	0.474143
1	121	74	121.364	74.2536	0.443824
1	121	74	120.83	74.0463	0.176131
1	121	74	121.036	74.0206	0.0418816
1	121	74	120.789	74.1164	0.241221
1	121	74	120.988	74.671	0.671093
1	121	74	120.826	74.4246	0.458868
1	121	74	121.176	74.1103	0.207809
1	121	74	120.869	74.4558	0.474209
1	121	74	120.653	74.1262	0.369379
1	121	74	121.204	74.0031	0.203815
1	121	74	120.888	74.4658	0.479072
1	121	74	121.001	74.6182	0.61823
1	121	74	121.331	73.9962	0.330625
1	121	74	121.445	74.3185	0.546822
1	121	74	120.75	74.4451	0.510528
1	121	74	120.993	74.4592	0.459276
1	121	74	120.985	74.0393	0.0421483
1	121	74	120.912	73.7901	0.227604
1	121	74	121.156	74.0684	0.1701
1	121	74	121.304	74.0235	0.305234
1	121	74	120.963	73.7178	0.284666
1	121	74	121.238	73.8999	0.25864
1	121	74	104.395	89.3594	22.6194
1	121	74	121.52	74.3949	0.653082
1	121	74	121.093	74.3723	0.383597
1	121	74	120.976	74.1145	0.116896
1	121	74	120.925	74.5126	0.517997
1	121	74	103.93	88.8444	22.622
1	121	74	120.035	74.0015	0.965074
1	121	74	120.696	74.0733	0.312752
1	121	74	120.952	74.0123	0.0499487
1	121	74	121.129	74.3748	0.396424
1	121	74	120.856	74.4554	0.477464
1	121	74	121.229	74.5802	0.623949
1	121	74	120.985	74.6613	0.661491
1	121	74	121.005	74.4379	0.437931
1	121	74	119.787	73.578	1.28462
1	121	74	121.377	74.2235	0.437937
1	121	74	121.124	74.2882	0.313933
1	121	74	121.053	74.3423	0.346417
1	121	74	120.936	74.033	0.0723735
1	121	74	99.5299	80.291	22.3728
1	121	74	120.916	74.2624	0.275423
1	121	74	121.287	73.92	0.298208
1	121	74	120.91	74.0463	0.100859
1	121	74	107.235	94.9849	25.0965
1	121	74	120.989	74.2861	0.286267
1	121	74	121.268	74.2987	0.401368
1	121	74	120.76	74.1581	0.287559
1	121	74	107.272	94.731	24.8641
1	121	74	120.834	74.2317	0.284804
1	121	74	120.764	74.0817	0.250083
1	121	74	121.251	74.4162	0.486124
1	121	74	121.229	73.9652	0.231296
1	121	74	121.367	74.4196	0.557801
1	121	74	121.144	74.5631	0.581178
1	121	74	121.393	74.0141	0.393271
1	121	74	120.996	74.1568	0.156844
1	121	74	121.017	73.9957	0.0173018
1	121	74	121.128	74.2068	0.243409
1	121	74	120.917	73.9289	0.109351
1	121	74	121.088	74.1196	0.148301
1	121	74	121.022	74.1359	0.137611
1	121	74	136.106	84.2544	18.2577
1	121	74	121.251	74.3405	0.423224
1	121	74	120.893	74.3492	0.365116
1	121	74	106.876	94.5988	24.9762
1	121	74	121.312	74.0701	0.319475
1	121	74	120.88	73.9025	0.154614
1	121	74	121.09	73.985	0.0907966
1	121	74	121.356	74.2262	0.422174
1	121	74	120.828	74.1565	0.232705
1	121	74	121.177	74.0034	0.177103
1	121	74	121.062	74.34	0.345654
1	121	74	121.276	74.0194	0.277012
1	121	74	121.219	74.2247	0.313922
1	121	74	121.184	74.1437	0.233878
1	121	74	104.706	90.6296	23.2819
1	121	74	103.82	88.9287	22.7602
1	121	74	107.238	94.5387	24.7229
1	121	74	121.154	74.4585	0.483644
1	121	74	107.204	94.8128	24.9702
1	121	74	120.948	73.7731	0.232844
1	121	74	120.91	73.7753	0.241889
1	121	74	120.775	74.3117	0.384468
1	121	74	121.129	74.459	0.476716
1	121	74	121.044	74.1791	0.184411
1	121	74	107.278	95.077	25.1501
1	121	74	120.811	74.4641	0.500892
1	121	74	120.706	74.2366	0.377691
1	121	74	121.213	74.2422	0.322266
1	121	74	120.883	74.0689	0.135918
1	121	74	120.737	74.2827	0.386144
1	121	74	120.96	74.3322	0.334617
1	121	74	121.383	74.0785	0.390478
1	121	74	121.084	74.1753	0.19456
1	121	74	120.848	74.3756	0.4051
1	121	74	121.033	74.1784	0.181518
1	121	74	121.003	74.3156	0.315658
1	121	74	121.484	74.1921	0.520315
1	121	74	120.786	74.0299	0.216222
1	121	74	120.996	73.9899	0.0107629
1	121	74	118.443	78.7689	5.41119
1	121	74	121.276	72.1059	1.91411
1	121	74	107.034	94.2643	24.6109
1	121	74	107.141	94.791	24.9866
1	121	74	121.203	74.4224	0.468707
1	121	74	99.396	80.0877	22.4453
1	121	74	120.98	73.822	0.179125
1	121	74	120.513	74.3107	0.578092
1	121	74	121.221	74.0921	0.239771
1	121	74	120.95	73.7259	0.278581
1	121	74	121.442	73.9956	0.441671
1	121	74	121.445	74.0662	0.450085
1	121	74	121.309	74.3334	0.454844
1	121	74	105.574	91.6049	23.4072
1	121	74	120.835	73.8408	0.229052
1	121	74	121.401	74.0936	0.411401
1	121	74	120.941	74.6025	0.605401
1	121	74	120.909	74.5219	0.529804
1	121	74	121.011	74.075	0.075824
1	121	74	121.064	73.7659	0.24278
1	121	74	121.138	74.4969	0.51556
1	121	74	120.936	74.1687	0.180528
1	121	74	136.591	84.4193	18.7523
1	121	74	121.177	74.5903	0.616139
1	121	74	121.113	73.7631	0.262664
1	121	74	121.213	74.3418	0.402702
1	121	74	120.892	74.5287	0.539607
1	121	74	120.983	74.3582	0.358564
1	121	74	102.774	86.4889	22.0942
1	121	74	120.864	74.3423	0.368299
1	121	74	121.066	74.4827	0.48715
1	121	74	104.191	89.267	22.707
1	121	74	136.039	84.1943	18.1682
1	121	74	121.042	73.9878	0.0437926
1	121	74	120.803	74.2295	0.302758
1	121	74	121.055	74.3283	0.332811
1	121	74	120.888	74.3205	0.339519
1	121	74	120.883	74.4142	0.430341
1	121	74	121.07	74.6543	0.658027
1	121	74	121.059	74.1706	0.180605
1	121	74	121.184	74.6446	0.670207
1	121	74	120.848	74.1343	0.202608
1	121	74	72.7813	88.0415	50.2216
1	121	74	120.953	73.8892	0.120414
1	121	74	120.9	74.1666	0.194444
1	121	74	121.414	74.1048	0.427229
1	121	74	120.966	73.8055	0.197457
1	121	74	121.063	74.1164	0.132236
1	121	74	121.159	74.1811	0.24068
1	121	74	121.257	74.198	0.324745
1	121	74	121.008	74.5418	0.541868
1	121	74	121.426	74.0179	0.426177
1	121	74	121.151	74.3258	0.358868
1	121	74	101.022	83.5249	22.1323
1	121	74	120.806	73.7338	0.329321
1	121	74	121.03	74.4519	0.452966
1	121	74	121.22	73.9283	0.23134
1	121	74	104.965	90.381	22.923
1	121	74	121.121	74.0276	0.124328
1	121	74	121.113	73.9117	0.143695
1	121	74	121.001	74.1798	0.179848
1	121	74	121.331	74.2422	0.410383
1	121	74	121.018	73.8378	0.163142
1	121	74	121.059	74.2055	0.213884
1	121	74	120.777	74.0042	0.222862
1	121	74	118.638	72.41	2.84702
1	121	74	120.767	74.2698	0.356578
1	121	74	121.431	74.1791	0.466598
1	121	74	121.188	74.0657	0.199484
1	121	74	135.848	84.3315	18.089
1	121	74	72.6913	88.044	50.3087
1	121	74	120.667	74.3701	0.498019
1	121	74	121.07	74.3581	0.364954
1	121	74	122.981	74.4558	2.03262
1	121	74	121.336	74.0609	0.341335
1	121	74	121.262	73.983	0.262648
1	121	74	120.962	74.1246	0.130377
1	121	74	120.942	74.0645	0.0866133
1	121	74	120.91	73.917	0.122163
1	121	74	120.775	74.1206	0.254867
1	121	74	103.878	88.7333	22.5881
1	121	74	121.216	74.1263	0.250318
1	121	74	121.015	74.2219	0.222405
1	121	74	121.122	74.481	0.496199
1	121	74	120.779	74.1157	0.249684
1	121	74	121.014	74.2623	0.262705
1	121	74	120.959	74.407	0.409122
1	121	74	121.149	74.3027	0.337327
1	121	74	121.213	73.9979	0.212835
1	121	74	120.939	73.785	0.223417
1	121	74	120.82	74.2956	0.346128
1	121	74	120.903	74.229	0.24856
1	121	74	121.46	74.132	0.478794
1	121	74	121.107	74.1359	0.173044
1	121	74	120.883	74.1347	0.178298
1	121	74	103.881	88.7416	22.5916
1	121	74	104.706	90.8417	23.4338
1	121	74	121.131	74.3434	0.3677
1	121	74	120.833	74.0307	0.169529
1	121	74	120.859	74.2796	0.313171
1	121	74	121	74.3756	0.375554
1	121	74	121.14	74.5892	0.605744
1	121	74	121.131	74.4383	0.457514
1	121	74	121.263	73.8795	0.289557
1	121	74	121.058	74.2946	0.300347
1	121	74	121.072	74.083	0.109887
1	121	74	121.164	74.1908	0.251844
1	121	74	120.852	74.1364	0.201645
1	121	74	120.933	74.5172	0.521522
1	121	74	120.758	74.0977	0.261399
1	121	74	121.103	73.9751	0.105523
1	121	74	121.02	74.551	0.551307
1	121	74	121.156	74.065	0.169291
1	121	74	120.956	74.1995	0.204349
1	121	74	120.621	74.1573	0.410206
1	121	74	120.758	74.1336	0.276185
1	121	74	121.248	73.9581	0.251784
1	121	74	120.97	73.9074	0.0972225
1	121	74	121.234	74.3665	0.43508
1	121	74	120.887	74.4243	0.439154
1	121	74	102.989	86.8397	22.1192
1	121	74	120.767	74.2384	0.333666
1	121	74	120.923	73.8156	0.199842
