1	121	74	120.381	77.1072	3.16816
1	121	74	125.83	75.6573	5.10667
1	121	74	125.546	74.7771	4.61215
1	121	74	130.74	70.0595	10.5072
1	121	74	126.117	73.5909	5.13353
1	121	74	121.396	84.1304	10.1381
1	121	74	120.251	72.7195	1.48347
1	121	74	124.367	76.8397	4.40448
1	121	74	127.04	73.1696	6.0967
1	121	74	107.09	63.4423	17.4626
1	121	74	122.539	85.5018	11.6043
1	121	74	112.726	65.8371	11.6226
1	121	74	94.4448	96.8967	35.0634
1	121	74	122.574	83.5988	9.72705
1	121	74	121.582	77.6027	3.64936
1	121	74	132.896	80.8155	13.7097
1	121	74	132.068	78.6613	12.0098
1	121	74	123.778	78.6599	5.4251
1	121	74	130.902	73.791	9.90445
1	121	74	126.367	76.1977	5.79994
1	121	74	122.64	77.2689	3.65737
1	121	74	138.066	72.5733	17.1251
1	121	74	42.1292	22.2049	94.3575
1	121	74	112.484	90.3479	18.4332
1	121	74	128.012	81.1889	10.0421
1	121	74	115.223	80.4443	8.65447
1	121	74	22.7196	35.0873	105.703
1	121	74	127.368	68.9371	8.13533
1	121	74	123.54	86.6991	12.9506
1	121	74	108.06	90.3067	20.8168
1	121	74	139.905	79.5177	19.6935
1	121	74	127.707	73.2508	6.74842
1	121	74	118.627	75.1512	2.63709
1	121	74	120.783	75.7407	1.75419
1	121	74	134.096	43.1508	33.5137
1	121	74	104.884	92.4871	24.5257
1	121	74	118.718	74.7212	2.39282
1	121	74	137.165	53.1619	26.373
1	121	74	114.618	90.5377	17.7263
1	121	74	141.127	85.6826	23.2715
1	121	74	135.43	75.5922	14.518
1	121	74	123.249	86.8017	12.9978
1	121	74	112.405	86.3096	15.0131
1	121	74	112.679	73.0019	8.38106
1	121	74	99.3226	97.438	31.9257
1	121	74	119.033	77.0475	3.62689
1	121	74	138.09	77.6365	17.4722
1	121	74	126.376	71.1673	6.07701
1	121	74	122.872	78.5825	4.9503
1	121	74	120.042	45.6789	28.3373
1	121	74	141.243	85.4985	23.2806
1	121	74	86.9952	66.1542	34.8981
1	121	74	134.27	77.3887	13.6955
1	121	74	118.931	75.768	2.7213
1	121	74	142.181	78.0966	21.5732
1	121	74	113.877	85.6543	13.6586
1	121	74	122.957	76.8199	3.43262
1	121	74	108.788	78.7828	13.1155
1	121	74	101.259	97.4757	30.6727
1	121	74	129.665	72.1571	8.85862
1	121	74	94.3381	97.437	35.4985
1	121	74	108.431	65.7198	15.0514
1	121	74	122.877	73.8096	1.88668
1	121	74	116.706	45.1744	29.1437
1	121	74	123.346	77.139	3.91871
1	121	74	135.253	51.7934	26.3871
1	121	74	125.081	75.096	4.22565
1	121	74	92.615	94.236	34.8598
1	121	74	135.248	77.3822	14.6435
1	121	74	129.346	71.7205	8.65134
1	121	74	103.491	97.4389	29.2566
1	121	74	119.999	76.8763	3.04565
1	121	74	121.154	59.231	14.7698
1	121	74	129.329	74.8514	8.37253
1	121	74	116.491	76.6014	5.20591
1	121	74	95.8697	97.4373	34.3633
1	121	74	124.794	76.9599	4.81216
1	121	74	124.251	84.1133	10.6231
1	121	74	114.601	76.2486	6.7823
1	121	74	118.106	60.8351	13.4792
1	121	74	119.254	45.9044	28.1498
1	121	74	127.154	81.1852	9.46013
1	121	74	128.178	79.9686	9.33564
1	121	74	138.744	48.3248	31.2101
1	121	74	122.324	77.4886	3.73154
1	121	74	94.7248	96.4082	34.5328
1	121	74	123.68	79.497	6.11536
1	121	74	103.073	88.2616	22.9079
1	121	74	121.646	74.7232	0.969419
1	121	74	141.298	54.3026	28.2845
1	121	74	119.932	76.7572	2.9569
1	121	74	115.864	83.6122	10.8983
1	121	74	130.617	67.5432	11.5832
1	121	74	142.149	80.4064	22.0977
1	121	74	118.487	73.7139	2.52925
1	121	74	118.219	76.7162	3.88709
1	121	74	91.899	94.7066	35.716
1	121	74	125.791	81.0807	8.54949
1	121	74	104.172	87.5876	21.6285
1	121	74	123.957	77.5486	4.61914
1	121	74	116.188	64.7683	10.4104
1	121	74	119.028	82.6914	8.91228
1	121	74	95.6966	97.4373	34.4901
1	121	74	142.122	82.4016	22.732
1	121	74	116.375	77.0278	5.52817
1	121	74	90.0091	56.726	35.4799
1	121	74	129.866	76.6184	9.24445
1	121	74	121.31	86.2665	12.2704
1	121	74	118.353	77.2459	4.18865
1	121	74	124.111	71.4286	4.0364
1	121	74	122.911	91.0336	17.1405
1	121	74	115.867	80.4857	8.27092
1	121	74	120.214	89.2836	15.3038
1	121	74	136.23	83.3516	17.872
1	121	74	132.788	74.459	11.7965
1	121	74	119.768	84.3051	10.3785
1	121	74	115.992	66.2171	9.25469
1	121	74	118.582	74.1175	2.42115
1	121	74	122.011	69.332	4.77615
1	121	74	104.401	64.3929	19.179
1	121	74	131.342	80.3144	12.1173
1	121	74	121.907	69.8535	4.24458
1	121	74	118.109	76.9278	4.11496
1	121	74	129.181	73.0558	8.235
1	121	74	140.176	77.5503	19.5015
1	121	74	124.547	76.2938	4.22426
1	121	74	88.1337	65.6039	33.9217
1	121	74	141.912	82.2856	22.4933
1	121	74	119.228	79.0654	5.36628
1	121	74	126.264	68.9708	7.28043
1	121	74	113.697	87.0334	14.9401
1	121	74	125.407	79.8767	7.34565
1	121	74	142.167	78.0656	21.5535
1	121	74	119.904	83.9839	10.0439
1	121	74	94.3387	97.437	35.4981
1	121	74	135.006	75.4796	14.0839
1	121	74	120.152	83.5541	9.59163
1	121	74	100.967	84.2624	22.5083
1	121	74	121.875	86.1454	12.1769
1	121	74	119.44	85.0828	11.1921
1	121	74	131.65	76.2478	10.8845
1	121	74	107.92	87.4879	18.7888
1	121	74	120.044	80.0779	6.15261
1	121	74	126.004	76.2665	5.49355
1	121	74	133.56	89.7077	20.1117
1	121	74	142.18	77.8286	21.5235
1	121	74	59.9844	97.4623	65.3711
1	121	74	138.929	74.4888	17.9356
1	121	74	121.547	84.4824	10.4966
1	121	74	112.088	63.6729	13.6411
1	121	74	117.263	78.4475	5.80922
1	121	74	130.632	76.1734	9.87417
1	121	74	113.92	76.1989	7.41359
1	121	74	126.427	78.3863	6.97819
1	121	74	117.417	45.2575	28.965
1	121	74	132.556	73.03	11.5968
1	121	74	127.603	75.015	6.68025
1	121	74	127.357	82.3255	10.4748
1	121	74	117.938	77.3555	4.54268
1	121	74	107.525	89.1912	20.3064
1	121	74	117.509	45.2991	28.9125
1	121	74	136.339	74.4847	15.3468
1	121	74	121.412	70.0365	3.9848
1	121	74	135.889	83.7277	17.7854
1	121	74	126.669	87.6392	14.7703
1	121	74	98.166	50.4941	32.7707
1	121	74	139.991	85.6155	22.2613
1	121	74	129.703	86.9745	15.6231
1	121	74	119.998	73.7769	1.02678
1	121	74	96.635	97.4375	33.8078
1	121	74	119.339	63.7483	10.3854
1	121	74	119.071	78.173	4.59739
1	121	74	117.334	75.9146	4.13586
1	121	74	125.318	75.6454	4.62102
1	121	74	132.74	65.9887	14.2131
1	121	74	121.046	45.8079	28.1921
1	121	74	100.975	96.5123	30.1295
1	121	74	141.952	80.8143	22.0327
1	121	74	125.968	76.0039	5.357
1	121	74	127.53	80.9993	9.57254
1	121	74	136.551	71.5225	15.7472
1	121	74	120.476	79.8248	5.84831
1	121	74	125.762	82.5062	9.74826
1	121	74	48.2792	19.7057	90.7534
1	121	74	125.699	79.3166	7.09545
1	121	74	129.206	78.7409	9.4767
1	121	74	120.168	70.8842	3.22497
1	121	74	120.043	72.9851	1.39497
1	121	74	135.388	77.763	14.8724
1	121	74	139.963	87.4074	23.224
1	121	74	109.926	92.9036	21.9082
1	121	74	120.555	77.0143	3.0469
1	121	74	125.678	80.3237	7.86596
1	121	74	127.987	73.7519	6.9915
1	121	74	105.632	67.6789	16.6175
1	121	74	125.924	84.5886	11.6774
1	121	74	129.755	74.1014	8.7553
1	121	74	110.304	81.3419	12.9734
1	121	74	97.6202	94.5589	31.1333
1	121	74	111.479	90.374	18.9408
1	121	74	121.869	88.1526	14.1792
1	121	74	118.922	86.8813	13.0479
1	121	74	122.689	69.9404	4.39682
1	121	74	103.96	89.6898	23.1631
1	121	74	118.934	82.4261	8.67571
1	121	74	98.0285	97.4377	32.818
1	121	74	125.929	77.7281	6.18012
1	121	74	118.872	87.4234	13.5911
1	121	74	123.521	74.0433	2.52144
1	121	74	109.855	84.963	15.6333
1	121	74	129.588	75.7206	8.75856
1	121	74	113.376	84.7274	13.1607
1	121	74	95.7867	97.4373	34.424
1	121	74	128.974	81.4098	10.885
1	121	74	126.865	71.1212	6.53371
1	121	74	126.421	76.4202	5.93713
1	121	74	68.9078	11.3755	81.4581
1	121	74	94.992	95.3824	33.6694
1	121	74	131.664	73.2481	10.6907
1	121	74	99.2035	97.0457	31.7205
1	121	74	89.8333	56.9746	35.5138
1	121	74	142.183	79.4276	21.8673
1	121	74	142.176	75.8677	21.2587
1	121	74	125.036	69.7232	5.8806
1	121	74	120.615	72.4906	1.55768
1	121	74	133.927	72.7036	12.9923
1	121	74	106.54	85.3262	18.3675
1	121	74	130.261	76.188	9.51636
1	121	74	108.402	95.0171	24.5038
1	121	74	123.88	72.8851	3.08816
1	121	74	141.009	85.7686	23.2137
1	121	74	98.097	91.1796	28.6301
1	121	74	129.8	70.8826	9.33613
1	121	74	115.635	76.3299	5.84931
1	121	74	119.343	73.4106	1.75851
1	121	74	119.343	75.9612	2.56773
1	121	74	128.867	82.8771	11.8611
1	121	74	125.315	82.9915	9.97351
1	121	74	97.0646	97.4375	33.4996
1	121	74	136.655	81.3696	17.3031
1	121	74	123.641	84.641	10.9639
1	121	74	118.071	76.8556	4.09081
1	121	74	122.418	73.8396	1.42741
1	121	74	118.338	74.9678	2.83266
1	121	74	91.4799	95.6687	36.6192
1	121	74	120.401	45.7218	28.2845
1	121	74	131.984	72.1883	11.1325
1	121	74	117.235	77.3996	5.07239
1	121	74	105.734	89.6515	21.864
1	121	74	103.887	88.699	22.5592
1	121	74	133.34	73.6628	12.3443
1	121	74	128.466	77.8581	8.4037
1	121	74	116.316	82.3189	9.54694
1	121	74	113.526	84.5864	12.9588
1	121	74	132.262	90.8259	20.2468
1	121	74	122.317	83.374	9.46606
1	121	74	141.444	83.1185	22.3857
1	121	74	116.811	76.9024	5.09606
1	121	74	113.988	90.7777	18.1839
1	121	74	108.538	95.1051	24.51
1	121	74	105.07	63.0686	19.3197
1	121	74	126.619	71.3905	6.19493
1	121	74	119.354	77.5805	3.94086
1	121	74	85.088	65.857	36.8236
1	121	74	96.7726	97.4375	33.7088
1	121	74	110.081	97.3792	25.8033
1	121	74	94.7084	97.2043	35.0669
1	121	74	112.316	64.2208	13.0785
1	121	74	123.315	86.1476	12.3663
1	121	74	141.715	85.1105	23.5064
1	121	74	123.142	76.8289	3.54857
1	121	74	140.782	86.3257	23.3081
1	121	74	107.333	87.013	18.8712
1	121	74	99.4632	97.438	31.8304
1	121	74	126.357	76.2785	5.82132
1	121	74	123.618	73.261	2.72067
1	121	74	129.076	82.9086	12.0242
1	121	74	93.7676	97.4369	35.929
1	121	74	108.29	96.9273	26.2145
1	121	74	140.863	76.292	19.9946
1	121	74	125.672	81.3351	8.69667
1	121	74	120.102	78.7064	4.79142
1	121	74	127.784	75.0381	6.86317
1	121	74	122.464	69.8043	4.44382
1	121	74	123.424	79.6897	6.18465
1	121	74	141.715	85.1207	23.5113
1	121	74	124.181	76.6282	4.12601
1	121	74	124.982	78.0328	5.66757
1	121	74	97.6709	97.3466	33.0048
1	121	74	125.17	76.5542	4.89025
1	121	74	126.773	72.607	5.93902
1	121	74	122.717	79.0608	5.34418
1	121	74	123.43	71.1713	3.72887
1	121	74	69.324	11.1698	81.3513
1	121	74	114.937	83.8753	11.5882
1	121	74	122.78	69.0671	5.24435
1	121	74	138.563	81.174	18.9714
1	121	74	121.794	74.8711	1.17851
1	121	74	116.741	80.5353	7.80071
1	121	74	70.1573	10.7532	81.1489
1	121	74	97.8153	93.4469	30.2608
1	121	74	122.287	88.5588	14.6156
1	121	74	125.52	91.8442	18.4079
1	121	74	135.226	74.7716	14.2466
1	121	74	116.097	80.3557	8.02719
1	121	74	115.912	81.0427	8.68832
1	121	74	131.912	82.1091	13.595
1	121	74	124.23	68.9758	5.97305
1	121	74	130.284	74.7412	9.31305
1	121	74	130.683	75.5406	9.80438
1	121	74	125.48	85.9425	12.7553
1	121	74	141.834	85.0833	23.5986
1	121	74	113.424	95.5404	22.834
1	121	74	126.594	74.8652	5.66077
1	121	74	84.3909	64.5415	37.8112
1	121	74	125.438	77.8065	5.84669
1	121	74	136.826	76.0629	15.9603
1	121	74	118.025	45.3411	28.8129
1	121	74	134.393	69.7826	14.0412
1	121	74	121.98	76.847	3.01075
1	121	74	129.172	84.5022	13.3071
1	121	74	124.079	90.4762	16.7614
1	121	74	99.8032	97.4381	31.6014
1	121	74	118.928	83.4688	9.69284
1	121	74	126.067	66.0545	9.42369
1	121	74	125.123	77.2666	5.26001
1	121	74	134.962	70.9188	14.2978
1	121	74	121	74.4248	0.42478
1	121	74	121.665	78.1037	4.15726
1	121	74	119.54	76.668	3.04151
1	121	74	133.618	73.6086	12.6236
1	121	74	133.326	77.1351	12.7186
1	121	74	133.135	76.517	12.3937
1	121	74	141.236	74.6876	20.248
1	121	74	121.057	72.1438	1.85707
1	121	74	124.4	72.7223	3.63187
1	121	74	140.907	85.1824	22.833
1	121	74	140.732	54.0276	28.0755
1	121	74	130.316	77.9489	10.1186
1	121	74	130.167	81.9825	12.1551
1	121	74	123.585	76.6057	3.67022
1	121	74	93.3311	94.7696	34.5969
1	121	74	29.4558	30.6412	101.293
1	121	74	46.9404	20.2281	91.5218
1	121	74	122.733	70.4861	3.91813
1	121	74	118.617	45.4668	28.6325
1	121	74	116.277	71.469	5.35883
1	121	74	119.651	78.6387	4.83093
1	121	74	118.188	75.5016	3.18753
1	121	74	121.266	71.9232	2.09384
1	121	74	120.984	71.0341	2.9659
1	121	74	104.112	85.3165	20.3292
1	121	74	142.181	78.3592	21.6251
1	121	74	102.942	96.8708	29.1405
1	121	74	122.463	76.6266	3.00666
1	121	74	123.238	76.2758	3.19217
1	121	74	123.527	73.2834	2.62696
1	121	74	112.261	64.832	12.6658
1	121	74	108.881	95.9587	25.0809
1	121	74	136.322	70.1168	15.8066
1	121	74	140.438	79.5003	20.201
1	121	74	130.172	72.9673	9.22983
1	121	74	115.376	79.2153	7.67013
1	121	74	136.892	81.1397	17.4218
1	121	74	128.512	72.2954	7.70305
1	121	74	111.197	94.4237	22.6545
1	121	74	106.935	84.9784	17.8421
1	121	74	39.5544	23.362	95.9041
1	121	74	109.135	95.1479	24.2488
1	121	74	122.857	83.9706	10.142
1	121	74	137.949	86.5857	21.1108
1	121	74	122.324	78.8872	5.0633
1	121	74	123.627	78.9181	5.57576
1	121	74	116.659	45.1744	29.1507
1	121	74	122	88.3779	14.4126
1	121	74	123.323	81.6517	7.99647
1	121	74	118.214	72.4962	3.16588
1	121	74	133.99	87.2239	18.5369
1	121	74	108.734	91.5556	21.4163
1	121	74	110.939	93.3984	21.8525
1	121	74	119.958	68.1628	5.92942
1	121	74	117.224	45.2159	29.0307
1	121	74	124.382	64.349	10.2265
1	121	74	118.546	77.7783	4.50533
1	121	74	126.821	67.1224	9.01011
1	121	74	127.916	86.4702	14.2594
1	121	74	121.806	79.767	5.82304
1	121	74	134.948	66.3221	15.9212
1	121	74	117.169	45.2159	29.0379
1	121	74	113.216	90.4663	18.2135
1	121	74	136.879	75.9455	15.9975
1	121	74	118.812	88.5152	14.6791
1	121	74	94.8231	97.4371	35.1358
1	121	74	129.456	63.5404	13.45
1	121	74	119.484	80.8125	6.97902
1	121	74	129.284	80.1181	10.2984
1	121	74	119.833	64.5577	9.51417
1	121	74	122.242	90.6514	16.6977
1	121	74	101.459	65.6707	21.2418
1	121	74	119.145	77.4898	3.95208
1	121	74	118.723	81.9092	8.23049
1	121	74	114.181	88.2486	15.7962
1	121	74	118.699	84.1888	10.4455
1	121	74	119.196	45.5513	28.5058
1	121	74	100.741	93.4189	28.0628
1	121	74	125.002	71.8581	4.53926
1	121	74	129.54	87.0241	15.5741
1	121	74	109.792	71.2472	11.5411
1	121	74	131.111	74.4134	10.1195
1	121	74	119.847	45.6365	28.387
1	121	74	124.671	85.8007	12.3584
1	121	74	122.598	73.9127	1.60084
1	121	74	142.191	84.6472	23.7155
1	121	74	110.612	86.6459	16.3654
1	121	74	106.099	94.5591	25.3911
1	121	74	130.988	48.3369	27.5382
1	121	74	124.614	70.3741	5.11918
1	121	74	120.116	77.8244	3.92534
1	121	74	120.547	71.024	3.01025
1	121	74	118.21	80.6609	7.22164
1	121	74	107.366	93.6665	23.9301
1	121	74	123.421	79.0766	5.62451
1	121	74	104.586	90.9088	23.5651
1	121	74	118.258	78.3227	5.11906
1	121	74	129.848	70.9444	9.36075
1	121	74	119.004	73.0683	2.20318
1	121	74	122.306	75.7898	2.2157
1	121	74	35.5008	32.202	95.1693
1	121	74	119.15	76.3223	2.96893
1	121	74	131.469	76.9005	10.8637
1	121	74	130.978	76.8635	10.3805
1	121	74	121.766	73.3955	0.976149
1	121	74	120.15	45.6792	28.3336
1	121	74	128.146	67.8205	9.44731
1	121	74	105.225	90.8756	23.1008
1	121	74	110.119	90.1406	19.4659
1	121	74	141.953	84.9239	23.6292
1	121	74	113.549	76.8932	7.99285
1	121	74	122.822	85.0227	11.1723
1	121	74	124.015	89.3723	15.6653
1	121	74	141.111	71.6533	20.2479
1	121	74	126.884	71.5375	6.37879
1	121	74	125.921	80.4191	8.08811
1	121	74	113.107	58.6019	17.3032
1	121	74	100.566	97.4383	31.0952
1	121	74	129.328	76.6934	8.75244
1	121	74	111.654	96.7261	24.573
1	121	74	132	87.8087	17.6544
1	121	74	125.822	76.9445	5.64971
1	121	74	126.934	74.8194	5.99043
1	121	74	123.326	85.0626	11.3044
1	121	74	136.329	79.2474	16.2021
1	121	74	120.839	72.4389	1.56943
1	121	74	121.288	84.8622	10.866
1	121	74	110.689	81.6487	12.8382
1	121	74	123.073	69.7005	4.77305
1	121	74	119.804	75.2371	1.72085
1	121	74	103.381	90.5077	24.1438
1	121	74	119.443	45.5937	28.449
1	121	74	70.2987	10.6818	81.116
1	121	74	113.425	95.9828	23.2513
1	121	74	124.953	69.9272	5.67552
1	121	74	127.991	86.4297	14.2608
1	121	74	127.467	77.2019	7.21589
1	121	74	141.144	83.5151	22.2783
1	121	74	137.459	75.1751	16.5009
1	121	74	134.799	71.944	13.9518
1	121	74	117.697	84.5878	11.0911
1	121	74	119.947	45.6367	28.3828
1	121	74	133.422	73.1344	12.4519
1	121	74	140.96	75.6813	20.0302
1	121	74	119.087	80.1705	6.46009
1	121	74	123.248	91.025	17.1728
1	121	74	129.825	77.4511	9.47537
1	121	74	105.548	70.5591	15.8301
1	121	74	127.554	81.4305	9.90825
1	121	74	128.764	67.9255	9.85801
1	121	74	130.99	68.8349	11.2465
1	121	74	118.948	75.208	2.3814
1	121	74	123.864	72.0735	3.45172
1	121	74	133.014	77.0687	12.3995
1	121	74	111.831	97.4406	25.1702
1	121	74	124.853	74.7555	3.92609
1	121	74	97.8668	93.8074	30.4545
1	121	74	125.268	77.1429	5.30062
1	121	74	126.895	81.3561	9.4266
1	121	74	132.959	74.2485	11.9614
1	121	74	118.819	75.5005	2.64768
1	121	74	119.463	77.287	3.62869
1	121	74	107.899	96.1737	25.7547
1	121	74	118.443	77.9084	4.67036
1	121	74	138.755	85.8018	21.3191
1	121	74	129.862	79.5233	10.4426
1	121	74	117.994	75.5464	3.38076
1	121	74	94.1657	97.4369	35.6282
1	121	74	126.623	78.4171	7.15062
1	121	74	127.998	55.8331	19.4683
1	121	74	133.286	76.957	12.6372
1	121	74	128.505	77.7452	8.38793
1	121	74	135.557	73.5147	14.5651
1	121	74	127.921	80.1532	9.26047
1	121	74	124.784	80.7524	7.74045
1	121	74	124.755	73.8552	3.75773
1	121	74	124.514	86.8117	13.2848
1	121	74	104.635	85.3982	19.9433
1	121	74	110.793	88.5037	17.7354
1	121	74	70.4392	10.6108	81.0838
1	121	74	110.276	97.4848	25.8173
1	121	74	140.458	86.3857	23.0658
1	121	74	134.598	79.9227	14.8319
1	121	74	108.148	91.3373	21.5814
1	121	74	107.983	96.2699	25.7951
1	121	74	107.595	90.8961	21.5678
1	121	74	131.798	80.2216	12.4618
1	121	74	118.437	45.4248	28.6899
1	121	74	118.107	76.7768	4.00985
1	121	74	119.16	79.4736	5.77462
1	121	74	86.364	66.1981	35.5038
1	121	74	130.67	68.3804	11.1844
1	121	74	119.306	92.2246	18.3032
1	121	74	133.005	80.8984	13.8461
1	121	74	112.152	82.014	11.9378
1	121	74	128.296	83.872	12.2755
1	121	74	131.159	74.2351	10.162
1	121	74	123.641	80.8399	7.33195
1	121	74	42.6105	22.033	94.0504
1	121	74	119.214	73.7548	1.80248
1	121	74	69.8998	10.8827	81.2098
1	121	74	124.623	69.6324	5.6744
1	121	74	124.733	74.7794	3.81308
1	121	74	51.7278	97.2952	73.0842
1	121	74	122.458	46.0669	27.9711
1	121	74	125.952	89.0383	15.8325
1	121	74	131.533	74.1378	10.534
1	121	74	124.022	69.9906	5.02053
1	121	74	115.23	81.4318	9.40902
1	121	74	94.3703	96.2239	34.6849
1	121	74	108.847	96.4543	25.532
1	121	74	118.68	45.4669	28.6273
1	121	74	116.732	77.6856	5.63934
1	121	74	131.607	82.9967	13.9087
1	121	74	106.542	88.3442	20.3662
1	121	74	133.824	74.2122	12.8261
1	121	74	125.585	79.2554	6.9744
1	121	74	106.314	94.8121	25.4722
1	121	74	121.207	76.1906	2.20034
1	121	74	119.931	85.9159	11.9638
1	121	74	128.806	78.3596	8.94071
1	121	74	117.514	80.7814	7.62476
1	121	74	107.38	96.1083	25.9667
1	121	74	92.5795	57.7363	32.745
1	121	74	133.498	83.4662	15.6786
1	121	74	132.382	74.4291	11.3899
1	121	74	139.599	80.0933	19.5719
1	121	74	116.521	73.9935	4.4795
1	121	74	125.527	72.5105	4.76546
1	121	74	126.312	69.862	6.73379
1	121	74	127.203	76.1323	6.55901
1	121	74	60.1783	97.4297	65.1785
1	121	74	78.9782	57.365	45.1947
1	121	74	119.092	75.2661	2.29007
1	121	74	122.92	73.2488	2.06188
1	121	74	132.416	83.6391	14.9414
1	121	74	125.212	76.1112	4.71116
1	121	74	121.561	72.9575	1.18379
1	121	74	140.054	87.7451	23.4947
1	121	74	125.03	82.3375	9.26052
1	121	74	136.619	70.07	16.1058
1	121	74	116.203	81.0568	8.53266
1	121	74	94.7813	97.1839	34.9987
1	121	74	126.295	76.6343	5.91405
1	121	74	120.189	78.2664	4.34275
1	121	74	111.226	97.3644	25.3265
1	121	74	124.453	77.45	4.88144
1	121	74	106.878	93.7721	24.2977
1	121	74	127.85	74.0768	6.85037
1	121	74	119.076	45.5511	28.5139
1	121	74	122.317	71.2407	3.05755
1	121	74	119.262	75.536	2.31955
1	121	74	124.311	75.4027	3.5963
1	121	74	110.287	96.1792	24.6311
1	121	74	125.494	68.5246	7.0835
1	121	74	121.709	69.7659	4.29305
1	121	74	123.381	70.9175	3.89485
1	121	74	126.057	79.2155	7.26432
1	121	74	132.186	77.3075	11.6648
1	121	74	118.812	76.7721	3.53148
1	121	74	119.256	75.0705	2.04612
1	121	74	128.724	73.2166	7.76341
1	121	74	119.424	74.3045	1.60499
1	121	74	125.152	81.232	8.33892
1	121	74	122.793	69.635	4.71874
1	121	74	113.969	82.8378	11.2937
1	121	74	140.898	86.195	23.3377
1	121	74	124.308	75.3308	3.56591
1	121	74	117.649	76.5771	4.22737
1	121	74	98.4279	97.4378	32.5397
1	121	74	128.853	72.2953	8.03624
1	121	74	111.353	95.989	24.0122
1	121	74	142.071	84.6993	23.6322
1	121	74	119.873	76.8911	3.10315
1	121	74	122.258	56.9533	17.0931
1	121	74	123.365	78.185	4.80695
1	121	74	107.938	94.1085	23.9786
1	121	74	131.397	76.3767	10.6655
1	121	74	101.302	85.6841	22.9025
1	121	74	114.064	77.4639	7.75281
1	121	74	125.52	81.7933	9.00942
1	121	74	135.497	78.0024	15.0396
1	121	74	125.544	69.272	6.55755
1	121	74	120.187	79.9222	5.97772
1	121	74	123.226	79.5701	5.99843
1	121	74	113.22	93.4917	20.9868
1	121	74	119.661	87.1136	13.1819
1	121	74	130.661	42.6464	32.8082
1	121	74	92.6314	97.2069	36.6516
1	121	74	114.492	89.7907	17.0794
1	121	74	120.944	73.5602	0.443319
1	121	74	131.097	78.1768	10.9272
1	121	74	107.62	92.7549	23.0387
1	121	74	123.484	80.1101	6.59558
1	121	74	134.9	76.3387	14.0956
1	121	74	121.949	77.4117	3.54114
1	121	74	121.692	76.2999	2.40172
1	121	74	111.054	97.4853	25.5046
1	121	74	121.369	84.1694	10.1761
1	121	74	141.48	85.4867	23.4814
1	121	74	128.019	68.9222	8.66345
1	121	74	110.063	90.5083	19.8026
1	121	74	140.934	85.5142	23.02
1	121	74	127.359	74.1141	6.35974
1	121	74	119.586	73.2863	1.58432
1	121	74	141.513	85.9347	23.732
1	121	74	137.881	72.2672	16.9693
1	121	74	123.827	78.2159	5.07594
1	121	74	129.611	71.5857	8.94334
1	121	74	116.391	77.0015	5.50038
1	121	74	93.7023	58.711	31.2876
1	121	74	118.789	75.152	2.49296
1	121	74	111.053	66.3637	12.5399
1	121	74	119.374	88.1058	14.1991
1	121	74	123.12	84.6469	10.856
1	121	74	99.3683	96.3907	31.1331
1	121	74	137.503	87.1857	21.1237
1	121	74	121.586	74.5815	0.825739
1	121	74	128.095	70.2466	8.02688
1	121	74	108.174	56.2454	21.9029
1	121	74	120.371	94.5353	20.5449
1	121	74	119.615	81.3687	7.49766
1	121	74	118.054	76.6926	3.99114
1	121	74	117.774	81.4275	8.0977
1	121	74	137.203	71.571	16.3841
1	121	74	130.245	86.2615	15.3565
1	121	74	101.554	66.5858	20.8114
1	121	74	52.0765	97.4279	72.7964
1	121	74	129.414	81.2962	11.1372
1	121	74	121.554	71.4044	2.6541
1	121	74	124.735	78.1369	5.57369
1	121	74	119.939	76.4833	2.70065
1	121	74	129.178	86.9948	15.3539
1	121	74	125.882	69.7554	6.4695
1	121	74	124.619	70.0999	5.32027
1	121	74	117.124	77.4253	5.17272
1	121	74	122.484	71.3655	3.02373
1	121	74	122.112	72.1975	2.11818
1	121	74	135.631	83.8978	17.6648
1	121	74	136.82	74.4011	15.8255
1	121	74	98.7562	97.4379	32.3129
1	121	74	108.818	96.1169	25.2501
1	121	74	120.752	84.6568	10.6597
1	121	74	127.847	67.2554	9.61112
1	121	74	109.259	82.4953	14.4925
1	121	74	121.074	75.8145	1.81601
1	121	74	129.044	81.9638	11.3192
1	121	74	126.318	77.8572	6.56946
1	121	74	128.659	79.2371	9.27861
1	121	74	120.099	45.679	28.3353
1	121	74	121.286	90.3883	16.3908
1	121	74	56.4435	88.5253	66.1704
1	121	74	126.362	80.7191	8.59617
1	121	74	124.456	74.2654	3.46662
1	121	74	117.462	82.8426	9.52422
1	121	74	106.216	82.9562	17.2852
1	121	74	123.41	75.4196	2.79677
1	121	74	132.771	90.1558	19.9889
1	121	74	47.3282	20.0529	91.3116
1	121	74	113.15	72.342	8.02286
1	121	74	118.128	77.2615	4.34557
1	121	74	96.8556	97.4375	33.6492
1	121	74	63.4223	58.569	59.6096
1	121	74	118.709	72.6975	2.63519
1	121	74	124.09	72.2301	3.56101
1	121	74	114.356	97.4869	24.4085
1	121	74	117.707	73.3917	3.34826
1	121	74	133.169	88.3992	18.8524
1	121	74	119.862	45.6785	28.3444
1	121	74	119.263	77.1568	3.60329
1	121	74	121.021	75.4506	1.45073
1	121	74	141.013	86.019	23.3448
1	121	74	113.626	91.5803	19.0641
1	121	74	129.922	71.9951	9.14457
1	121	74	122.221	74.1765	1.23372
1	121	74	135.568	77.0077	14.875
1	121	74	108.499	85.6961	17.1197
1	121	74	73.7812	53.8814	51.3261
1	121	74	120.874	72.5709	1.43469
1	121	74	129.409	88.0743	16.3952
1	121	74	131.865	78.9296	11.9314
1	121	74	124.997	81.4322	8.43881
1	121	74	98.2591	54.7817	29.774
1	121	74	104.341	89.767	22.9374
1	121	74	96.9202	95.8439	32.5114
1	121	74	119.236	74.3207	1.79247
1	121	74	119.371	74.9168	1.86893
1	121	74	134.386	80.4226	14.8467
1	121	74	102.346	86.8591	22.6566
1	121	74	120.59	86.6789	12.6855
1	121	74	102.377	96.7625	29.4099
1	121	74	126.213	70.6523	6.19575
1	121	74	130.69	75.2177	9.76639
1	121	74	129.462	71.2403	8.9006
1	121	74	131.747	71.9144	10.9474
1	121	74	128.476	69.9853	8.48601
1	121	74	142.182	79.0522	21.7766
1	121	74	126.204	73.2227	5.26133
1	121	74	104.034	55.1244	25.38
1	121	74	118.948	76.4969	3.23207
1	121	74	110.174	96.8299	25.2667
1	121	74	133.107	78.1621	12.8028
1	121	74	103.877	62.7236	20.5025
1	121	74	116.725	78.1554	5.96158
1	121	74	116.371	76.3474	5.19053
1	121	74	136.593	76.7899	15.8402
1	121	74	117.64	45.2992	28.8968
1	121	74	103.78	84.8377	20.3469
1	121	74	130.974	67.6826	11.8067
1	121	74	128.833	70.0157	8.78845
1	121	74	132.224	82.0172	13.793
1	121	74	49.9312	19.0437	89.8386
1	121	74	116.647	84.5942	11.4537
1	121	74	114.556	89.8989	17.155
1	121	74	132.325	73.1787	11.3545
1	121	74	123.897	84.0438	10.4532
1	121	74	114.344	85.3292	13.1399
1	121	74	112.285	64.1449	13.1561
1	121	74	117.132	84.3367	11.0368
1	121	74	126.789	85.1812	12.5909
1	121	74	139.429	86.3857	22.2041
1	121	74	113.157	84.3826	13.0118
1	121	74	106.908	85.0616	17.9147
1	121	74	133.21	76.657	12.4956
1	121	74	118.853	85.1625	11.367
1	121	74	120.694	78.0585	4.06995
1	121	74	129.988	81.5875	11.7624
1	121	74	122.162	77.4929	3.6811
1	121	74	119.482	77.3976	3.72117
1	121	74	97.2945	97.1585	33.1401
1	121	74	109.423	97.2916	26.0103
1	121	74	107.842	92.6925	22.8591
1	121	74	130.273	82.4018	12.5128
1	121	74	113.538	96.0974	23.3233
1	121	74	124.065	76.0237	3.67301
1	121	74	103.706	97.4389	29.1284
1	121	74	118.991	74.2755	2.02744
1	121	74	95.5987	95.4208	33.2277
1	121	74	86.702	64.5442	35.5776
1	121	74	127.155	81.5128	9.71229
1	121	74	102.048	85.4464	22.1403
1	121	74	106.41	94.7022	25.3268
1	121	74	122.615	79.5325	5.76336
1	121	74	130.009	71.6249	9.31702
1	121	74	104.297	85.943	20.5332
1	121	74	122.697	84.0244	10.1671
1	121	74	136.431	69.8296	15.9848
1	121	74	125.306	73	4.42045
1	121	74	122.55	76.5792	3.009
1	121	74	119.702	79.0127	5.1779
1	121	74	107.665	83.6688	16.4711
1	121	74	120.855	69.8308	4.17167
1	121	74	119.127	85.7447	11.8932
1	121	74	125.491	74.6282	4.5345
1	121	74	118.061	45.3827	28.7679
1	121	74	138.991	71.2215	18.204
1	121	74	118.014	75.6229	3.39831
1	121	74	118.913	45.509	28.5673
1	121	74	122.08	79.5501	5.65417
1	121	74	117.099	84.8381	11.5187
1	121	74	117.372	85.0738	11.6528
1	121	74	118.393	83.3626	9.71889
1	121	74	98.4674	94.3687	30.3744
1	121	74	115.343	92.8066	19.639
1	121	74	113.228	97.4864	24.7389
1	121	74	129.541	46.7466	28.5605
1	121	74	125.871	76.9338	5.68648
1	121	74	124.559	81.8787	8.64539
1	121	74	96.3548	97.4374	34.0102
1	121	74	123.388	46.1987	27.9037
1	121	74	127.914	73.8035	6.91654
1	121	74	105.894	67.6254	16.3958
1	121	74	117.224	45.2159	29.0306
1	121	74	102.042	87.2736	23.1431
1	121	74	126.068	88.0138	14.9022
1	121	74	109.049	90.1612	20.1002
1	121	74	105.485	97.4671	28.1323
1	121	74	64.5401	93.008	59.5737
1	121	74	107.607	66.4928	15.3537
1	121	74	117.511	45.2576	28.9535
1	121	74	121.985	91.018	17.0464
1	121	74	110.976	89.9129	18.8071
1	121	74	125.908	72.7216	5.07204
1	121	74	98.4351	96.1585	31.6255
1	121	74	120.698	73.9861	0.302576
1	121	74	120.444	73.1243	1.03729
1	121	74	117.931	83.4291	9.91608
1	121	74	119.087	79.0729	5.42163
1	121	74	110.228	67.7143	12.4718
1	121	74	133.756	50.704	26.5597
1	121	74	115.187	79.8415	8.24078
1	121	74	116.8	61.3151	13.3622
1	121	74	136.019	76.7867	15.2752
1	121	74	121.064	84.5823	10.5825
1	121	74	69.5379	11.0635	81.2979
1	121	74	138.186	81.4981	18.7504
1	121	74	132.274	81.2423	13.4002
1	121	74	95.47	97.4372	34.6566
1	121	74	111.238	96.0817	24.1431
1	121	74	70.3082	10.677	81.1138
1	121	74	122.81	74.3393	1.84154
1	121	74	131.807	71.1762	11.1698
1	121	74	115.435	81.6279	9.44232
1	121	74	105.329	97.4393	28.1954
1	121	74	96.0161	96.3137	33.4977
1	121	74	120.543	81.193	7.20745
1	121	74	141.825	76.7296	21.0036
1	121	74	102.767	88.1384	23.0725
1	121	74	128.817	81.4166	10.7755
1	121	74	121.802	74.4478	0.918431
1	121	74	128.949	71.4566	8.34591
1	121	74	131.286	73.3319	10.3079
1	121	74	141.478	85.2672	23.373
1	121	74	123.418	81.799	8.16524
1	121	74	127.028	76.2058	6.41871
1	121	74	129.754	76.5303	9.11245
1	121	74	27.9205	31.4358	102.35
1	121	74	131.851	80.2796	12.5369
1	121	74	138.45	68.3861	18.3311
1	121	74	127.077	71.0038	6.77535
1	121	74	123.963	70.9182	4.27497
1	121	74	130.863	76.658	10.2145
1	121	74	125.921	78.6501	6.77076
1	121	74	134.379	79.0045	14.2842
1	121	74	131.862	79.6397	12.2389
1	121	74	135.064	76.9482	14.3694
1	121	74	115.366	80.143	8.33538
1	121	74	94.4646	97.379	35.3653
1	121	74	125.794	85.1734	12.1584
1	121	74	122.645	69.5806	4.71575
1	121	74	131.498	78.1845	11.3011
1	121	74	131.589	80.7996	12.584
1	121	74	118.038	77.1613	4.33191
1	121	74	111.706	78.4362	10.2985
1	121	74	116.395	82.6919	9.8364
1	121	74	123.702	72.3504	3.16593
1	121	74	112.278	97.4407	25.0108
1	121	74	129.717	67.7821	10.7073
1	121	74	125.438	92.221	18.7536
1	121	74	111.64	60.9409	16.0672
1	121	74	100.192	92.34	27.737
1	121	74	107.748	66.5742	15.1903
1	121	74	120.186	80.0328	6.08752
1	121	74	112.243	64.2488	13.1063
1	121	74	103.399	87.9112	22.4346
1	121	74	122.937	52.7469	21.3412
1	121	74	118.665	76.6283	3.51568
1	121	74	132.477	47.2127	29.1424
1	121	74	128.521	79.0172	9.04061
1	121	74	138.646	73.9299	17.6465
1	121	74	117.773	74.6651	3.29461
1	121	74	128.182	71.7549	7.52434
1	121	74	136.416	70.8466	15.7354
1	121	74	135.51	81.023	16.1201
1	121	74	120.949	72.1646	1.83606
1	121	74	124.818	72.2344	4.20644
1	121	74	132.371	80.6587	13.1772
1	121	74	122.285	72.4292	2.02922
1	121	74	130.343	78.7005	10.4588
1	121	74	133.217	71.9519	12.3876
1	121	74	122.459	93.0159	19.0718
1	121	74	110.683	97.3378	25.5166
1	121	74	132.273	82.5879	14.1718
1	121	74	119.882	45.6785	28.3436
1	121	74	70.1282	10.7679	81.1557
1	121	74	127.006	79.1118	7.8868
1	121	74	122.814	69.5376	4.81709
1	121	74	130.714	73.2703	9.74116
1	121	74	114.49	97.4784	24.3642
1	121	74	124.649	92.6192	18.9735
1	121	74	105.389	97.4393	28.1623
1	121	74	121.521	70.4228	3.61501
1	121	74	74.0348	53.5493	51.2246
1	121	74	127.584	66.7522	9.79211
1	121	74	141.24	37.0685	42.1139
1	121	74	124.296	71.6659	4.03881
1	121	74	129.06	74.2611	8.06457
1	121	74	115.787	81.0475	8.76608
1	121	74	115.698	94.6726	21.3416
1	121	74	106.388	89.0513	20.9777
1	121	74	108.463	96.6315	25.872
1	121	74	141.512	81.1019	21.7067
1	121	74	132.339	75.2291	11.405
1	121	74	126.379	77.9181	6.65471
1	121	74	123.208	75.3122	2.56827
1	121	74	104.4	97.4391	28.7221
1	121	74	117.485	45.299	28.9154
1	121	74	118.252	45.3829	28.7487
1	121	74	137.192	74.0222	16.192
1	121	74	110.478	90.8172	19.8379
1	121	74	74.9931	48.516	52.5934
1	121	74	121.257	76.3831	2.39686
1	121	74	124.474	84.9741	11.5107
1	121	74	127.382	77.315	7.19171
1	121	74	120.567	75.4245	1.48879
1	121	74	130.87	75.4118	9.97008
1	121	74	111.927	82.899	12.7091
1	121	74	127.052	74.1505	6.05352
1	121	74	136.523	73.6508	15.5272
1	121	74	119.757	45.6363	28.3909
1	121	74	111.052	68.4007	11.4153
1	121	74	124.732	84.5601	11.2003
1	121	74	115.524	75.7923	5.76191
1	121	74	123.316	74.4564	2.3608
1	121	74	105.234	76.9085	16.0323
1	121	74	70.1396	10.7621	81.153
1	121	74	140.782	86.2952	23.2916
1	121	74	117.325	81.3997	8.26186
1	121	74	120.931	74.5884	0.592397
1	121	74	142.191	84.5781	23.6845
1	121	74	116.167	91.2263	17.8914
1	121	74	127.64	70.5069	7.5025
1	121	74	108.96	96.5953	25.6028
1	121	74	85.5685	66.1473	36.2912
1	121	74	141.713	84.9057	23.409
1	121	74	132.87	81.1127	13.8382
1	121	74	126.227	79.292	7.43834
1	121	74	133.728	70.8982	13.1007
1	121	74	112.094	71.9471	9.1398
1	121	74	122.094	67.1651	6.92187
1	121	74	111.288	96.077	24.1188
1	121	74	125.573	88.3693	15.0794
1	121	74	140.509	56.3439	26.3124
1	121	74	117.619	81.3516	8.09193
1	121	74	118.467	86.3736	12.6303
1	121	74	106.039	90.024	21.9228
1	121	74	128.22	84.4167	12.6743
1	121	74	123.972	46.287	27.8719
1	121	74	131.08	76.6114	10.4126
1	121	74	134.04	71.5127	13.2746
1	121	74	135.924	75.8583	15.0397
1	121	74	140.662	86.1913	23.1352
1	121	74	116.879	93.1397	19.5783
1	121	74	131.598	47.1678	28.8495
1	121	74	102.956	52.653	27.9516
1	121	74	69.6525	11.0063	81.2697
1	121	74	123.532	73.7058	2.54901
1	121	74	126.206	81.6196	9.22826
1	121	74	112.496	90.2065	18.3023
1	121	74	110.965	64.575	13.7672
1	121	74	133.223	71.634	12.4496
1	121	74	61.0303	30.152	74.2901
