1	121	74	120.654	74.2254	0.41303
1	121	74	121.254	74.2717	0.371743
1	121	74	120.85	73.989	0.150236
1	121	74	120.944	74.0329	0.0648118
1	121	74	118.553	79.0673	5.62707
1	121	74	121.075	73.8405	0.176125
1	121	74	118.369	78.811	5.48334
1	121	74	121.363	74.1809	0.405845
1	121	74	121.317	74.1842	0.366347
1	121	74	121.403	74.2498	0.474094
1	121	74	121.006	74.1864	0.186489
1	121	74	120.866	74.367	0.390778
1	121	74	121.34	74.2004	0.394476
1	121	74	116.537	70.9995	5.37792
1	121	74	120.81	74.2724	0.332232
1	121	74	121.202	74.0626	0.21143
1	121	74	121.05	74.1031	0.114413
1	121	74	135.636	84.1457	17.8087
1	121	74	121.264	74.069	0.272833
1	121	74	106.947	94.6532	24.9806
1	121	74	121.062	74.389	0.393937
1	121	74	120.919	74.4017	0.409721
1	121	74	107.244	95.2663	25.3277
1	121	74	99.3707	80.3849	22.552
1	121	74	124.913	77.1196	5.00446
1	121	74	121.328	74.3803	0.502096
1	121	74	102.123	85.8108	22.2671
1	121	74	120.993	74.2912	0.291279
1	121	74	121.237	74.1489	0.279621
1	121	74	136.051	84.5766	18.3954
1	121	74	136.418	84.3728	18.5824
1	121	74	120.753	74.1483	0.28827
1	121	74	107.194	94.2611	24.5175
1	121	74	120.884	74.2751	0.298685
1	121	74	121.548	74.379	0.666155
1	121	74	121.036	74.3739	0.375595
1	121	74	120.862	74.2683	0.301805
1	121	74	120.944	74.4752	0.478525
1	121	74	121.504	74.2582	0.566226
1	121	74	120.886	74.0365	0.119975
1	121	74	135.796	84.1874	17.9641
1	121	74	121.186	74.064	0.196432
1	121	74	120.982	74.1309	0.132108
1	121	74	121.438	74.4707	0.643088
1	121	74	121.138	73.8848	0.179692
1	121	74	103.494	88.2002	22.5412
1	121	74	120.652	74.0904	0.359325
1	121	74	110.536	93.6361	22.2504
1	121	74	121.013	74.0534	0.0550548
1	121	74	120.853	74.175	0.228344
1	121	74	121.328	74.245	0.409337
1	121	74	118.446	73.011	2.73908
1	121	74	135.837	84.2498	18.0334
1	121	74	120.918	74.4887	0.495484
1	121	74	121.698	74.3294	0.77172
1	121	74	121.22	74.205	0.300456
1	121	74	120.925	74.0802	0.109903
1	121	74	120.882	74.1201	0.168059
1	121	74	124.349	76.1758	3.99378
1	121	74	120.821	74.3788	0.419095
1	121	74	136.081	84.3099	18.2679
1	121	74	121.257	74.1187	0.283202
1	121	74	120.929	74.5278	0.532607
1	121	74	120.875	74.4097	0.428237
1	121	74	120.826	74.1418	0.224521
1	121	74	121.159	74.276	0.318463
1	121	74	119.174	73.516	1.88904
1	121	74	103.139	87.6613	22.4866
1	121	74	121.137	74.2333	0.270828
1	121	74	119.875	73.6102	1.19088
1	121	74	107.544	95.1347	25.0545
1	121	74	136.269	84.4499	18.5026
1	121	74	136.34	84.1818	18.4115
1	121	74	122.799	75.3628	2.25655
1	121	74	107.061	94.981	25.1893
1	121	74	136.312	84.5001	18.5663
1	121	74	121.829	74.777	1.13621
1	121	74	121.064	74.2009	0.210915
1	121	74	120.771	74.4621	0.515697
1	121	74	135.829	84.2598	18.0319
1	121	74	121.051	74.3973	0.400603
1	121	74	120.961	74.206	0.209676
1	121	74	121.161	74.282	0.324933
1	121	74	122.745	76.2899	2.87895
1	121	74	121.034	74.2254	0.227916
1	121	74	121.242	74.1273	0.273613
1	121	74	121.407	74.0607	0.411276
1	121	74	121.539	74.036	0.539955
1	121	74	120.82	73.866	0.224734
1	121	74	120.844	74.118	0.195274
1	121	74	73.5631	87.415	49.2973
1	121	74	121.042	73.9979	0.0418602
1	121	74	121.537	72.5344	1.56096
1	121	74	135.388	83.2679	17.1144
1	121	74	120.909	73.9643	0.0973996
1	121	74	120.687	74.3662	0.481462
1	121	74	121.063	74.3193	0.325424
1	121	74	120.913	74.3819	0.391721
1	121	74	121.347	74.3471	0.490782
1	121	74	121.095	74.37	0.382005
1	121	74	120.979	74.1522	0.153694
1	121	74	120.737	74.2498	0.36293
1	121	74	121.065	74.2089	0.218732
1	121	74	121.258	74.1851	0.317167
1	121	74	107.233	94.5187	24.7093
1	121	74	99.3862	80.0489	22.4443
1	121	74	124.401	76.3656	4.1425
1	121	74	122.033	74.5812	1.18543
1	121	74	120.971	74.1503	0.153021
1	121	74	121.768	74.159	0.784489
1	121	74	120.832	74.391	0.425677
1	121	74	120.615	74.0225	0.386102
1	121	74	120.827	74.2087	0.271268
1	121	74	135.665	84.3961	17.9764
1	121	74	103.978	89.0202	22.7017
1	121	74	136.257	84.3143	18.4164
1	121	74	99.3881	80.1866	22.48
1	121	74	121.134	74.1959	0.237551
1	121	74	120.667	74.1773	0.377109
1	121	74	121.204	73.9964	0.204399
1	121	74	136.025	84.0691	18.0873
1	121	74	121.085	73.7535	0.260735
1	121	74	125.893	77.4798	6.00461
1	121	74	121.188	74.219	0.28851
1	121	74	121.056	74.4585	0.461922
1	121	74	121.432	73.9855	0.432348
1	121	74	120.94	74.0296	0.0673332
1	121	74	121.173	74.3432	0.384236
1	121	74	100.279	82.0971	22.247
1	121	74	107.355	95.0272	25.0668
1	121	74	120.923	74.17	0.186656
1	121	74	120.984	74.4472	0.44752
1	121	74	121.126	73.9817	0.127163
1	121	74	121.127	73.9952	0.127485
1	121	74	121.34	74.2971	0.4516
1	121	74	121.158	73.9536	0.164297
1	121	74	100.64	82.212	21.9535
1	121	74	120.727	74.1416	0.307401
1	121	74	123.284	76.3366	3.2672
1	121	74	120.594	77.4716	3.49532
1	121	74	121.214	74.1884	0.285115
1	121	74	121.126	74.4868	0.502721
1	121	74	120.937	74.2026	0.212238
1	121	74	121.362	74.2401	0.434226
1	121	74	103.997	88.6902	22.4701
1	121	74	106.987	95.1055	25.3339
1	121	74	120.964	73.7738	0.22915
1	121	74	99.1769	80.3497	22.7281
1	121	74	121.055	72.217	1.78389
1	121	74	121.153	74.3781	0.407715
1	121	74	121.342	74.0246	0.342842
1	121	74	120.827	74.0974	0.198549
1	121	74	121.159	74.2555	0.300916
1	121	74	120.936	74.3946	0.399833
1	121	74	121.236	74.1636	0.287183
1	121	74	136.321	84.3323	18.4792
1	121	74	106.762	94.74	25.1571
1	121	74	120.91	74.2783	0.292397
1	121	74	121.579	74.0851	0.585088
1	121	74	121.226	74.3449	0.412617
1	121	74	120.965	72.2792	1.72113
1	121	74	107.129	94.49	24.7436
1	121	74	120.916	73.982	0.0862548
1	121	74	121.107	74.4212	0.434542
1	121	74	103.501	87.9433	22.375
1	121	74	136.115	84.1497	18.2066
1	121	74	120.924	73.8499	0.168205
1	121	74	106.869	94.6069	24.9868
1	121	74	121.248	74.3352	0.417208
1	121	74	121.336	74.0361	0.33808
1	121	74	120.715	74.2027	0.349401
1	121	74	120.595	74.2632	0.482837
1	121	74	121.191	74.1717	0.256543
1	121	74	121.175	74.5297	0.557883
1	121	74	99.0625	80.162	22.7865
1	121	74	121.345	74.0762	0.353204
1	121	74	120.753	74.4094	0.478372
1	121	74	121.046	74.0787	0.0912682
1	121	74	136.782	84.425	18.9145
1	121	74	121.007	74.5759	0.575936
1	121	74	120.624	74.1427	0.401972
1	121	74	120.825	74.4163	0.451531
1	121	74	120.982	74.3261	0.326524
1	121	74	121.374	74.0395	0.376368
1	121	74	120.915	74.3851	0.394448
1	121	74	121.251	74.5177	0.575122
1	121	74	120.954	74.291	0.294561
1	121	74	121.285	74.2766	0.396847
1	121	74	136.14	84.1272	18.2144
1	121	74	121.026	74.2496	0.250918
1	121	74	105.211	91.6064	23.6488
1	121	74	121.845	74.4476	0.956131
1	121	74	120.773	74.3954	0.456117
1	121	74	120.846	74.4152	0.442805
1	121	74	121.049	74.0431	0.0651182
1	121	74	136.463	84.4883	18.6848
1	121	74	120.606	74.2038	0.443264
1	121	74	121.41	74.3408	0.533409
1	121	74	121.272	72.1543	1.86566
1	121	74	120.984	74.1485	0.149324
1	121	74	120.895	74.074	0.128524
1	121	74	107.442	95.1252	25.1016
1	121	74	121.036	74.4849	0.486247
1	121	74	120.835	74.1773	0.242413
1	121	74	120.971	74.2477	0.249419
1	121	74	121.093	73.8389	0.186181
1	121	74	121.125	74.149	0.194406
1	121	74	120.992	73.939	0.0615139
1	121	74	121.023	74.0282	0.0362691
1	121	74	120.886	74.3711	0.388279
1	121	74	120.858	74.4153	0.438907
1	121	74	120.872	74.3241	0.34847
1	121	74	121.301	74.2301	0.378732
1	121	74	121.061	72.078	1.92295
1	121	74	121.051	74.1781	0.185133
1	121	74	116.921	71.147	4.97791
1	121	74	121.259	74.1803	0.315824
1	121	74	121.135	73.9415	0.146989
1	121	74	120.889	74.4417	0.455393
1	121	74	121.013	74.4068	0.407042
1	121	74	120.759	74.1799	0.300603
1	121	74	120.996	73.9478	0.0523686
1	121	74	121.166	74.3142	0.355465
1	121	74	120.576	74.2825	0.50915
1	121	74	121.032	74.317	0.318536
1	121	74	111.109	92.7004	21.155
1	121	74	120.84	74.3012	0.341158
1	121	74	110.302	93.6091	22.3375
1	121	74	121.43	74.1213	0.446502
1	121	74	121.138	73.9449	0.14848
1	121	74	105.592	91.5907	23.3844
1	121	74	120.979	74.5999	0.600268
1	121	74	104.878	90.301	22.9265
1	121	74	107.167	94.4274	24.6704
1	121	74	120.78	73.9907	0.220014
1	121	74	120.777	73.9334	0.232811
1	121	74	107.529	94.9457	24.9035
1	121	74	120.728	74.2228	0.351332
1	121	74	135.613	84.309	17.8837
1	121	74	120.813	74.2055	0.277937
1	121	74	114.778	87.0492	14.4568
1	121	74	121.181	74.2474	0.306786
1	121	74	120.527	74.2218	0.5224
1	121	74	99.7249	80.5804	22.2696
1	121	74	99.5251	80.3774	22.4018
1	121	74	121.212	73.9422	0.22012
1	121	74	121.282	74.391	0.482008
1	121	74	106.983	94.4834	24.8204
1	121	74	121.098	74.4374	0.448183
1	121	74	120.959	74.4442	0.446121
1	121	74	121.298	73.9146	0.310357
1	121	74	120.78	74.1899	0.29041
1	121	74	135.842	84.076	17.939
1	121	74	121.223	74.2477	0.333187
1	121	74	120.946	74.1777	0.185805
1	121	74	121.257	74.5418	0.599852
1	121	74	121.008	73.9456	0.0550024
1	121	74	121.007	74.0133	0.0149856
1	121	74	116.588	70.9867	5.3431
1	121	74	121.404	74.1836	0.44383
1	121	74	121.18	74.1446	0.230884
1	121	74	120.885	73.7494	0.275841
1	121	74	120.955	74.2737	0.277422
1	121	74	120.771	74.2056	0.307615
1	121	74	107.339	95.189	25.2109
1	121	74	120.863	74.2316	0.269153
1	121	74	121.182	74.2939	0.345437
1	121	74	120.71	74.2967	0.414856
1	121	74	105.128	90.4198	22.8367
1	121	74	120.966	74.4294	0.430763
1	121	74	121.098	74.4232	0.43452
1	121	74	135.973	84.0771	18.0483
1	121	74	120.983	74.2331	0.233698
1	121	74	121.128	74.1476	0.195523
1	121	74	121.098	74.2968	0.312405
1	121	74	121.091	74.3197	0.332503
1	121	74	136.373	84.264	18.4845
1	121	74	121.038	74.5632	0.564441
1	121	74	121.05	74.1219	0.131676
1	121	74	121.443	74.2894	0.529336
1	121	74	120.726	74.2453	0.367798
1	121	74	121.156	74.0056	0.156384
1	121	74	101.037	83.7824	22.2309
1	121	74	121.22	74.398	0.454927
1	121	74	135.54	84.2188	17.7719
1	121	74	120.736	74.1391	0.29844
1	121	74	121.081	74.1273	0.150769
1	121	74	121.043	74.4722	0.474188
1	121	74	135.933	84.2868	18.1334
1	121	74	136.057	84.1889	18.1804
1	121	74	121.036	72.3158	1.68456
1	121	74	126.003	77.3523	6.02244
1	121	74	121.158	74.4491	0.475924
1	121	74	135.84	84.2068	18.0113
1	121	74	121.304	73.9155	0.315072
1	121	74	120.962	74.2423	0.245218
1	121	74	120.836	74.0144	0.16466
1	121	74	104.482	89.3563	22.5537
1	121	74	120.936	74.1989	0.209111
1	121	74	121.372	74.2766	0.463316
1	121	74	120.724	74.3241	0.425474
1	121	74	121.163	74.5162	0.541393
1	121	74	121.107	74.2882	0.307533
1	121	74	99.3713	80.4241	22.5626
1	121	74	100.392	81.9504	22.0881
1	121	74	121.145	74.3242	0.355342
1	121	74	120.824	74.1883	0.257954
1	121	74	120.995	74.483	0.48299
1	121	74	121.185	74.3044	0.356026
1	121	74	121.292	72.1529	1.86997
1	121	74	120.711	74.3998	0.493439
1	121	74	121.178	74.3188	0.364988
1	121	74	120.806	74.0846	0.211933
1	121	74	122.045	74.376	1.11088
1	121	74	121.623	74.4434	0.764746
1	121	74	107.205	94.371	24.6024
1	121	74	120.807	73.9302	0.205536
1	121	74	120.655	74.0737	0.352426
1	121	74	121.185	73.913	0.204412
1	121	74	120.961	74.5273	0.528678
1	121	74	121.042	74.2556	0.259014
1	121	74	121.081	74.3552	0.36436
1	121	74	107.327	95.1799	25.21
1	121	74	120.736	74.3866	0.468117
1	121	74	121.017	73.8472	0.153675
1	121	74	121.06	73.7423	0.264599
1	121	74	106.891	94.9043	25.2202
1	121	74	136.374	84.5615	18.6526
1	121	74	121.491	74.029	0.491817
1	121	74	121.338	74.4511	0.563824
1	121	74	136.476	84.4029	18.6477
1	121	74	121.088	74.3219	0.333788
1	121	74	121.091	74.1139	0.145588
1	121	74	120.942	74.1424	0.15383
1	121	74	136.399	84.6111	18.7006
1	121	74	121.104	74.2701	0.289323
1	121	74	136.015	84.1805	18.141
1	121	74	121.176	74.2578	0.311915
1	121	74	105.112	91.3437	23.521
1	121	74	120.538	74.3342	0.569952
1	121	74	121.22	74.2337	0.321074
1	121	74	120.63	74.354	0.512338
1	121	74	120.393	73.9312	0.610836
1	121	74	121.167	74.5052	0.532197
1	121	74	121.234	74.3915	0.456224
1	121	74	110.788	93.4775	21.9921
1	121	74	135.797	83.9755	17.8453
1	121	74	120.951	72.0087	1.99194
1	121	74	120.867	74.2091	0.247843
1	121	74	107.215	94.612	24.7969
1	121	74	103.726	87.8994	22.172
1	121	74	121.24	74.071	0.250498
1	121	74	121.179	74.5365	0.565506
1	121	74	121.076	72.0405	1.96098
1	121	74	121.019	73.9005	0.101285
1	121	74	107.152	95.1041	25.2417
1	121	74	101.269	83.3271	21.8248
1	121	74	120.657	74.2847	0.445533
1	121	74	121.082	74.5796	0.585404
1	121	74	121.111	74.4099	0.424585
1	121	74	121.403	74.2753	0.487793
1	121	74	121.373	73.9728	0.374059
1	121	74	99.4017	80.24	22.4816
1	121	74	120.755	73.9579	0.248558
1	121	74	136.034	84.2984	18.2231
1	121	74	121.438	74.0985	0.448471
1	121	74	121.228	73.9799	0.229282
1	121	74	120.736	74.0245	0.264846
1	121	74	120.304	74.0128	0.695714
1	121	74	120.797	73.8449	0.25574
1	121	74	120.6	74.1999	0.447466
1	121	74	120.515	73.7437	0.548847
1	121	74	121.127	74.0833	0.151958
1	121	74	120.935	74.1992	0.209644
1	121	74	121.064	73.8827	0.133668
1	121	74	121.133	74.5265	0.543136
1	121	74	121.083	74.3985	0.407092
1	121	74	135.629	84.2523	17.8639
1	121	74	120.739	74.1316	0.292244
1	121	74	136.132	84.1865	18.2411
1	121	74	121.111	74.2101	0.237543
1	121	74	135.739	84.2784	17.9692
1	121	74	121.167	74.0336	0.170238
1	121	74	136.801	84.3251	18.8752
1	121	74	121.165	73.8755	0.206743
1	121	74	121.071	74.4898	0.494828
1	121	74	121.358	74.0819	0.367466
1	121	74	120.892	74.3015	0.320087
1	121	74	121.061	74.1719	0.182402
1	121	74	121.744	75.0565	1.29211
1	121	74	120.899	74.0155	0.102144
1	121	74	121.335	74.2975	0.44831
1	121	74	120.83	74.4256	0.458453
1	121	74	120.907	74.4694	0.478542
1	121	74	107.314	94.544	24.6851
1	121	74	121.43	73.9538	0.432357
1	121	74	106.777	94.3925	24.8625
1	121	74	120.769	74.2416	0.334125
1	121	74	136.303	84.2421	18.4143
1	121	74	121.961	74.4105	1.04487
1	121	74	135.496	83.9543	17.5849
1	121	74	121.056	74.129	0.140437
1	121	74	120.975	74.0653	0.0699785
1	121	74	120.808	74.0387	0.195667
1	121	74	120.906	74.5371	0.545318
1	121	74	121.6	74.1699	0.623349
1	121	74	135.892	84.3122	18.1137
1	121	74	121.115	74.0273	0.118216
1	121	74	107.171	94.4382	24.6769
1	121	74	125.274	77.1402	5.30399
1	121	74	136.316	84.1814	18.3916
1	121	74	121.03	74.4839	0.484803
1	121	74	121.113	74.0922	0.145723
1	121	74	121.133	74.0431	0.140018
1	121	74	121.29	74.1238	0.315589
1	121	74	120.893	74.5778	0.587619
1	121	74	120.922	74.3107	0.320415
1	121	74	106.817	94.65	25.0515
1	121	74	120.722	74.0154	0.278365
1	121	74	106.926	94.3034	24.7045
1	121	74	121.409	74.3721	0.553035
1	121	74	121.128	74.3677	0.389343
1	121	74	120.816	74.4709	0.505586
1	121	74	136.411	84.2031	18.4822
1	121	74	120.991	74.2692	0.269358
1	121	74	121.035	74.0331	0.0484191
1	121	74	121.411	74.2582	0.485247
1	121	74	121.197	73.8939	0.223653
1	121	74	135.719	84.4029	18.0241
1	121	74	121.473	74.0965	0.483138
1	121	74	136.438	84.4062	18.6177
1	121	74	125.741	77.0902	5.65931
1	121	74	121.233	74.3033	0.382247
1	121	74	120.976	74.1497	0.151663
1	121	74	120.949	74.334	0.337852
1	121	74	121.038	74.3357	0.337803
1	121	74	121.052	73.7981	0.208405
1	121	74	121.059	74.5951	0.597998
1	121	74	121.196	74.2422	0.311831
1	121	74	121.001	74.3724	0.372388
1	121	74	120.944	74.2325	0.239131
1	121	74	120.998	74.0181	0.0181908
1	121	74	121.237	74.0176	0.237866
1	121	74	120.791	74.3152	0.377961
1	121	74	121.326	74.4005	0.516247
1	121	74	121.053	74.4637	0.466623
1	121	74	121.347	73.9429	0.351796
1	121	74	121.299	74.0668	0.306509
1	121	74	120.725	74.4095	0.49307
1	121	74	135.724	84.0875	17.8477
1	121	74	120.863	74.3796	0.403733
1	121	74	136.174	84.478	18.4404
1	121	74	122.497	74.6272	1.62286
1	121	74	121.268	74.1536	0.308581
1	121	74	107.088	94.6511	24.8998
1	121	74	121.4	74.0276	0.400497
1	121	74	120.944	73.9803	0.0595376
1	121	74	120.94	74.2156	0.223926
1	121	74	120.844	74.1719	0.232204
1	121	74	107.113	95.1621	25.3115
1	121	74	107.166	94.8396	25.0136
1	121	74	121.077	74.1169	0.140154
1	121	74	121.142	74.0951	0.170748
1	121	74	121.003	74.261	0.261053
1	121	74	136.262	84.267	18.3941
1	121	74	136.295	84.1611	18.3624
1	121	74	121.416	74.2569	0.488991
1	121	74	120.676	74.2273	0.39558
1	121	74	121.012	73.9195	0.0812926
1	121	74	120.903	73.9447	0.111406
1	121	74	121.199	74.081	0.214901
1	121	74	120.901	73.7697	0.250613
1	121	74	107.229	94.8083	24.9527
1	121	74	120.988	74.3497	0.349883
1	121	74	121.183	74.3741	0.416622
1	121	74	121.129	74.3933	0.413865
1	121	74	136.047	84.3273	18.25
1	121	74	121.295	74.2444	0.383307
1	121	74	120.847	73.9492	0.161182
1	121	74	121.165	74.1983	0.25814
1	121	74	120.706	74.1201	0.317199
1	121	74	101.008	83.6193	22.1862
1	121	74	120.8	76.196	2.20511
1	121	74	108.49	97.1792	26.3395
1	121	74	121.408	74.1569	0.437582
1	121	74	121.233	74.1921	0.302003
1	121	74	121.027	73.9952	0.0275594
1	121	74	121.233	74.3186	0.394861
1	121	74	118.856	73.1718	2.2983
1	121	74	121.297	74.2461	0.385529
1	121	74	120.947	74.2641	0.269399
1	121	74	121.333	74.1422	0.361849
1	121	74	121.239	74.4175	0.480952
1	121	74	121.56	74.1563	0.581304
1	121	74	121.137	73.9687	0.1409
1	121	74	121.185	74.0188	0.185735
1	121	74	121.075	74.314	0.322708
1	121	74	120.993	74.2605	0.260555
1	121	74	120.243	74.1053	0.764517
1	121	74	120.87	74.2553	0.286463
1	121	74	136.309	84.5426	18.5878
1	121	74	107.262	94.6147	24.7731
1	121	74	120.991	74.4761	0.476146
1	121	74	121.201	74.1129	0.230466
1	121	74	120.744	74.1894	0.318479
1	121	74	106.989	94.8878	25.1514
1	121	74	120.984	74.5146	0.514897
1	121	74	121.456	74.0107	0.456058
1	121	74	101.19	83.8626	22.1291
1	121	74	121.019	74.4042	0.404666
1	121	74	121.103	74.1608	0.191222
1	121	74	120.886	74.0012	0.113628
1	121	74	121.236	74.2327	0.331216
1	121	74	120.969	73.8505	0.152805
1	121	74	121.262	74.469	0.537147
1	121	74	135.202	84.0452	17.3954
1	121	74	120.99	74.4111	0.411236
1	121	74	121.024	74.5135	0.514028
1	121	74	121.293	73.9296	0.301337
1	121	74	121.042	74.0261	0.049053
1	121	74	107.452	95.0809	25.0589
1	121	74	120.833	74.3063	0.348918
1	121	74	121.042	74.2524	0.255956
1	121	74	121.221	74.4042	0.460687
1	121	74	125.483	77.2297	5.52523
1	121	74	121.068	74.4976	0.502266
1	121	74	121.425	74.3167	0.530296
1	121	74	121.309	74.1282	0.334368
1	121	74	120.878	73.9773	0.124395
1	121	74	120.873	74.0778	0.149028
1	121	74	121.049	73.915	0.0979835
1	121	74	120.864	74.3651	0.389743
1	121	74	120.8	74.2623	0.32973
1	121	74	121.207	74.0684	0.218453
1	121	74	121.256	74.5303	0.588715
1	121	74	120.931	74.3519	0.358658
1	121	74	120.749	74.1176	0.276878
1	121	74	121.25	74.2782	0.374149
1	121	74	101.259	83.7577	22.0211
1	121	74	120.787	74.1145	0.241861
1	121	74	121.059	74.0227	0.0628601
1	121	74	121.068	74.426	0.431395
1	121	74	120.872	73.9691	0.131336
1	121	74	120.95	74.1476	0.155723
1	121	74	120.984	74.0749	0.0766612
1	121	74	107.127	94.3071	24.5936
1	121	74	121.452	74.1107	0.465588
1	121	74	118.762	79.0472	5.52098
1	121	74	120.96	74.1535	0.158605
1	121	74	121.065	74.5688	0.572479
1	121	74	121.051	73.8856	0.125091
1	121	74	122.07	76.6063	2.81733
1	121	74	121.14	74.261	0.296132
1	121	74	120.913	74.5948	0.601135
1	121	74	136.228	84.3464	18.41
1	121	74	121.026	74.319	0.320039
1	121	74	120.984	74.3341	0.334517
1	121	74	120.648	73.9883	0.352478
1	121	74	99.4583	79.9875	22.3584
1	121	74	105.535	91.6641	23.4772
1	121	74	99.1827	80.0872	22.6505
1	121	74	121.2	74.1081	0.226943
1	121	74	120.805	74.1174	0.227709
1	121	74	101.104	83.5231	22.0579
1	121	74	120.999	74.1971	0.197107
1	121	74	121.104	74.2936	0.311675
1	121	74	121.183	74.1719	0.251437
1	121	74	121.09	74.4535	0.462442
1	121	74	120.968	74.2015	0.204028
1	121	74	120.88	74.2103	0.24236
1	121	74	135.929	84.003	17.9706
1	121	74	121.118	74.1529	0.192825
1	121	74	121.343	73.9925	0.343151
1	121	74	121.304	74.2051	0.366662
1	121	74	121.067	73.907	0.114796
1	121	74	121.309	74.3967	0.502564
1	121	74	136.139	84.4194	18.3782
1	121	74	120.848	74.3096	0.344903
1	121	74	121.252	74.3512	0.432131
1	121	74	120.802	74.1872	0.27251
1	121	74	120.924	74.399	0.406277
1	121	74	120.97	74.0688	0.0750936
1	121	74	121.207	74.2988	0.36325
1	121	74	120.982	74.0606	0.0632602
1	121	74	100.274	82.1678	22.2778
1	121	74	120.635	73.9173	0.373775
1	121	74	121.08	73.7464	0.265876
1	121	74	120.997	74.2154	0.215393
1	121	74	125.635	77.7525	5.964
1	121	74	120.838	73.9699	0.164376
1	121	74	120.247	74.0909	0.758153
1	121	74	120.898	73.8593	0.173606
1	121	74	102.987	86.8544	22.1293
1	121	74	120.801	74.3282	0.383952
1	121	74	99.4232	80.3937	22.5042
1	121	74	121.194	74.1607	0.25196
1	121	74	121.009	73.9288	0.0716923
1	121	74	120.944	74.3581	0.362399
1	121	74	120.786	74.2253	0.311088
1	121	74	121.818	74.3875	0.905334
1	121	74	120.965	74.149	0.152987
1	121	74	120.696	74.1755	0.351428
1	121	74	106.923	94.8209	25.1329
1	121	74	120.821	74.3469	0.390429
1	121	74	121.218	74.1949	0.292455
1	121	74	121.163	74.4544	0.482779
1	121	74	121.018	74.2149	0.215691
1	121	74	136.409	84.1782	18.4671
1	121	74	121.915	74.4415	1.01587
1	121	74	107.072	95.1174	25.2968
1	121	74	121.198	74.0927	0.218264
1	121	74	105.657	91.9065	23.5807
1	121	74	121.097	74.0576	0.112385
1	121	74	121.323	74.0107	0.32294
1	121	74	111.067	93.3546	21.7549
1	121	74	120.945	73.8431	0.166259
1	121	74	104.387	89.6321	22.8116
1	121	74	135.702	84.0272	17.796
1	121	74	120.688	74.3268	0.451557
1	121	74	121.119	74.5117	0.525255
1	121	74	121.003	74.0507	0.0507333
1	121	74	121.207	73.8894	0.234368
1	121	74	120.878	74.3519	0.37241
1	121	74	135.995	84.4833	18.2958
1	121	74	121.174	74.0986	0.200174
1	121	74	120.96	73.9369	0.0745349
1	121	74	121.381	74.2207	0.440024
1	121	74	120.979	74.052	0.0559975
1	121	74	121.003	77.0121	3.01213
1	121	74	99.1933	80.12	22.6492
1	121	74	106.873	94.5084	24.9033
1	121	74	121.154	73.9901	0.15395
1	121	74	120.751	71.8866	2.12806
1	121	74	121.333	74.1017	0.347816
1	121	74	121.069	74.1137	0.133075
1	121	74	120.828	74.2102	0.271767
1	121	74	120.944	74.5065	0.509563
1	121	74	135.384	83.1144	17.0287
1	121	74	136.489	84.3151	18.6096
1	121	74	120.958	73.9959	0.0424687
1	121	74	107.182	94.8204	24.9884
1	121	74	121.091	73.999	0.0913417
1	121	74	120.951	73.963	0.0615738
1	121	74	120.91	74.0583	0.10723
1	121	74	120.858	74.0944	0.170439
1	121	74	106.87	94.5895	24.9716
1	121	74	121.013	73.9494	0.0523544
1	121	74	121.029	74.2285	0.230386
1	121	74	121.093	74.5586	0.566318
1	121	74	135.958	84.1705	18.0885
1	121	74	121.238	73.9091	0.254405
1	121	74	121.276	74.2299	0.359107
1	121	74	121.002	74.308	0.308043
1	121	74	120.984	74.293	0.293446
1	121	74	107.377	94.7972	24.8618
1	121	74	120.916	74.2579	0.271142
1	121	74	120.928	74.2086	0.220726
1	121	74	135.484	84.2656	17.7528
1	121	74	121.063	73.9245	0.098647
1	121	74	121.251	74.3134	0.401803
1	121	74	107.139	94.2199	24.515
1	121	74	121.218	74.5904	0.629441
1	121	74	135.644	84.0588	17.7663
1	121	74	122.538	74.6806	1.68177
1	121	74	121.845	74.2967	0.895941
1	121	74	120.97	74.2043	0.206459
1	121	74	125.726	77.5997	5.9405
1	121	74	120.998	73.8323	0.167754
1	121	74	120.926	73.9992	0.0736271
1	121	74	121.144	74.7185	0.732884
1	121	74	121.157	74.3746	0.405948
1	121	74	121.035	74.1528	0.156717
1	121	74	121.358	74.4312	0.560605
1	121	74	121.497	74.1993	0.535455
1	121	74	135.689	84.1864	17.8755
1	121	74	136.907	84.2788	18.9389
1	121	74	121.304	74.1549	0.341225
1	121	74	121.438	74.2706	0.515105
1	121	74	121.044	73.9531	0.0646294
1	121	74	126.251	77.4567	6.28665
1	121	74	121.31	74.1643	0.351127
1	121	74	121.119	73.969	0.123347
1	121	74	121.089	74.107	0.139221
1	121	74	121.049	74.5691	0.571198
1	121	74	120.962	74.3836	0.385474
1	121	74	121.241	74.2497	0.346692
1	121	74	121.164	74.2224	0.276383
1	121	74	120.987	74.4512	0.45134
1	121	74	136.749	84.2557	18.7942
1	121	74	121.366	74.2012	0.41773
1	121	74	106.959	94.856	25.1422
1	121	74	120.821	74.5081	0.538648
1	121	74	118.421	79.2805	5.87679
1	121	74	121.206	72.0477	1.96319
1	121	74	105.31	91.3752	23.4111
1	121	74	120.679	74.1414	0.350545
1	121	74	121.053	73.829	0.179057
1	121	74	121.35	74.3714	0.510053
1	121	74	121.191	74.2849	0.343252
1	121	74	106.863	94.6084	24.9914
1	121	74	120.782	74.4839	0.530818
1	121	74	121.418	74.0188	0.418445
1	121	74	121.396	73.9899	0.396301
1	121	74	121.202	74.0291	0.203642
1	121	74	136.437	84.3276	18.5731
1	121	74	136.26	84.1202	18.311
1	121	74	121.131	74.0731	0.149898
1	121	74	120.991	74.4622	0.462323
1	121	74	120.999	74.4212	0.421199
1	121	74	121.316	74.3258	0.454087
1	121	74	120.99	74.093	0.0935203
1	121	74	120.862	74.382	0.40611
1	121	74	120.895	74.6082	0.617325
1	121	74	121.169	74.0297	0.171527
1	121	74	120.982	74.0411	0.0447966
1	121	74	99.1082	80.0915	22.7234
1	121	74	121.256	73.989	0.256119
1	121	74	121.51	74.2406	0.563635
1	121	74	121.047	73.8483	0.158683
1	121	74	106.951	95.1328	25.3766
1	121	74	121.535	74.1021	0.544571
1	121	74	136.158	84.6578	18.5302
1	121	74	120.857	74.1977	0.243911
1	121	74	121.145	73.9103	0.170631
1	121	74	121.202	73.8433	0.255568
1	121	74	120.87	74.3912	0.412139
1	121	74	121.021	74.1222	0.123926
1	121	74	120.751	74.2574	0.357823
1	121	74	136.325	84.6424	18.6575
1	121	74	121.111	74.2578	0.280799
1	121	74	121.44	74.3475	0.560768
1	121	74	120.846	74.0358	0.157622
1	121	74	118.903	78.7498	5.19207
1	121	74	120.76	74.3171	0.397658
1	121	74	120.635	74.1378	0.390169
1	121	74	106.961	95.0456	25.2987
1	121	74	120.932	74.4663	0.47121
1	121	74	120.049	73.8653	0.960744
1	121	74	120.918	74.1524	0.172911
1	121	74	120.986	74.1437	0.144391
1	121	74	121.174	74.2353	0.292808
1	121	74	121.383	74.4671	0.603799
1	121	74	120.855	74.2845	0.319512
1	121	74	104.964	90.6524	23.118
1	121	74	120.744	74.0473	0.260381
1	121	74	121.11	74.1386	0.176837
1	121	74	120.836	74.4738	0.50149
1	121	74	120.938	73.639	0.36632
1	121	74	121.117	74.0655	0.134256
1	121	74	120.804	74.2643	0.328807
1	121	74	121.145	74.4556	0.478154
1	121	74	120.798	74.5179	0.555765
1	121	74	120.946	74.1772	0.185339
1	121	74	120.987	74.6053	0.605465
1	121	74	121.022	74.2399	0.240913
1	121	74	121.114	74.1382	0.179471
1	121	74	120.952	74.1688	0.175404
1	121	74	120.782	74.3922	0.448639
1	121	74	136.249	84.5641	18.5505
1	121	74	121.146	74.43	0.454083
1	121	74	120.696	74.474	0.563309
1	121	74	103.55	87.9766	22.3571
1	121	74	121.058	74.6235	0.626197
1	121	74	121.126	74.0621	0.140574
1	121	74	120.823	74.385	0.423684
1	121	74	121.109	74.2115	0.237935
1	121	74	121.151	74.2324	0.277202
1	121	74	120.978	74.0719	0.0753029
1	121	74	120.755	74.2185	0.328528
1	121	74	121.22	74.2007	0.297614
1	121	74	107.172	94.9313	25.0865
1	121	74	104.943	90.3312	22.903
1	121	74	120.928	73.8933	0.128878
1	121	74	121.268	73.9163	0.281119
1	121	74	121.31	74.105	0.327123
1	121	74	121.188	74.5461	0.577467
1	121	74	120.887	74.3215	0.340849
1	121	74	121.205	74.1985	0.285657
1	121	74	121.408	74.0117	0.408208
1	121	74	121.291	73.9857	0.290916
1	121	74	121.099	74.109	0.147574
1	121	74	121.077	74.1622	0.17975
1	121	74	121.007	74.0628	0.0631907
1	121	74	120.711	74.0394	0.291625
1	121	74	121.196	74.037	0.199935
1	121	74	121.351	74.4789	0.593918
1	121	74	121.306	74.1854	0.357894
1	121	74	121.109	74.182	0.212181
1	121	74	120.716	74.3495	0.450158
1	121	74	120.713	76.5471	2.56327
1	121	74	120.949	74.174	0.181241
1	121	74	107.269	94.7955	24.9199
1	121	74	120.976	73.9991	0.0238906
1	121	74	120.912	73.9652	0.0943556
1	121	74	135.639	83.9073	17.6764
1	121	74	120.825	73.9224	0.191062
1	121	74	120.879	73.7155	0.309023
1	121	74	120.899	74.4598	0.470712
1	121	74	120.972	74.2378	0.239407
1	121	74	121.231	74.484	0.536167
1	121	74	120.916	73.9823	0.0862255
1	121	74	120.775	74.2197	0.314254
1	121	74	120.921	74.0064	0.0794768
1	121	74	121.052	73.8446	0.163794
1	121	74	136.525	84.5114	18.7486
1	121	74	121.049	74.3135	0.317331
1	121	74	120.812	74.1909	0.267747
1	121	74	120.837	73.9468	0.171622
1	121	74	121.058	71.9948	2.00603
1	121	74	120.947	74.404	0.40736
1	121	74	123.476	76.2888	3.37184
1	121	74	121.119	74.3186	0.340096
1	121	74	136.435	84.2149	18.509
1	121	74	121.085	74.0985	0.129921
1	121	74	107.436	94.6421	24.6997
1	121	74	121.051	74.0365	0.0630298
1	121	74	121.12	74.0412	0.126876
1	121	74	135.993	84.2782	18.1774
1	121	74	117.819	81.1543	7.82971
1	121	74	120.785	74.2848	0.356619
1	121	74	107.11	94.8335	25.0392
1	121	74	120.837	74.3614	0.396398
1	121	74	107.11	95.2231	25.3644
1	121	74	121.107	74.5474	0.557807
1	121	74	120.831	73.9823	0.169674
1	121	74	120.328	74.1213	0.682477
1	121	74	121.156	74.4797	0.504417
1	121	74	120.87	73.9732	0.133174
1	121	74	120.993	74.2621	0.262169
1	121	74	136.165	84.6313	18.5201
1	121	74	120.781	74.4687	0.517341
1	121	74	121.185	74.1327	0.227428
1	121	74	121.404	74.3147	0.512221
1	121	74	121.048	74.2154	0.220701
1	121	74	121.115	73.8765	0.168712
1	121	74	118.232	79.0167	5.72988
1	121	74	135.978	84.1957	18.1187
1	121	74	120.953	74.4807	0.482978
1	121	74	121.007	73.8009	0.19921
1	121	74	121.092	74.1723	0.195165
1	121	74	120.967	74.1103	0.115113
1	121	74	120.996	74.1534	0.153405
1	121	74	121.331	74.2193	0.39669
1	121	74	120.864	73.9634	0.140945
1	121	74	136.023	84.2993	18.2143
1	121	74	136.269	84.5262	18.5459
1	121	74	121.204	74.5141	0.553137
1	121	74	121.082	74.0854	0.118655
1	121	74	99.2886	80.1074	22.5541
1	121	74	121.903	74.8994	1.27468
1	121	74	121.278	73.9286	0.286889
1	121	74	121.24	73.961	0.243224
1	121	74	121.395	74.1201	0.413063
1	121	74	107.448	94.9782	24.9746
1	121	74	105.014	90.925	23.281
1	121	74	121.313	74.2308	0.38876
1	121	74	121.133	74.1467	0.197843
1	121	74	106.841	94.3796	24.8153
1	121	74	121.122	74.0607	0.136224
1	121	74	108.692	97.0953	26.1701
1	121	74	121.142	74.2682	0.303571
1	121	74	121.277	74.2748	0.389906
1	121	74	121.182	74.1294	0.223465
1	121	74	120.621	73.8432	0.410498
1	121	74	120.908	73.921	0.121499
1	121	74	107.277	94.8987	25.0016
1	121	74	107.174	94.4576	24.6915
1	121	74	121.089	74.1451	0.1705
1	121	74	121.093	74.5898	0.597123
1	121	74	120.87	74.101	0.164888
1	121	74	121.133	73.9131	0.159226
1	121	74	121.088	74.1341	0.160246
1	121	74	121.019	74.3472	0.347755
1	121	74	121.096	74.3735	0.385683
1	121	74	121.091	73.8723	0.157068
1	121	74	121.264	74.2266	0.348232
1	121	74	99.1573	80.2872	22.7296
1	121	74	121.097	74.1946	0.217359
1	121	74	136.018	84.0584	18.0748
1	121	74	120.989	74.3696	0.369796
1	121	74	120.99	73.8343	0.166013
1	121	74	120.651	74.4645	0.580862
1	121	74	121.999	74.3857	1.07074
1	121	74	120.882	74.1002	0.154426
1	121	74	136.397	84.3638	18.5597
1	121	74	121.22	74.2558	0.337515
1	121	74	135.82	84.1435	17.9591
1	121	74	136.066	84.2921	18.2457
1	121	74	120.779	73.8471	0.269149
1	121	74	121.019	73.9556	0.0481553
1	121	74	121.044	74.6271	0.628578
1	121	74	121.074	72.0929	1.90852
1	121	74	104.573	90.4921	23.2776
1	121	74	121.434	74.0268	0.434347
1	121	74	136.026	84.1926	18.1569
1	121	74	121.063	74.1169	0.132786
1	121	74	107.032	94.8834	25.1239
1	121	74	124.481	76.9874	4.58691
1	121	74	121.186	74.3512	0.397414
1	121	74	120.853	74.2522	0.29197
1	121	74	121.832	74.5868	1.0182
1	121	74	121.344	74.2479	0.424409
1	121	74	121.021	74.067	0.0701892
1	121	74	119.786	73.9223	1.21654
1	121	74	99.2307	80.5739	22.7402
1	121	74	121.458	74.153	0.482963
1	121	74	136.517	84.4568	18.7119
1	121	74	120.825	72.0877	1.92027
1	121	74	121.253	74.2011	0.32304
1	121	74	122.006	76.0641	2.29611
1	121	74	120.788	74.5013	0.544155
1	121	74	121.26	74.0434	0.264036
1	121	74	121.079	74.2591	0.27075
1	121	74	121.027	74.6132	0.613825
1	121	74	120.927	73.8799	0.140386
1	121	74	121.932	74.6429	1.13198
1	121	74	121.113	74.4867	0.499587
1	121	74	135.794	84.171	17.953
1	121	74	121.02	74.4107	0.411195
1	121	74	135.95	84.6017	18.3279
1	121	74	121.266	73.8692	0.29614
1	121	74	121.121	74.2195	0.250506
1	121	74	121.045	74.319	0.322124
1	121	74	135.494	84.193	17.7189
1	121	74	121.175	74.2781	0.328586
1	121	74	121.417	74.2555	0.488845
1	121	74	121.066	73.9564	0.0788078
1	121	74	121.165	74.1368	0.214696
1	121	74	120.78	72.7383	1.28076
1	121	74	121.146	74.0258	0.148088
1	121	74	121.067	74.2897	0.297284
1	121	74	99.5671	80.0996	22.2839
1	121	74	120.698	74.202	0.363386
1	121	74	121.261	74.184	0.31902
1	121	74	135.766	84.2501	17.9752
1	121	74	135.594	84.2079	17.8099
1	121	74	120.935	73.8914	0.126682
1	121	74	121.24	74.0925	0.257141
1	121	74	121.29	73.9268	0.299447
1	121	74	120.821	74.1481	0.232429
1	121	74	121.049	74.3276	0.331178
1	121	74	105.311	91.6086	23.5839
1	121	74	121.374	74.4185	0.561253
1	121	74	104.877	90.3744	22.9801
1	121	74	121.004	73.9792	0.0212785
1	121	74	120.652	74.306	0.463466
1	121	74	121.03	74.2321	0.234003
1	121	74	120.881	73.8503	0.191362
1	121	74	121.071	74.011	0.0720561
1	121	74	121.258	74.4457	0.5148
1	121	74	107.163	95.0749	25.2115
1	121	74	121.179	74.0662	0.190544
1	121	74	121.21	74.1203	0.242213
1	121	74	136.29	84.067	18.3067
1	121	74	121.08	74.0286	0.0847846
1	121	74	136.223	84.5108	18.4988
1	121	74	135.877	84.2669	18.0755
1	121	74	121.355	72.4872	1.55398
1	121	74	120.761	74.0994	0.258508
1	121	74	107.027	94.3666	24.6991
1	121	74	121.205	74.4312	0.477495
1	121	74	136.63	84.5174	18.8395
1	121	74	135.94	84.0728	18.0185
1	121	74	120.299	74.0803	0.70599
1	121	74	121.03	74.3647	0.365889
1	121	74	121.008	74.1611	0.161368
1	121	74	99.5646	80.1848	22.3098
1	121	74	121.084	73.9702	0.0888108
1	121	74	122.673	75.0808	1.9916
1	121	74	118.196	79.1872	5.8965
1	121	74	136.187	84.1935	18.2904
1	121	74	99.6018	80.2044	22.2795
1	121	74	120.767	74.5284	0.577577
1	121	74	121.178	74.2474	0.304585
1	121	74	107.079	95.212	25.372
1	121	74	121.418	74.18	0.454654
1	121	74	121.292	73.9955	0.29199
1	121	74	121.028	74.2616	0.26305
1	121	74	102.583	86.1611	22.0697
1	121	74	121.312	74.2587	0.405016
1	121	74	120.688	74.2259	0.385242
1	121	74	121.103	74.402	0.415085
1	121	74	120.755	74.3906	0.460939
1	121	74	121.073	74.3646	0.371861
1	121	74	136.163	83.957	18.1396
1	121	74	120.992	74.1798	0.179968
1	121	74	121.15	74.3059	0.340499
1	121	74	121.12	74.0415	0.127115
1	121	74	120.894	74.4591	0.47123
1	121	74	121	73.8511	0.148897
1	121	74	121.032	74.2868	0.288597
1	121	74	120.652	74.4695	0.584451
1	121	74	107.303	94.3629	24.5407
1	121	74	121.218	74.2837	0.357889
1	121	74	136.256	84.4827	18.5102
1	121	74	121.573	72.6948	1.42566
1	121	74	121.033	74.2616	0.263706
1	121	74	120.919	73.7213	0.29031
1	121	74	120.847	74.3061	0.342401
1	121	74	135.953	84.1652	18.0809
