1	121	74	114.614	73.4813	6.40751
1	121	74	133.061	81.6522	14.2841
1	121	74	121.678	75.4345	1.58657
1	121	74	123.127	72.2954	2.72554
1	121	74	111.239	96.0782	24.1396
1	121	74	118.839	75.4931	2.62654
1	121	74	71.5376	10.6501	80.3725
1	121	74	132.949	60.9561	17.6893
1	121	74	132.363	70.6001	11.861
1	121	74	136.816	80.1336	16.9637
1	121	74	100.843	51.3771	30.3
1	121	74	128.078	93.0284	20.3021
1	121	74	138.321	76.1864	17.4589
1	121	74	122.537	78.269	4.53715
1	121	74	93.5015	97.4368	36.131
1	121	74	133.519	71.6448	12.7386
1	121	74	126.452	87.0992	14.1884
1	121	74	142.175	75.1208	21.2046
1	121	74	122.407	88.4923	14.5604
1	121	74	86.0289	66.0706	35.8588
1	121	74	126.779	75.6248	6.00336
1	121	74	141.329	78.6946	20.8639
1	121	74	126.644	82.5167	10.2173
1	121	74	125.613	65.5711	9.60849
1	121	74	125.199	75.2266	4.37466
1	121	74	117.861	85.2106	11.6417
1	121	74	139.034	88.2654	22.9937
1	121	74	118.879	74.4743	2.17296
1	121	74	124.37	75.6143	3.7368
1	121	74	120.427	78.4552	4.49187
1	121	74	136.882	78.357	16.4685
1	121	74	120.727	76.2975	2.31371
1	121	74	130.84	75.5448	9.96087
1	121	74	112.391	45.5453	29.7284
1	121	74	128.526	79.123	9.10379
1	121	74	140.03	75.1401	19.0639
1	121	74	95.3748	97.4372	34.7268
1	121	74	50.0711	97.378	74.6822
1	121	74	116.938	80.2599	7.46218
1	121	74	139.414	54.7224	26.6589
1	121	74	142.069	83.9052	23.2814
1	121	74	116.738	45.4226	28.8934
1	121	74	124.151	76.9734	4.33221
1	121	74	120.56	72.4451	1.61592
1	121	74	122.671	79.5379	5.78454
1	121	74	120.814	70.0409	3.96346
1	121	74	128.057	78.2208	8.22321
1	121	74	118.805	76.5591	3.37175
1	121	74	108.246	48.0509	28.9141
1	121	74	139.169	57.7262	24.3913
1	121	74	136.999	74.8737	16.0227
1	121	74	114.881	76.0107	6.44046
1	121	74	125.756	83.43	10.5613
1	121	74	132.256	72.0227	11.4285
1	121	74	138.752	76.2754	17.8977
1	121	74	130.085	76.9555	9.55328
1	121	74	118.576	45.6753	28.4282
1	121	74	102.156	93.7416	27.2917
1	121	74	124.528	69.7212	5.54554
1	121	74	128.765	78.3371	8.89413
1	121	74	106.86	77.8359	14.6508
1	121	74	121.281	75.7329	1.75562
1	121	74	128.241	80.512	9.73854
1	121	74	127.187	88.6878	15.9376
1	121	74	123.569	70.5755	4.28115
1	121	74	120.822	74.7145	0.736446
1	121	74	115.664	67.8938	8.10938
1	121	74	70.6141	10.9874	80.6804
1	121	74	131.606	74.4544	10.6162
1	121	74	117.354	76.7777	4.58384
1	121	74	134.56	81.0621	15.2888
1	121	74	129.168	71.987	8.41251
1	121	74	112.348	58.9814	17.3325
1	121	74	84.5277	60.0756	39.0399
1	121	74	123.318	70.4178	4.26686
1	121	74	124.474	76.1364	4.07852
1	121	74	128.619	81.6329	10.7846
1	121	74	116.497	82.726	9.81943
1	121	74	119.618	87.0856	13.1584
1	121	74	127.794	76.1935	7.1393
1	121	74	125.166	75.1677	4.32614
1	121	74	131.554	81.7602	13.0997
1	121	74	100.968	95.7143	29.5433
1	121	74	139.52	69.2338	19.1231
1	121	74	138.684	75.72	17.7673
1	121	74	100.221	94.7168	29.3419
1	121	74	114.807	97.4296	24.2343
1	121	74	96.4083	91.11	29.9584
1	121	74	134.037	82.0753	15.335
1	121	74	118.826	88.1964	14.3619
1	121	74	134.409	79.5473	14.5113
1	121	74	126.714	76.7028	6.32135
1	121	74	104.416	65.0746	18.8332
1	121	74	101.273	49.1907	31.6966
1	121	74	125.142	81.2574	8.35629
1	121	74	121.993	77.7494	3.87857
1	121	74	120.76	73.4359	0.613098
1	121	74	120.389	45.9742	28.0325
1	121	74	98.0091	50.8511	32.626
1	121	74	130.532	70.2041	10.2604
1	121	74	102.721	56.0305	25.6328
1	121	74	133.114	36.8668	39.0593
1	121	74	118.263	76.7891	3.90768
1	121	74	138.176	74.9294	17.2007
1	121	74	127.062	82.275	10.2579
1	121	74	135.461	76.2735	14.6383
1	121	74	127.853	81.5788	10.2178
1	121	74	133.314	71.3721	12.5914
1	121	74	125.203	73.4583	4.23733
1	121	74	120.066	79.7295	5.80515
1	121	74	137.985	58.2831	23.1411
1	121	74	120.871	80.2123	6.21359
1	121	74	133.504	76.6281	12.7777
1	121	74	123.549	84.8692	11.1641
1	121	74	138.017	75.0996	17.052
1	121	74	123.915	75.1139	3.12019
1	121	74	127.682	76.9665	7.31123
1	121	74	119.6	75.0321	1.73912
1	121	74	132.869	72.5362	11.9588
1	121	74	115.024	85.813	13.2385
1	121	74	118.008	76.0589	3.63224
1	121	74	88.5265	64.4455	33.8499
1	121	74	60.0331	48.9253	65.9219
1	121	74	95.0585	92.9598	32.1315
1	121	74	132.798	72.2912	11.9206
1	121	74	119.074	75.1497	2.24339
1	121	74	115.803	79.1462	7.31384
1	121	74	136.097	80.4972	16.4353
1	121	74	138.808	42.0542	36.574
1	121	74	133.905	66.3661	14.9943
1	121	74	121.244	72.1687	1.84741
1	121	74	123.997	82.2536	8.78096
1	121	74	134.405	79.9987	14.686
1	121	74	122.701	78.1243	4.46109
1	121	74	134.352	76.5787	13.5991
1	121	74	102.566	97.4387	29.8189
1	121	74	142.177	76.0792	21.2787
1	121	74	129.208	65.9605	11.4894
1	121	74	126.594	74.0042	5.59427
1	121	74	52.0316	48.3021	73.6004
1	121	74	105.147	97.4392	28.297
1	121	74	119.029	77.5889	4.09428
1	121	74	135.516	79.5158	15.5282
1	121	74	126.372	89.4182	16.3272
1	121	74	95.8979	65.3065	26.5649
1	121	74	134.377	74.4355	13.3844
1	121	74	140.912	37.5743	41.5129
1	121	74	130.475	76.2954	9.74935
1	121	74	105.908	97.4394	27.8779
1	121	74	124.473	83.8362	10.4312
1	121	74	130.145	82.0517	12.1843
1	121	74	53.1775	38.3893	76.6029
1	121	74	126.532	71.6624	6.00562
1	121	74	126.9	70.3945	6.91416
1	121	74	136.826	83.5895	18.5047
1	121	74	120.993	70.8164	3.18366
1	121	74	131.119	72.1749	10.2825
1	121	74	137.62	79.2258	17.4221
1	121	74	125.841	63.3817	11.6698
1	121	74	124.704	73.7327	3.71319
1	121	74	119.495	74.9449	1.77718
1	121	74	131.686	76.1392	10.8976
1	121	74	126.223	71.7107	5.70225
1	121	74	130.156	78.7242	10.3028
1	121	74	138.359	55.9968	25.0091
1	121	74	138.726	71.0148	17.9759
1	121	74	126.035	69.2319	6.93453
1	121	74	116.579	88.148	14.8228
1	121	74	136.999	75.0561	16.0337
1	121	74	129.775	81.2672	11.3935
1	121	74	125.547	74.1818	4.55075
1	121	74	122.051	72.9657	1.47487
1	121	74	131.035	69.685	10.9238
1	121	74	70.5874	10.6825	80.9354
1	121	74	124.126	74.128	3.12872
1	121	74	124.721	91.1258	17.5254
1	121	74	132.039	90.7864	20.0907
1	121	74	119.472	54.7462	19.3144
1	121	74	136.247	75.0953	15.2861
1	121	74	134.874	67.8457	15.1773
1	121	74	138.777	71.6482	17.9314
1	121	74	131.479	86.0684	15.9833
1	121	74	115.274	91.7116	18.6143
1	121	74	121.596	75.9142	2.00486
1	121	74	18.9194	89.5629	103.26
1	121	74	138.346	77.2571	17.6492
1	121	74	115.378	83.5182	11.0547
1	121	74	129.635	86.8957	15.52
1	121	74	120.298	77.8087	3.87284
1	121	74	121.827	73.0317	1.27356
1	121	74	101.182	97.1915	30.5057
1	121	74	116.59	80.4632	7.82444
1	121	74	123.546	74.6791	2.63495
1	121	74	114.518	83.9079	11.84
1	121	74	130.18	78.5629	10.2511
1	121	74	118.046	76.8827	4.12767
1	121	74	128.928	82.0784	11.3185
1	121	74	133.506	71.5084	12.7518
1	121	74	129.635	81.437	11.3963
1	121	74	7.01122	86.4555	114.667
1	121	74	120.098	75.9928	2.18722
1	121	74	123.472	79.9367	6.43063
1	121	74	121.365	73.775	0.428487
1	121	74	129.493	76.5008	8.85307
1	121	74	123.468	84.549	10.834
1	121	74	122.077	74.6121	1.23882
1	121	74	128.514	92.7329	20.1837
1	121	74	121.974	71.9146	2.30179
1	121	74	119.285	76.9422	3.40536
1	121	74	116.241	77.3731	5.83332
1	121	74	109.925	95.3401	24.0427
1	121	74	105.577	97.4672	28.0818
1	121	74	138.752	76.4654	17.9221
1	121	74	120.503	74.4082	0.643299
1	121	74	12.3725	84.0407	109.091
1	121	74	118.829	76.1016	3.02151
1	121	74	138.797	76.2749	17.9418
1	121	74	134.816	82.7902	16.3752
1	121	74	101.245	48.7307	32.075
1	121	74	139.156	84.8022	21.1261
1	121	74	118.169	45.6327	28.5083
1	121	74	115.718	81.0019	8.7706
1	121	74	126.656	73.7958	5.66001
1	121	74	122.641	70.6819	3.70147
1	121	74	121.14	73.6271	0.398472
1	121	74	100.328	69.5338	21.1487
1	121	74	70.1177	10.9169	81.0462
1	121	74	128.685	70.7938	8.32719
1	121	74	123.991	75.313	3.26657
1	121	74	125.75	52.9253	21.6034
1	121	74	108.78	61.2422	17.6664
1	121	74	121.44	84.2832	10.2926
1	121	74	115.421	79.2106	7.6335
1	121	74	141.531	86.6984	24.1405
1	121	74	126.173	73.942	5.17288
1	121	74	95.3404	55.9763	31.3571
1	121	74	121.103	73.4285	0.580746
1	121	74	124.732	81.7134	8.56898
1	121	74	133.555	79.3947	13.6652
1	121	74	140.568	57.9595	25.3025
1	121	74	127.801	63.9844	12.1062
1	121	74	125.412	75.098	4.54679
1	121	74	126.71	86.5727	13.8085
1	121	74	119.626	72.7295	1.87135
1	121	74	133.943	73.6584	12.9473
1	121	74	128.881	72.0005	8.13116
1	121	74	125.413	73.3779	4.45689
1	121	74	137.728	73.9065	16.7279
1	121	74	131.767	76.6302	11.0838
1	121	74	140.649	85.4532	22.7429
1	121	74	134.509	51.2775	26.4348
1	121	74	129.623	75.0362	8.68501
1	121	74	91.5382	63.0041	31.4469
1	121	74	121.65	71.3292	2.74878
1	121	74	121.476	57.2056	16.8012
1	121	74	128.853	76.9299	8.38144
1	121	74	104.747	97.4391	28.5227
1	121	74	141.899	75.3644	20.9433
1	121	74	139.631	81.7336	20.1722
1	121	74	119.463	76.3061	2.77148
1	121	74	118.96	74.0831	2.04198
1	121	74	129.384	76.8835	8.86592
1	121	74	129.799	78.7527	10.0008
1	121	74	123.152	88.5471	14.7053
1	121	74	124.268	82.9423	9.52088
1	121	74	123.941	73.2985	3.02327
1	121	74	118.16	75.6318	3.275
1	121	74	95.8839	93.793	31.9779
1	121	74	119.334	72.4085	2.30385
1	121	74	106.331	72.8091	14.717
1	121	74	112.664	78.1213	9.29939
1	121	74	141.25	84.8714	22.9833
1	121	74	101.51	92.525	26.889
1	121	74	131.606	72.832	10.6698
1	121	74	121.978	73.496	1.10021
1	121	74	129.614	80.712	10.9206
1	121	74	96.3777	95.7449	32.8497
1	121	74	125.1	65.3199	9.59966
1	121	74	71.3436	10.92	80.2797
1	121	74	109.507	95.8089	24.6517
1	121	74	107.661	97.1102	26.6836
1	121	74	133.156	85.9733	17.0627
1	121	74	127.473	81.4221	9.84826
1	121	74	142.19	42.3805	38.063
1	121	74	121.506	71.3825	2.66599
1	121	74	109.159	92.6097	22.0575
1	121	74	101.296	97.4384	30.6206
1	121	74	119.476	85.9657	12.0624
1	121	74	120.604	75.0387	1.11159
1	121	74	136.76	74.3587	15.7645
1	121	74	104.726	57.4847	23.1861
1	121	74	139.088	74.0472	18.0884
1	121	74	123.205	78.9951	5.46004
1	121	74	118.789	75.7194	2.80114
1	121	74	110.656	45.1733	30.6264
1	121	74	134.392	80.4273	14.8543
1	121	74	115.913	83.4172	10.7033
1	121	74	129.546	73.7166	8.55089
1	121	74	84.9739	58.0738	39.3894
1	121	74	134.815	89.857	21.0308
1	121	74	119.51	85.283	11.381
1	121	74	108.039	45.1728	31.6067
1	121	74	118.102	73.9966	2.89776
1	121	74	114.428	45.1739	29.5658
1	121	74	139.489	56.5119	25.4495
1	121	74	139.891	56.4875	25.7596
1	121	74	137.585	78.5013	17.185
1	121	74	128.357	87.9296	15.7532
1	121	74	127.74	76.0949	7.05783
1	121	74	137.931	77.678	17.3264
1	121	74	120.947	74.7664	0.768263
1	121	74	139.348	56.5829	25.2981
1	121	74	126.254	90.27	17.0971
1	121	74	116.569	71.2103	5.23603
1	121	74	114.713	78.1828	7.55119
1	121	74	116.696	82.042	9.12144
1	121	74	119.495	73.3047	1.65827
1	121	74	140.073	86.1535	22.6159
1	121	74	134.652	80.7656	15.2363
1	121	74	132.499	79.6154	12.7972
1	121	74	119.288	87.4648	13.5732
1	121	74	127.587	83.3356	11.4254
1	121	74	128.568	67.6799	9.85953
1	121	74	131.947	79.2414	12.1374
1	121	74	133.861	58.9698	19.7818
1	121	74	140.536	85.7417	22.7928
1	121	74	108.459	97.1234	26.3054
1	121	74	129.996	78.3915	10.0103
1	121	74	141.709	84.2714	23.1163
1	121	74	120.098	76.481	2.63986
1	121	74	109.154	96.7315	25.633
1	121	74	114.881	89.8112	16.9541
1	121	74	120.353	92.485	18.4963
1	121	74	121.027	92.3174	18.3174
1	121	74	108.889	45.1729	31.2676
1	121	74	118.945	85.185	11.3722
1	121	74	114.242	45.1739	29.6077
1	121	74	141.123	85.0214	22.9432
1	121	74	115.094	90.8623	17.8666
1	121	74	120.446	78.3504	4.38555
1	121	74	102.536	47.6992	32.135
1	121	74	126.113	89.3445	16.174
1	121	74	121.788	75.5431	1.73286
1	121	74	118.267	75.5321	3.13351
1	121	74	129.754	79.8688	10.5391
1	121	74	122.669	80.0394	6.26572
1	121	74	97.8566	96.4672	32.2551
1	121	74	128.091	80.4103	9.55921
1	121	74	130.699	70.5316	10.3006
1	121	74	97.6424	95.4669	31.7239
1	121	74	127.054	75.6794	6.28258
1	121	74	126.536	74.7501	5.58706
1	121	74	103.845	97.3829	29.0008
1	121	74	135.142	82.0096	16.2525
1	121	74	123.518	81.3026	7.72445
1	121	74	124.053	82.3755	8.91449
1	121	74	128.317	75.8479	7.54701
1	121	74	73.6514	52.9144	51.8314
1	121	74	70.6693	10.6415	80.9165
1	121	74	123.966	77.3245	4.45507
1	121	74	128.056	75.1702	7.15248
1	121	74	131.512	81.5589	12.9474
1	121	74	134.406	82.519	15.8836
1	121	74	136.053	69.4845	15.7153
1	121	74	121.047	80.4912	6.49138
1	121	74	97.0622	61.469	27.0193
1	121	74	52.4671	39.2153	76.8553
1	121	74	130.753	69.828	10.6076
1	121	74	132.299	82.6405	14.2241
1	121	74	133.52	90.3167	20.5667
1	121	74	121.127	74.8201	0.82992
1	121	74	130.379	75.9313	9.57536
1	121	74	52.0648	37.4814	78.0107
1	121	74	128.012	71.1363	7.57402
1	121	74	116.817	63.7127	11.1053
1	121	74	129.016	90.8084	18.6219
1	121	74	121.887	74.0303	0.887237
1	121	74	97.5272	51.2754	32.6708
1	121	74	121.542	87.4815	13.4924
1	121	74	121.37	74.5018	0.623792
1	121	74	125.993	79.6983	7.57646
1	121	74	118.357	45.6748	28.4483
1	121	74	68.3009	63.9997	53.6395
1	121	74	114.523	85.1943	12.9332
1	121	74	125.444	78.5646	6.37059
1	121	74	125.06	73.859	4.06273
1	121	74	100.493	95.3244	29.585
1	121	74	121.48	74.4459	0.655303
1	121	74	102.163	97.4386	30.0701
1	121	74	140.682	80.174	20.6281
1	121	74	141.238	69.7648	20.6761
1	121	74	117.501	83.2509	9.89034
1	121	74	121.22	76.3121	2.32253
1	121	74	118.99	85.5651	11.7385
1	121	74	134.162	43.1126	33.575
1	121	74	127.707	72.6102	6.84961
1	121	74	114.053	69.5828	8.23215
1	121	74	91.4775	88.4321	32.8612
1	121	74	117.618	80.2751	7.12866
1	121	74	5.347	87.5402	116.443
1	121	74	135.924	73.9387	14.924
1	121	74	134.995	83.704	17.0298
1	121	74	126.96	69.2645	7.6123
1	121	74	130.084	70.3281	9.79765
1	121	74	112.08	93.0598	21.0437
1	121	74	119.879	73.1518	1.40576
1	121	74	95.8117	97.4373	34.4057
1	121	74	142.094	78.8681	21.6482
1	121	74	121.097	76.1951	2.19724
1	121	74	120.018	45.9308	28.0864
1	121	74	118.393	83.5608	9.90977
1	121	74	127.899	73.1653	6.94935
1	121	74	100.144	97.3814	31.3316
1	121	74	117.212	45.5061	28.7445
1	121	74	128.808	62.13	14.2081
1	121	74	132.124	78.2863	11.9214
1	121	74	117.517	45.5482	28.6642
1	121	74	132.697	76.0554	11.8763
1	121	74	130.734	68.7013	11.0829
1	121	74	116.3	76.1801	5.18143
1	121	74	128.441	79.3419	9.15968
1	121	74	136.978	60.7764	20.7406
1	121	74	132.761	75.7691	11.8935
1	121	74	123.804	68.4342	6.23207
1	121	74	139.68	87.6589	23.1408
1	121	74	136.221	71.7603	15.385
1	121	74	138.442	77.3865	17.7673
1	121	74	123.794	73.7401	2.8056
1	121	74	128.458	63.676	12.7363
1	121	74	121.795	74.2822	0.843891
1	121	74	86.7438	64.2907	35.6056
1	121	74	112.095	91.7444	19.8536
1	121	74	127.19	81.9064	10.0416
1	121	74	119.774	72.3664	2.0426
1	121	74	131.236	71.18	10.6175
1	121	74	128.828	80.424	10.1267
1	121	74	122.965	70.9717	3.61005
1	121	74	114.464	63.5106	12.3593
1	121	74	114.329	77.5801	7.57062
1	121	74	135.13	78.4588	14.817
1	121	74	136.966	73.1657	15.9873
1	121	74	132.85	74.5702	11.8637
1	121	74	141.115	84.8526	22.8561
1	121	74	130.479	62.2243	15.117
1	121	74	101.31	93.2637	27.5464
1	121	74	122.698	69.2562	5.03851
1	121	74	136.797	72.8043	15.8418
1	121	74	116.3	45.3395	29.0433
1	121	74	127.621	77.1346	7.32537
1	121	74	120.255	74.9038	1.17103
1	121	74	118.512	74.8202	2.62002
1	121	74	140.421	85.9129	22.7836
1	121	74	123.547	74.7772	2.66274
1	121	74	129.931	73.0253	8.98366
1	121	74	124.913	73.2187	3.9905
1	121	74	9.28476	84.3386	112.193
1	121	74	121.669	81.1519	7.18305
1	121	74	136.716	41.0592	36.4976
1	121	74	141.616	77.0887	20.8462
1	121	74	96.0285	97.4373	34.2474
1	121	74	118.852	45.7178	28.3637
1	121	74	134.259	77.4702	13.7054
1	121	74	118.445	77.5893	4.40602
1	121	74	97.9411	97.073	32.6202
1	121	74	126.594	77.8181	6.77295
1	121	74	124.046	69.4063	5.51194
1	121	74	141.459	37.4044	41.9265
1	121	74	124.406	86.1136	12.5834
1	121	74	102.74	52.8101	27.9723
1	121	74	111.465	45.6495	29.911
1	121	74	141.472	84.6651	23.0835
1	121	74	118.654	75.4768	2.77185
1	121	74	127.172	75.5877	6.37281
1	121	74	117.953	76.7113	4.07858
1	121	74	100.961	93.4497	27.9257
1	121	74	101.74	93.4501	27.3729
1	121	74	128.068	67.1624	9.83425
1	121	74	115.179	85.0083	12.4525
1	121	74	120.379	70.497	3.55766
1	121	74	126.814	69.0356	7.64548
1	121	74	120.158	84.5629	10.5964
1	121	74	108.867	45.4947	30.98
1	121	74	141.702	59.4335	25.3131
1	121	74	128.817	74.1961	7.81984
1	121	74	123.57	81.3131	7.75153
1	121	74	120.414	72.9189	1.22993
1	121	74	125.116	68.9629	6.50465
1	121	74	130.791	80.4517	11.7257
1	121	74	48.1784	34.2037	82.9863
1	121	74	116.726	45.3812	28.9361
1	121	74	98.3825	97.4378	32.5712
1	121	74	123.124	46.4104	27.6713
1	121	74	141.471	84.5149	23.0132
1	121	74	119.432	69.3817	4.87708
1	121	74	120.923	63.2059	10.7944
1	121	74	99.9531	92.043	27.7222
1	121	74	115.173	84.2111	11.7565
1	121	74	121.215	85.6508	11.6527
1	121	74	135.856	75.8535	14.9709
1	121	74	120.196	84.6034	10.6338
1	121	74	133.045	63.3668	16.0666
1	121	74	139.954	86.1302	22.5036
1	121	74	123.756	84.4154	10.7739
1	121	74	141.471	84.551	23.0301
1	121	74	134.188	76.1048	13.3549
1	121	74	135.677	70.7917	15.0234
1	121	74	119.811	76.1743	2.47828
1	121	74	108.403	97.0811	26.2951
1	121	74	104.551	97.4391	28.6349
1	121	74	121.158	76.1664	2.1722
1	121	74	122.744	53.1409	20.9319
1	121	74	129.781	78.5369	9.88395
1	121	74	142.162	83.2907	23.1113
1	121	74	96.2142	92.0611	30.6682
1	121	74	125.722	85.4591	12.3939
1	121	74	136.34	79.0356	16.1457
1	121	74	104.072	46.4316	32.351
1	121	74	140.509	75.2973	19.5518
1	121	74	135.498	68.3052	15.5768
1	121	74	117.236	84.8752	11.508
1	121	74	131.52	82.7575	13.688
1	121	74	127.141	81.6155	9.78276
1	121	74	125.472	67.736	7.69645
1	121	74	131.601	71.1091	10.9882
1	121	74	127.835	65.8902	10.6062
1	121	74	127.387	76.8005	6.97383
1	121	74	121.464	75.7747	1.8343
1	121	74	127.906	80.3473	9.37958
1	121	74	125.752	74.4861	4.77717
1	121	74	123.661	92.3082	18.5006
1	121	74	124.365	75.0913	3.53736
1	121	74	119.085	73.2335	2.06238
1	121	74	128.066	79.406	8.89706
1	121	74	116.431	45.3396	29.0224
1	121	74	125.53	93.4191	19.9404
1	121	74	119.592	45.8454	28.1898
1	121	74	116.51	78.0979	6.07917
1	121	74	10.7062	83.1868	110.676
1	121	74	138.359	86.5259	21.4065
1	121	74	119.397	92.1008	18.1716
1	121	74	129.136	70.7554	8.7589
1	121	74	73.3906	53.7657	51.7309
1	121	74	106.851	52.2708	25.9298
1	121	74	119.724	79.5368	5.68184
1	121	74	110.599	89.7048	18.8366
1	121	74	130.497	73.1053	9.53932
1	121	74	34.3175	16.9355	103.78
1	121	74	130.358	75.7885	9.52759
1	121	74	111.587	45.1734	30.3245
1	121	74	126.698	74.3606	5.70982
1	121	74	125.344	78.2745	6.09423
1	121	74	131.206	78.2424	11.0522
1	121	74	127.398	70.2293	7.42609
1	121	74	110.231	63.8008	14.8322
1	121	74	109.88	96.1681	24.8006
1	121	74	129.95	81.7288	11.825
1	121	74	123.108	78.6544	5.10938
1	121	74	131.714	83.9548	14.6248
1	121	74	127.732	72.5542	6.88504
1	121	74	130.455	71.2127	9.85694
1	121	74	129.349	73.4463	8.36776
1	121	74	119.785	93.404	19.4421
1	121	74	126.995	92.5757	19.5191
1	121	74	130.897	86.8864	16.2486
1	121	74	129.234	81.8069	11.3467
1	121	74	133.803	83.9661	16.2246
1	121	74	121.184	73.5187	0.515287
1	121	74	136.945	73.7998	15.9464
1	121	74	106.545	97.384	27.4909
1	121	74	135.145	70.7384	14.5159
1	121	74	116.67	45.422	28.9042
1	121	74	127.266	69.7696	7.56041
1	121	74	119.885	92.8373	18.8702
1	121	74	141.341	69.8468	20.7608
1	121	74	140.905	86.6493	23.5845
1	121	74	119.773	76.6215	2.89422
1	121	74	57.5715	77.822	63.5436
1	121	74	118.374	80.784	7.27435
1	121	74	121.728	74.4544	0.857998
1	121	74	123.267	75.5483	2.74556
1	121	74	140.878	85.221	22.8268
1	121	74	131.306	77.2934	10.8198
1	121	74	136.587	80.9088	17.0497
1	121	74	134.47	80.4202	14.9214
1	121	74	134.573	81.737	15.6237
1	121	74	135.326	79.2175	15.2461
1	121	74	118.563	75.3788	2.80033
1	121	74	103.002	65.6754	19.8302
1	121	74	119.408	74.9162	1.83698
1	121	74	119.429	74.6895	1.71534
1	121	74	116.403	45.3395	29.0268
1	121	74	84.3034	59.5958	39.4223
1	121	74	129.012	77.5125	8.74835
1	121	74	119.024	78.1188	4.56826
1	121	74	134.265	76.1865	13.4443
1	121	74	120.164	73.1282	1.20768
1	121	74	121.9	82.4599	8.50762
1	121	74	127.495	69.6606	7.81147
1	121	74	122.084	72.6148	1.75884
1	121	74	128.494	73.7132	7.49906
1	121	74	138.33	78.6005	17.9301
1	121	74	52.1231	37.7334	77.8414
1	121	74	126.942	69.776	7.2901
1	121	74	107.002	45.1726	32.0462
1	121	74	120.094	77.5374	3.65153
1	121	74	119.268	79.3968	5.66794
1	121	74	111.944	68.0254	10.8496
1	121	74	121.636	74.9743	1.16353
1	121	74	120.882	71.917	2.0863
1	121	74	119.76	45.8879	28.1394
1	121	74	119.212	72.5341	2.31203
1	121	74	120.226	46.0029	28.0078
1	121	74	119.285	73.4627	1.79717
1	121	74	109.347	72.1868	11.7928
1	121	74	119.154	71.3794	3.20524
1	121	74	92.804	97.4366	36.6646
1	121	74	132.436	73.0072	11.4794
1	121	74	127.879	67.1968	9.67493
1	121	74	117.049	78.5627	6.03585
1	121	74	124.738	82.5887	9.36681
1	121	74	118.71	73.1141	2.45539
1	121	74	132.649	78.515	12.4936
1	121	74	98.9082	50.2991	32.4003
1	121	74	116.465	82.5095	9.64233
1	121	74	133.793	81.2133	14.6865
1	121	74	123.784	75.5501	3.18608
1	121	74	115.373	81.6066	9.4617
1	121	74	115.557	72.9702	5.53954
1	121	74	70.2627	10.829	81.0237
1	121	74	109.062	45.173	31.2013
1	121	74	98.4012	97.4378	32.5582
1	121	74	127.875	64.4793	11.7436
1	121	74	119.715	73.3954	1.42035
1	121	74	119.594	74.2788	1.43363
1	121	74	132.33	77.4676	11.8491
1	121	74	121.059	71.9147	2.08612
1	121	74	119.146	74.4178	1.90007
1	121	74	115.386	76.5048	6.14776
1	121	74	130.09	75.5626	9.22357
1	121	74	136.06	77.147	15.3849
1	121	74	137.677	71.7457	16.8283
1	121	74	125.275	87.4682	14.1303
1	121	74	120.598	71.11	2.91774
1	121	74	121.153	73.2544	0.761035
1	121	74	126.004	66.9769	8.62322
1	121	74	136.976	73.927	15.976
1	121	74	133.758	81.3461	14.7218
1	121	74	126.278	56.2889	18.4809
1	121	74	141.709	84.2993	23.1289
1	121	74	141.14	69.911	20.551
1	121	74	122.441	76.7381	3.09437
1	121	74	140.347	69.3191	19.9055
1	121	74	97.2951	97.4663	33.3555
1	121	74	135.659	71.4687	14.8759
1	121	74	124.015	86.5617	12.9184
1	121	74	116.894	83.9583	10.7715
1	121	74	141.02	37.5629	41.5747
1	121	74	124.09	79.4028	6.22383
1	121	74	124.305	79.2413	6.19645
1	121	74	8.35452	85.3001	113.211
1	121	74	126.443	80.3046	8.32929
1	121	74	97.7175	51.3112	32.5093
1	121	74	117.443	94.4171	20.7247
1	121	74	119.743	71.4691	2.82573
1	121	74	116.574	78.1619	6.07576
1	121	74	120.195	45.9734	28.0381
1	121	74	127.657	74.535	6.6781
1	121	74	132.011	71.8234	11.2237
1	121	74	115.896	89.2984	16.1274
1	121	74	109.581	95.0478	23.9458
1	121	74	123.104	73.1377	2.27398
1	121	74	121.245	74.0272	0.246746
1	121	74	117.126	45.4646	28.7972
1	121	74	114.925	79.6509	8.29696
1	121	74	132.219	76.5282	11.5002
1	121	74	136.203	78.9004	15.9732
1	121	74	122.648	76.8823	3.32044
1	121	74	131.93	72.0425	11.1043
1	121	74	119.317	45.8027	28.2475
1	121	74	127.254	65.1947	10.8004
1	121	74	115.209	88.2693	15.3996
1	121	74	133.43	71.2402	12.7329
1	121	74	112.691	97.4772	24.904
1	121	74	128.194	92.2609	19.6267
1	121	74	136.255	76.8895	15.5263
1	121	74	138.768	85.7366	21.2941
1	121	74	141.669	84.5222	23.1936
1	121	74	109.349	52.2598	24.6654
1	121	74	98.3735	50.5098	32.6152
1	121	74	110.658	95.0344	23.4391
1	121	74	115.493	64.6803	10.8253
1	121	74	135.088	79.444	15.1036
1	121	74	99.708	55.5438	28.1777
1	121	74	138.093	70.6322	17.4216
1	121	74	11.885	34.2066	116.145
1	121	74	128.889	70.5627	8.60568
1	121	74	126.133	67.7554	8.08368
1	121	74	108.283	96.1028	25.5003
1	121	74	139.3	75.2056	18.3393
1	121	74	135.478	82.7162	16.8993
1	121	74	96.4609	94.7503	32.1363
1	121	74	131.786	65.2548	13.8856
1	121	74	132.017	74.6127	11.0341
1	121	74	117.293	89.5659	16.0013
1	121	74	135.843	74.2146	14.8448
1	121	74	132.238	84.0745	15.0928
1	121	74	123.354	75.9303	3.04406
1	121	74	140.417	85.7367	22.6887
1	121	74	109.649	45.1731	30.9814
1	121	74	116.568	88.868	15.5144
1	121	74	49.3492	97.2297	75.3223
1	121	74	114.922	80.3446	8.78586
1	121	74	120.257	77.3449	3.42645
1	121	74	123.173	74.9455	2.36965
1	121	74	141.842	80.5469	21.8456
1	121	74	123.563	81.0528	7.50413
1	121	74	42.4928	22.0094	94.1615
1	121	74	123.741	75.5281	3.13851
1	121	74	117.518	76.0861	4.0588
1	121	74	126.661	85.2275	12.5741
1	121	74	129.112	72.8509	8.19318
1	121	74	126.398	74.3171	5.40743
1	121	74	127.665	70.6325	7.46772
1	121	74	131.002	72.0241	10.1951
1	121	74	119.659	77.733	3.96645
1	121	74	102.532	96.9296	29.4424
1	121	74	109.91	96.2644	24.8735
1	121	74	122.47	78.0238	4.28387
1	121	74	138.36	74.1434	17.3603
1	121	74	124.496	77.5976	5.01673
1	121	74	133.372	55.1787	22.5236
1	121	74	120.892	78.5801	4.58138
1	121	74	130.394	81.769	12.1906
1	121	74	114.084	45.1739	29.6442
1	121	74	114.319	80.0924	9.04208
1	121	74	127.156	92.5651	19.5592
1	121	74	132.936	61.7405	17.1103
1	121	74	127.763	75.3157	6.88994
1	121	74	125.493	69.4786	6.37402
1	121	74	139.121	73.9244	18.1209
1	121	74	138.103	71.25	17.3223
1	121	74	117.528	75.4222	3.75217
1	121	74	126.701	73.8128	5.70447
1	121	74	115.248	71.4286	6.30085
1	121	74	135.411	77.3034	14.7851
1	121	74	6.26631	86.8762	115.454
1	121	74	126.268	75.7464	5.5497
1	121	74	118.082	45.6325	28.5172
1	121	74	121.126	77.257	3.25941
1	121	74	127.981	68.9452	8.61877
1	121	74	132.025	46.5735	29.5595
1	121	74	135.072	66.5651	15.9151
1	121	74	94.9291	97.0655	34.8096
1	121	74	125.759	73.5719	4.77773
1	121	74	127.328	83.3356	11.2784
1	121	74	131.873	71.5737	11.1408
1	121	74	140.935	85.1728	22.8528
1	121	74	114.616	95.0833	22.0287
1	121	74	114.357	80.6087	9.37066
1	121	74	125.556	77.6976	5.86742
1	121	74	130.164	72.8626	9.2348
1	121	74	119.905	71.0388	3.15708
1	121	74	111.263	45.1734	30.4266
1	121	74	122.857	81.8866	8.10231
1	121	74	118.785	45.7176	28.369
1	121	74	127.104	63.0163	12.5658
1	121	74	102.661	97.1006	29.4949
1	121	74	124.58	72.4847	3.88771
1	121	74	139.272	75.419	18.3273
1	121	74	125.442	67.5054	7.86857
1	121	74	122.088	70.2097	3.94347
1	121	74	140.702	37.2082	41.735
1	121	74	140.883	85.2688	22.8543
1	121	74	122.383	71.4504	2.90065
1	121	74	118.199	79.3078	6.00168
1	121	74	138.238	41.9857	36.36
1	121	74	130.176	83.2533	13.0315
1	121	74	104.103	48.0773	30.9431
1	121	74	127.397	76.1291	6.74205
1	121	74	128.201	71.9385	7.49031
1	121	74	109.976	45.1731	30.8629
1	121	74	127.173	78.5563	7.67201
1	121	74	118.333	77.0927	4.08361
1	121	74	134.95	76.5141	14.175
1	121	74	138.141	76.768	17.3628
1	121	74	135.844	74.3781	14.8489
1	121	74	132.014	74.5614	11.0281
1	121	74	110.908	96.2038	24.3895
1	121	74	115.105	81.9334	9.88373
1	121	74	98.724	52.4706	30.9796
1	121	74	119.634	74.5075	1.45702
1	121	74	126.479	93.8831	20.6243
1	121	74	128.84	89.1092	17.0223
1	121	74	137.622	72.1053	16.7295
1	121	74	134.821	55.4003	23.1726
1	121	74	127.401	92.5496	19.6229
1	121	74	129.974	83.5104	13.0758
1	121	74	120.839	73.4808	0.543629
1	121	74	124.48	85.7218	12.2274
1	121	74	133.416	84.9046	16.5251
1	121	74	130.703	79.3239	11.0673
1	121	74	10.6644	83.2206	110.72
1	121	74	122.775	72.4166	2.37885
1	121	74	133.998	66.5599	14.9766
1	121	74	120.097	45.9311	28.0835
1	121	74	123.545	70.9025	4.00911
1	121	74	141.828	84.0052	23.1064
1	121	74	141.078	84.1297	22.4884
1	121	74	103.877	97.439	29.0275
1	121	74	116.575	77.2579	5.49483
1	121	74	118.013	45.5907	28.5659
1	121	74	99.9061	95.8628	30.3798
1	121	74	127.776	56.5674	18.7032
1	121	74	130.551	82.5623	12.8267
1	121	74	131.614	82.231	13.4314
1	121	74	106.236	97.4394	27.7017
1	121	74	114.199	77.4793	7.6397
1	121	74	142.069	83.7729	23.225
1	121	74	125.826	79.9879	7.69092
1	121	74	130.488	81.0875	11.8432
1	121	74	126.541	72.601	5.71501
1	121	74	142.146	76.1821	21.2588
1	121	74	142.069	83.8582	23.2613
1	121	74	106.303	51.7971	26.6267
1	121	74	80.8014	83.6914	41.3503
1	121	74	123.781	83.0772	9.49372
1	121	74	120.873	74.8773	0.886463
1	121	74	121.42	73.1779	0.923258
1	121	74	120.871	71.4421	2.56116
1	121	74	119.086	57.8587	16.2543
1	121	74	139.472	72.3159	18.5485
1	121	74	137.733	69.2993	17.3811
1	121	74	131.439	73.3233	10.4612
1	121	74	113.967	57.1195	18.2872
1	121	74	128.788	82.0417	11.1944
1	121	74	60.8157	92.4227	62.9408
1	121	74	118.588	45.6753	28.4271
1	121	74	130.006	69.573	10.0352
1	121	74	119.66	76.2809	2.64553
1	121	74	120.752	88.3984	14.4005
1	121	74	135.701	78.6761	15.427
1	121	74	121.811	82.0511	8.09193
1	121	74	128.515	76.3131	7.86338
1	121	74	121.868	80.5598	6.61696
1	121	74	116.154	81.7797	9.16577
1	121	74	49.1155	97.4273	75.6057
1	121	74	119.483	79.5747	5.77735
1	121	74	52.3637	38.8111	77.131
1	121	74	133.211	69.8438	12.8989
1	121	74	120.099	74.4824	1.02176
1	121	74	119.594	45.8454	28.1897
1	121	74	141.389	85.1151	23.2216
1	121	74	124.318	88.8523	15.2184
1	121	74	136.706	80.8829	17.1483
1	121	74	75.6939	52.3399	50.2176
1	121	74	122.357	59.6459	14.4182
1	121	74	137.687	68.7822	17.4839
1	121	74	118.411	45.6749	28.4432
1	121	74	141.649	84.3762	23.1094
1	121	74	119.546	74.9015	1.71082
1	121	74	133.337	73.6923	12.3411
1	121	74	7.79225	85.4577	113.786
1	121	74	140.859	80.0152	20.7504
1	121	74	121.577	73.7392	0.633323
1	121	74	141.948	83.8075	23.13
1	121	74	136.658	74.0976	15.6581
1	121	74	138.677	74.1539	17.678
1	121	74	138.317	75.9476	17.4258
1	121	74	105.627	97.3836	27.9844
1	121	74	134.223	81.7989	15.3513
1	121	74	131.913	77.6944	11.5214
1	121	74	117.88	76.9613	4.30161
1	121	74	132.414	83.137	14.6206
1	121	74	126.481	63.5735	11.7794
1	121	74	115.301	69.1583	7.47789
1	121	74	126.226	77.4054	6.23773
1	121	74	52.1785	38.1807	77.5849
1	121	74	135.202	84.5061	17.6655
1	121	74	126.026	73.5847	5.04306
1	121	74	127.107	77.1024	6.84943
1	121	74	120.116	84.3596	10.3973
1	121	74	141.001	85.1825	22.9145
1	121	74	132.147	85.3612	15.9164
1	121	74	131.046	72.8407	10.1127
1	121	74	135.938	75.8396	15.0512
1	121	74	137.85	77.5632	17.2225
1	121	74	119.604	64.3135	9.78651
1	121	74	115.043	89.1809	16.3078
1	121	74	127.153	60.523	14.8151
1	121	74	121.722	89.4518	15.4687
1	121	74	131.529	75.0332	10.5793
1	121	74	112.909	45.1737	29.9403
1	121	74	123.94	58.6235	15.6549
1	121	74	118.799	72.5011	2.66302
1	121	74	139.652	71.5974	18.8062
1	121	74	123.961	76.0951	3.6271
1	121	74	117.368	75.0992	3.795
1	121	74	135.481	78.3036	15.1073
1	121	74	123.314	77.7649	4.41899
1	121	74	123.649	54.3225	19.855
1	121	74	122.956	79.1177	5.47887
1	121	74	116.731	77.1792	5.32262
1	121	74	128.635	72.748	7.73728
1	121	74	125.088	88.4764	15.0425
1	121	74	141.305	82.4537	21.9946
1	121	74	122.828	82.8655	9.05207
1	121	74	141.709	84.3108	23.1341
1	121	74	118.678	45.7139	28.3813
1	121	74	109.462	96.1447	24.9701
1	121	74	133.651	55.5573	22.3647
1	121	74	123.867	78.0455	4.95858
1	121	74	116.997	88.8405	15.3708
1	121	74	108.27	95.887	25.3197
1	121	74	125.052	79.2435	6.62691
1	121	74	131.163	69.4579	11.1319
1	121	74	139.632	87.7436	23.1524
1	121	74	112.423	45.1736	30.0753
1	121	74	104.071	93.0238	25.4657
1	121	74	125.732	82.4011	9.64234
1	121	74	140.534	85.6551	22.7467
1	121	74	119.929	75.3875	1.75261
1	121	74	111.417	45.1734	30.3776
1	121	74	120.33	75.5555	1.69352
1	121	74	124.463	76.8244	4.46877
1	121	74	134.294	79.9849	14.5789
1	121	74	127.755	83.4104	11.5837
1	121	74	142.099	75.3284	21.1408
1	121	74	135.749	79.1591	15.6256
1	121	74	137.773	83.138	19.101
1	121	74	133.693	84.2553	16.3179
1	121	74	124.218	86.271	12.686
1	121	74	133.842	79.3678	13.919
1	121	74	128.123	68.8778	8.77361
1	121	74	127.58	93.5272	20.6058
1	121	74	123.669	80.094	6.65281
1	121	74	120.985	71.5791	2.42098
1	121	74	122.565	86.3466	12.4453
1	121	74	105.12	94.2072	25.7004
1	121	74	114.957	45.174	29.4525
1	121	74	138.181	74.754	17.1971
1	121	74	108.871	45.1729	31.2748
1	121	74	121.922	71.9111	2.28351
1	121	74	130.235	83.1023	12.967
1	121	74	135.83	51.9982	26.5333
1	121	74	136.766	77.7717	16.211
1	121	74	140.773	86.0696	23.1653
1	121	74	142.175	75.2622	21.2129
1	121	74	139.296	79.1492	19.0065
1	121	74	123.272	71.9344	3.07032
1	121	74	124.383	84.89	11.4033
1	121	74	100.324	52.7507	29.6486
1	121	74	121.5	80.2089	6.22896
1	121	74	136.192	79.6754	16.2173
1	121	74	118.73	74.7805	2.40013
1	121	74	105.643	62.2714	19.3236
1	121	74	122.826	88.2973	14.4134
1	121	74	131.281	81.5278	12.7427
1	121	74	128.467	77.2967	8.16203
1	121	74	131.663	84.2569	14.7952
1	121	74	140.704	85.3387	22.7331
1	121	74	111.761	45.6775	29.7911
