1	121	74	115.853	45.7511	28.714
1	121	74	71.4129	10.5525	80.5262
1	121	74	119.098	77.7155	4.17404
1	121	74	136.926	78.6114	16.5798
1	121	74	126.458	80.1666	8.2349
1	121	74	128.846	79.3006	9.46878
1	121	74	110.99	45.1733	30.5151
1	121	74	120.396	76.4616	2.53469
1	121	74	6.49252	86.9077	115.233
1	121	74	120.813	73.6322	0.412691
1	121	74	115.656	45.7946	28.7072
1	121	74	135.623	62.4555	18.6307
1	121	74	127.51	91.936	19.0811
1	121	74	134.152	66.4215	15.1794
1	121	74	95.8751	97.4373	34.3594
1	121	74	109.009	45.173	31.2215
1	121	74	139.486	73.1525	18.5059
1	121	74	128.808	65.1691	11.788
1	121	74	94.0887	97.4369	35.6862
1	121	74	127.374	65.7342	10.4382
1	121	74	76.7152	88.6683	46.6509
1	121	74	139.24	61.9812	21.8441
1	121	74	120.526	70.987	3.05008
1	121	74	46.6081	40.2156	81.704
1	121	74	127.067	74.0517	6.06707
1	121	74	132.899	79.8284	13.2499
1	121	74	128.306	93.656	20.9699
1	121	74	127.983	86.1686	14.0299
1	121	74	51.6016	37.292	78.5087
1	121	74	41.325	24.0182	94.0547
1	121	74	103.117	63.9185	20.529
1	121	74	89.6252	87.878	34.3071
1	121	74	116.826	87.2809	13.9213
1	121	74	127.975	82.15	10.7272
1	121	74	135.861	61.4266	19.4664
1	121	74	134.38	59.4317	19.7802
1	121	74	124.689	72.2478	4.0839
1	121	74	93.0043	93.6771	34.2191
1	121	74	137.778	49.2049	29.9384
1	121	74	114.371	45.5014	29.2595
1	121	74	100.049	97.3813	31.3949
1	121	74	100.526	64.4238	22.6027
1	121	74	132.472	55.5679	21.7107
1	121	74	141.335	83.1374	22.2932
1	121	74	131.182	81.8022	12.8277
1	121	74	116.413	45.8353	28.5357
1	121	74	98.5896	70.3462	22.7063
1	121	74	13.9835	32.5219	114.774
1	121	74	114.386	45.5424	29.2161
1	121	74	121.704	72.2697	1.86816
1	121	74	120.732	70.9319	3.0798
1	121	74	119.319	85.8837	12.002
1	121	74	66.1008	11.229	83.3914
1	121	74	130.737	84.6849	14.4561
1	121	74	110.302	87.6458	17.3393
1	121	74	131.646	61.7369	16.2395
1	121	74	130.79	81.5066	12.3366
1	121	74	121.913	97.4324	23.4502
1	121	74	139.566	84.9931	21.5761
1	121	74	124.297	87.6942	14.0855
1	121	74	118.353	46.1749	27.9507
1	121	74	132.06	72.1392	11.2158
1	121	74	140.186	71.9107	19.2996
1	121	74	50.9059	18.3374	89.507
1	121	74	131.994	65.0883	14.1525
1	121	74	119.664	46.3906	27.6417
1	121	74	139.585	73.3583	18.5962
1	121	74	125.464	49.6426	24.7631
1	121	74	108.109	46.901	30.0089
1	121	74	135.673	74.2472	14.6756
1	121	74	129.898	71.4822	9.24779
1	121	74	136.244	72.301	15.3385
1	121	74	98.1951	79.7818	23.5264
1	121	74	107.415	97.2809	26.9545
1	121	74	142.184	79.8967	21.9892
1	121	74	120.737	79.4679	5.47425
1	121	74	139.687	85.0677	21.7187
1	121	74	97.6703	97.4377	33.0696
1	121	74	128.168	75.8094	7.39288
1	121	74	98.3011	59.2092	27.0926
1	121	74	107.239	97.0546	26.8492
1	121	74	138.011	75.4415	17.0717
1	121	74	93.1608	63.4529	29.7702
1	121	74	97.7126	46.514	36.0248
1	121	74	124.448	71.385	4.32746
1	121	74	117.394	78.8124	6.01372
1	121	74	66.6238	13.4866	81.355
1	121	74	129.024	75.2274	8.11705
1	121	74	120.812	76.033	2.04163
1	121	74	108.401	96.2309	25.553
1	121	74	130.262	70.2037	10.0101
1	121	74	112.14	45.1735	30.1572
1	121	74	85.0008	64.2866	37.2866
1	121	74	101.319	95.818	29.3834
1	121	74	131.092	55.6854	20.9109
1	121	74	99.4444	96.0034	30.8025
1	121	74	105.026	97.3834	28.3186
1	121	74	137.44	63.6693	19.4165
1	121	74	109.842	48.1081	28.1938
1	121	74	111.638	87.2965	16.2619
1	121	74	132.712	63.4309	15.776
1	121	74	114.905	45.6254	29.0219
1	121	74	110.712	97.0297	25.2231
1	121	74	120.896	90.9673	16.9676
1	121	74	102.728	96.697	29.1377
1	121	74	120.15	85.5979	11.629
1	121	74	117.558	46.0466	28.1646
1	121	74	113.979	48.7046	26.2517
1	121	74	117.871	45.7577	28.4151
1	121	74	117.824	76.2527	3.89363
1	121	74	119.671	95.5999	21.6408
1	121	74	120.44	73.2115	0.96742
1	121	74	75.175	51.841	50.9014
1	121	74	130.482	61.8586	15.4053
1	121	74	141.128	59.5336	24.7875
1	121	74	125.128	75.7385	4.47884
1	121	74	116.015	84.3288	11.4687
1	121	74	112.423	47.0873	28.2464
1	121	74	112.535	45.2142	30.0045
1	121	74	96.2593	46.5968	36.9194
1	121	74	136.829	71.356	16.0482
1	121	74	138.344	74.7145	17.3586
1	121	74	115.419	79.0324	7.51502
1	121	74	55.2357	46.2183	71.3917
1	121	74	108.06	65.2024	15.6472
1	121	74	125.268	80.7667	8.00048
1	121	74	85.3195	65.9977	36.5669
1	121	74	125.46	97.4335	23.8541
1	121	74	101.869	96.1729	29.2854
1	121	74	114.425	83.523	11.5724
1	121	74	117.492	70.5321	4.93295
1	121	74	109.585	97.4401	26.0718
1	121	74	131.987	75.146	11.0469
1	121	74	98.364	53.4053	30.6028
1	121	74	126.342	73.5755	5.35884
1	121	74	10.7362	83.2326	110.65
1	121	74	136.452	73.023	15.4833
1	121	74	140.689	69.9861	20.094
1	121	74	111.317	45.1734	30.4094
1	121	74	126.715	78.5466	7.30278
1	121	74	97.1598	97.4376	33.4317
1	121	74	39.0247	24.7039	95.6559
1	121	74	108.826	64.5039	15.4395
1	121	74	137.174	58.4953	22.4052
1	121	74	101.083	92.4718	27.1645
1	121	74	104.136	54.5736	25.7252
1	121	74	125.003	82.1892	9.11526
1	121	74	105.555	75.8471	15.5547
1	121	74	45.0228	21.4265	92.3932
1	121	74	88.9877	97.4358	39.674
1	121	74	106.317	97.3839	27.6113
1	121	74	101.144	90.3181	25.7013
1	121	74	97.833	96.9269	32.5937
1	121	74	109.419	45.173	31.0663
1	121	74	102.193	97.3822	30.0069
1	121	74	115.456	80.4833	8.53073
1	121	74	120.306	70.4675	3.6001
1	121	74	141.415	79.4658	21.1344
1	121	74	103.497	45.172	33.7256
1	121	74	55.2375	23.4491	82.9464
1	121	74	125.15	91.7262	18.2056
1	121	74	140.384	84.2488	21.9268
1	121	74	119.644	86.7968	12.8684
1	121	74	128.544	70.3351	8.38737
1	121	74	82.7836	54.0499	43.1104
1	121	74	51.2293	38.0471	78.4892
1	121	74	139.413	70.9531	18.6629
1	121	74	92.6349	67.1448	29.1817
1	121	74	139.82	72.1135	18.914
1	121	74	119.503	85.7083	11.8036
1	121	74	117.919	76.9241	4.24798
1	121	74	127.681	78.1328	7.85597
1	121	74	105.021	97.3834	28.3217
1	121	74	138.322	78.4953	17.8956
1	121	74	132.164	68.3222	12.525
1	121	74	131.48	74.3839	10.4866
1	121	74	128.247	82.6138	11.2565
1	121	74	133.764	86.7191	18.0195
1	121	74	128.365	89.0492	16.7545
1	121	74	117.404	94.6843	20.9946
1	121	74	98.4578	55.643	29.0712
1	121	74	10.5567	83.1132	110.819
1	121	74	140.231	75.325	19.2761
1	121	74	70.5688	13.2589	78.948
1	121	74	135.091	68.7659	15.0318
1	121	74	137.991	75.5619	17.0626
1	121	74	122.53	89.5493	15.6245
1	121	74	110.719	45.1733	30.6052
1	121	74	70.0065	11.0142	81.0405
1	121	74	134.152	72.1482	13.2812
1	121	74	85.2472	65.8485	36.6703
1	121	74	107.199	93.1073	23.5705
1	121	74	107.092	97.4465	27.2611
1	121	74	123.157	86.7059	12.8877
1	121	74	134.5	74.2734	13.5027
1	121	74	103.474	45.4967	33.4602
1	121	74	115.374	82.2095	9.9523
1	121	74	116.803	81.4838	8.58012
1	121	74	126.125	76.2587	5.60094
1	121	74	6.29347	88.6106	115.633
1	121	74	118.113	46.1322	28.017
1	121	74	100.522	97.4383	31.1241
1	121	74	92.3597	69.8054	28.9459
1	121	74	119.862	71.6505	2.61072
1	121	74	127.013	74.3237	6.02207
1	121	74	6.43655	86.8957	115.287
1	121	74	130.975	87.7364	16.9759
1	121	74	96.8084	45.1708	37.6345
1	121	74	115.71	82.8095	10.276
1	121	74	110.177	61.8415	16.2781
1	121	74	126.542	72.9718	5.63642
1	121	74	104.505	53.6737	26.1769
1	121	74	102.849	46.4455	32.9958
1	121	74	127.764	78.0908	7.90508
1	121	74	135.984	75.0751	15.0229
1	121	74	95.7821	97.4661	34.4471
1	121	74	136.632	64.224	18.4376
1	121	74	115.305	45.6675	28.8993
1	121	74	120.225	93.2049	19.2206
1	121	74	118.713	84.4513	10.6987
1	121	74	117.747	46.0889	28.1
1	121	74	115.938	45.7926	28.658
1	121	74	124.945	71.0626	4.91811
1	121	74	128.79	51.7182	23.6042
1	121	74	130.566	91.1999	19.6809
1	121	74	141.153	54.5182	28.0301
1	121	74	123.173	93.5615	19.6818
1	121	74	134.639	83.0762	16.3829
1	121	74	116.688	45.8775	28.4511
1	121	74	129.698	61.9298	14.8774
1	121	74	59.4679	45.6839	67.7348
1	121	74	88.03	65.3491	34.086
1	121	74	108.782	46.4729	30.1168
1	121	74	122.961	88.4645	14.5969
1	121	74	135.221	73.5194	14.2291
1	121	74	127.883	82.757	11.138
1	121	74	122.989	72.79	2.3279
1	121	74	101.681	97.4385	30.3743
1	121	74	116.584	55.4619	19.0569
1	121	74	99.9336	95.5177	30.1132
1	121	74	138.349	56.808	24.4241
1	121	74	92.2611	68.0777	29.3428
1	121	74	116.875	78.1043	5.8189
1	121	74	62.6355	93.5929	61.5654
1	121	74	139.937	71.5474	19.0955
1	121	74	118.195	79.0626	5.78776
1	121	74	126.277	76.3613	5.78137
1	121	74	130.967	75.025	10.0197
1	121	74	101.415	97.4384	30.544
1	121	74	142.18	77.7139	21.5032
1	121	74	117.525	79.3721	6.39828
1	121	74	96.3283	97.3798	33.9898
1	121	74	124.717	75.5815	4.03982
1	121	74	110.367	87.1709	16.9274
1	121	74	102.674	96.8088	29.259
1	121	74	138.119	70.8503	17.4059
1	121	74	116.715	45.919	28.406
1	121	74	135.15	78.0277	14.7118
1	121	74	140.146	84.3661	21.7725
1	121	74	114.789	94.9905	21.89
1	121	74	118.257	46.1744	27.9604
1	121	74	109.154	96.6763	25.5842
1	121	74	118.909	88.1966	14.3497
1	121	74	116.811	96.114	22.5072
1	121	74	137.535	85.9528	20.4025
1	121	74	105.462	86.6301	20.0239
1	121	74	99.416	50.121	32.1881
1	121	74	129.554	82.2253	11.8673
1	121	74	113.486	80.4852	9.92588
1	121	74	122.251	72.1447	2.23772
1	121	74	137.016	70.2227	16.4553
1	121	74	139.739	84.2974	21.382
1	121	74	127.529	93.1378	20.2211
1	121	74	91.9046	60.458	32.0925
1	121	74	126.043	81.3672	8.92773
1	121	74	114.869	70.0703	7.28208
1	121	74	99.6088	92.9686	28.59
1	121	74	128.477	76.9689	8.04497
1	121	74	132.949	76.8108	12.2752
1	121	74	98.7457	91.135	28.0867
1	121	74	140.119	75.2842	19.1616
1	121	74	141.543	64.6415	22.5743
1	121	74	120.569	72.6116	1.45361
1	121	74	118.022	46.1317	28.0269
1	121	74	96.939	91.6774	29.8567
1	121	74	86.0076	63.8756	36.4277
1	121	74	127.826	87.9526	15.5328
1	121	74	138.421	64.464	19.8604
1	121	74	114.211	77.7341	7.74808
1	121	74	116.628	84.0048	10.9184
1	121	74	41.355	23.9924	94.043
1	121	74	131.162	71.037	10.585
1	121	74	132.542	67.7681	13.1171
1	121	74	95.8727	97.4373	34.3611
1	121	74	93.7915	94.3063	33.9506
1	121	74	139.534	76.3619	18.6835
1	121	74	134.927	66.981	15.5961
1	121	74	135.082	82.437	16.416
1	121	74	41.1792	24.1179	94.1254
1	121	74	56.0812	97.4288	69.017
1	121	74	120.37	91.5902	17.6014
1	121	74	115.57	45.7092	28.8073
1	121	74	141.2	70.0127	20.5895
1	121	74	62.8504	11.1504	85.6239
1	121	74	96.0233	97.3796	34.2117
1	121	74	139.189	74.5682	18.1979
1	121	74	109.97	45.1731	30.8651
1	121	74	121.964	71.4009	2.77207
1	121	74	139.972	72.0756	19.0698
1	121	74	130.079	63.468	13.9053
1	121	74	109.862	45.828	30.2937
1	121	74	114.322	45.8936	28.8889
1	121	74	126.178	68.0706	7.87225
1	121	74	134.058	52.7227	24.9649
1	121	74	139.932	66.6791	20.2984
1	121	74	71.5126	10.569	80.4518
1	121	74	120.292	71.8139	2.29789
1	121	74	41.748	23.299	94.0823
1	121	74	116.715	68.3683	7.0764
1	121	74	90.9813	63.6063	31.7672
1	121	74	110.34	95.0935	23.6342
1	121	74	101.33	97.3819	30.5555
1	121	74	109.424	97.4401	26.1427
1	121	74	113.421	78.6681	8.90083
1	121	74	112.368	45.1736	30.0911
1	121	74	120.428	91.6581	17.6673
1	121	74	110.897	82.1854	13.0028
1	121	74	132.635	81.2774	13.7238
1	121	74	114.743	76.52	6.7455
1	121	74	113.153	94.9158	22.3392
1	121	74	116.492	82.9611	10.0312
1	121	74	106.208	49.4575	28.6554
1	121	74	111.776	45.1735	30.2662
1	121	74	128.434	76.1869	7.74901
1	121	74	74.1855	88.7931	49.0962
1	121	74	43.8922	21.6277	93.212
1	121	74	105.314	79.1052	16.4963
1	121	74	140.614	83.6839	21.874
1	121	74	91.3562	63.5744	31.4237
1	121	74	117.49	97.3837	23.6457
1	121	74	52.8323	39.6473	76.3344
1	121	74	123.375	75.9474	3.071
1	121	74	110.61	85.9662	15.8477
1	121	74	98.6077	45.5781	36.1831
1	121	74	106.712	54.2278	24.3944
1	121	74	105.691	97.4393	27.996
1	121	74	123.739	97.433	23.5926
1	121	74	108.13	96.6719	26.0699
1	121	74	45.5824	97.4265	78.9722
1	121	74	103.63	97.4389	29.1738
1	121	74	107.494	48.8478	28.549
1	121	74	127.515	75.2585	6.63538
1	121	74	139.449	85.0786	21.5198
1	121	74	113.553	97.3973	24.5538
1	121	74	52.109	39.8047	76.911
1	121	74	131.321	75.8999	10.4947
1	121	74	106.671	97.4395	27.4726
1	121	74	126.66	77.0856	6.44654
1	121	74	125.476	92.8443	19.3686
1	121	74	85.2637	65.8484	36.6542
1	121	74	118.778	73.0755	2.40653
1	121	74	123.445	47.3164	26.7954
1	121	74	134.397	82.6892	15.9678
1	121	74	138.564	76.1926	17.7007
1	121	74	95.0172	97.4371	34.9915
1	121	74	56.684	97.2007	68.3727
1	121	74	139.96	57.0531	25.43
1	121	74	71.2902	10.5641	80.5927
1	121	74	119.347	46.3261	27.7232
1	121	74	117.36	83.6277	10.2929
1	121	74	142.185	80.7906	22.247
1	121	74	113.584	92.9663	20.3647
1	121	74	107.594	95.3872	25.2414
1	121	74	104.577	97.4391	28.6198
1	121	74	100.842	51.5123	30.1998
1	121	74	56.9252	47.7167	69.256
1	121	74	132.361	70.7332	11.8209
1	121	74	134.644	78.6677	14.4199
1	121	74	93.1098	73.2512	27.9002
1	121	74	132.92	77.7595	12.4988
1	121	74	142.179	77.244	21.4261
1	121	74	119.604	46.3903	27.645
1	121	74	121.437	71.5569	2.48182
1	121	74	124.969	81.6312	8.60165
1	121	74	119.892	46.0731	27.9489
1	121	74	120.087	78.7254	4.81274
1	121	74	123.777	72.0133	3.41467
1	121	74	138.506	72.5579	17.5655
1	121	74	119.11	46.2621	27.8023
1	121	74	117.785	90.5465	16.8559
1	121	74	104.123	45.1721	33.405
1	121	74	104.671	81.9985	18.1831
1	121	74	138.758	73.7924	17.7597
1	121	74	117.992	85.307	11.7003
1	121	74	117.714	46.0888	28.104
1	121	74	50.5772	31.6831	82.1589
1	121	74	108.423	45.1728	31.4514
1	121	74	44.9907	21.0053	92.6598
1	121	74	122.192	79.7631	5.88513
1	121	74	115.908	45.7925	28.6634
1	121	74	88.1933	55.5819	37.6232
1	121	74	127.783	91.264	18.5487
1	121	74	119.928	78.2106	4.34492
1	121	74	116.608	85.898	12.6828
1	121	74	128.674	75.8353	7.89056
1	121	74	70.5452	11.1822	80.5715
1	121	74	136.929	73.561	15.9354
1	121	74	94.9883	57.6989	30.6974
1	121	74	98.7478	94.8248	30.4768
1	121	74	106.944	68.6997	15.0217
1	121	74	127.503	91.2848	18.4676
1	121	74	134.965	84.0941	17.231
1	121	74	89.1655	62.2068	33.9487
1	121	74	111.546	45.2276	30.2858
1	121	74	94.5086	97.379	35.3323
1	121	74	98.7439	97.4379	32.3213
1	121	74	116.317	46.0668	28.323
1	121	74	129.652	54.7436	21.1109
1	121	74	136.352	70.7168	15.6992
1	121	74	136.505	55.8553	23.8673
1	121	74	121.99	76.8622	3.02848
1	121	74	117.238	46.0038	28.2478
1	121	74	54.3582	41.5505	74.1222
1	121	74	98.5685	46.8992	35.1799
1	121	74	117.985	46.0899	28.0725
1	121	74	139.299	84.4793	21.0874
1	121	74	119.253	74.9237	1.97639
1	121	74	115.154	45.667	28.9297
1	121	74	51.9264	50.6457	72.915
1	121	74	128.164	92.9081	20.22
1	121	74	126.666	87.6048	14.7377
1	121	74	122.061	79.1954	5.3026
1	121	74	110.757	81.1104	12.4687
1	121	74	112.834	45.255	29.8824
1	121	74	78.7571	50.1817	48.4951
1	121	74	123.654	74.4084	2.68571
1	121	74	137.111	64.6542	18.6256
1	121	74	117.401	46.0044	28.2259
1	121	74	128.901	76.0613	8.16502
1	121	74	101.444	97.3819	30.4822
1	121	74	127.846	75.3175	6.97159
1	121	74	138.819	48.8126	30.8533
1	121	74	98.9816	97.4379	32.1582
1	121	74	132.096	85.7285	16.1453
1	121	74	41.1505	24.1426	94.1366
1	121	74	115.672	47.8098	26.7265
1	121	74	135.431	57.0225	22.2818
1	121	74	113.692	92.4257	19.8221
1	121	74	111.555	88.1993	17.0538
1	121	74	96.0439	57.3661	29.9915
1	121	74	114.878	47.3963	27.2991
1	121	74	111.681	97.4406	25.225
1	121	74	126.868	75.2047	5.99067
1	121	74	111.219	92.1875	20.6509
1	121	74	103.574	69.5071	17.9954
1	121	74	80.5833	53.1489	45.4784
1	121	74	119.878	45.9634	28.059
1	121	74	128.776	74.0729	7.77616
1	121	74	118.262	78.7377	5.47186
1	121	74	102.639	96.854	29.3158
1	121	74	111.446	45.1734	30.3686
1	121	74	110.886	45.1733	30.5495
1	121	74	140.336	63.3779	22.0614
1	121	74	103.381	70.5026	17.9629
1	121	74	111.081	62.4115	15.2539
1	121	74	126.078	67.7775	8.03159
1	121	74	134.645	58.5375	20.6222
1	121	74	42.3928	40.6912	85.3731
1	121	74	117.52	46.0049	28.2106
1	121	74	141.819	82.5711	22.5147
1	121	74	71.4001	10.5424	80.5421
1	121	74	127.473	66.5529	9.86731
1	121	74	100.692	92.2809	27.3243
1	121	74	124.094	69.3581	5.57861
1	121	74	135.762	64.9316	17.3249
1	121	74	99.442	95.9574	30.7714
1	121	74	141.172	56.3914	26.7763
1	121	74	130.248	77.1813	9.78035
1	121	74	133.045	80.1557	13.5271
1	121	74	107.268	96.5944	26.4403
1	121	74	84.9673	66.1917	36.869
1	121	74	129.642	66.232	11.6203
1	121	74	120.475	73.3291	0.85207
1	121	74	131.863	90.599	19.8377
1	121	74	63.1625	11.3156	85.2907
1	121	74	128.543	71.2878	8.016
1	121	74	132.502	84.3328	15.462
1	121	74	110.236	93.639	22.3953
1	121	74	127.963	77.6686	7.86991
1	121	74	134.208	79.4738	14.297
1	121	74	96.1763	93.1346	31.3424
1	121	74	114.792	82.6163	10.6199
1	121	74	82.1046	56.3934	42.6948
1	121	74	103.91	89.9972	23.4087
1	121	74	125.877	92.3437	18.981
1	121	74	51.9802	37.6462	78.0086
1	121	74	120.646	71.9854	2.04557
1	121	74	114.692	85.0569	12.73
1	121	74	94.8838	47.1882	37.429
1	121	74	58.9805	92.9585	64.8525
1	121	74	117.807	91.3373	17.6289
1	121	74	122.573	90.2749	16.3508
1	121	74	117.65	77.5753	4.89977
1	121	74	97.6066	93.262	30.3031
1	121	74	95.1932	96.828	34.4544
1	121	74	119.369	78.4803	4.76794
1	121	74	50.0092	50.1989	74.8745
1	121	74	125.179	93.1455	19.5963
1	121	74	124.186	47.101	27.0871
1	121	74	134.755	48.4976	28.9753
1	121	74	84.1688	66.1182	37.6651
1	121	74	136.984	79.6478	16.9529
1	121	74	139.055	74.4015	18.0599
1	121	74	105.997	47.8785	30.1237
1	121	74	139.451	85.1452	21.5561
1	121	74	138.999	85.765	21.5026
1	121	74	130.621	51.7617	24.2305
1	121	74	116.076	75.3784	5.11304
1	121	74	120.776	65.3568	8.64611
1	121	74	130.537	69.0653	10.7378
1	121	74	77.8842	65.0151	44.0421
1	121	74	126.869	72.2157	6.13438
1	121	74	114.071	45.5009	29.3293
1	121	74	94.063	97.4369	35.7056
1	121	74	142.198	42.616	37.8723
1	121	74	94.8362	56.6154	31.4129
1	121	74	84.047	65.7281	37.8675
1	121	74	116.926	76.8753	4.98673
1	121	74	128.054	74.3837	7.0647
1	121	74	129.03	63.802	12.9799
1	121	74	134.96	80.7152	15.4916
1	121	74	128.142	82.8199	11.3492
1	121	74	132.406	73.1697	11.4359
1	121	74	111.197	97.4767	25.4411
1	121	74	109.608	46.2493	29.9979
1	121	74	41.618	24.4758	93.5636
1	121	74	141.051	77.9042	20.4278
1	121	74	116.038	46.2293	28.2105
1	121	74	125.727	80.836	8.31097
1	121	74	126.141	55.8298	18.8835
1	121	74	93.9934	97.4369	35.7581
1	121	74	123.359	93.0051	19.1509
1	121	74	125.041	63.808	10.9639
1	121	74	141.553	82.7079	22.3212
1	121	74	112.673	92.1255	19.9465
1	121	74	58.4638	92.176	65.1241
1	121	74	100.667	69.0956	20.9164
1	121	74	113.852	75.9677	7.41365
1	121	74	140.436	84.9111	22.2891
1	121	74	60.2225	97.4297	65.1372
1	121	74	136.772	71.6957	15.9398
1	121	74	125.229	88.2114	14.8272
1	121	74	132.956	60.4081	18.1021
1	121	74	92.8381	61.3417	30.8759
1	121	74	112.641	88.7752	16.9759
1	121	74	141.715	77.0936	20.9447
1	121	74	40.8571	24.3431	94.2799
1	121	74	131.663	84.4159	14.906
1	121	74	109.807	46.4724	29.716
1	121	74	115.189	93.7693	20.6057
1	121	74	130.327	72.7559	9.41001
1	121	74	108.275	46.4063	30.3864
1	121	74	125.287	71.2532	5.0913
1	121	74	52.1489	38.1656	77.6182
1	121	74	41.2206	24.0922	94.1039
1	121	74	105.885	97.4394	27.8901
1	121	74	112.543	89.5362	17.6886
1	121	74	118.04	91.2783	17.5299
1	121	74	103.548	79.2575	18.2268
1	121	74	66.5164	14.1836	80.9102
1	121	74	52.123	37.8123	77.8048
1	121	74	108.674	97.391	26.4399
1	121	74	112.814	45.2549	29.8879
1	121	74	119.325	46.3469	27.7038
1	121	74	110.566	55.8613	20.9258
1	121	74	49.34	10.6034	95.6781
1	121	74	108.306	49.0387	28.0038
1	121	74	142.076	79.0843	21.6805
1	121	74	113.354	45.4968	29.5109
1	121	74	140.512	69.3303	20.0626
1	121	74	102.464	79.1494	19.2377
1	121	74	76.1165	28.3875	63.9924
1	121	74	113.088	97.3936	24.6955
1	121	74	133.723	66.1225	14.9643
1	121	74	133.969	80.1054	14.334
1	121	74	119.05	78.164	4.59806
1	121	74	114.656	48.0081	26.7548
1	121	74	50.863	37.6942	78.9766
1	121	74	132.467	68.9481	12.5301
1	121	74	41.3792	23.9795	94.0294
1	121	74	141.684	82.9258	22.5273
1	121	74	117.63	86.7879	13.2246
1	121	74	112.05	96.108	23.8509
1	121	74	126.66	69.5992	7.16946
1	121	74	121.439	74.8277	0.936925
1	121	74	82.0942	58.4066	41.9144
1	121	74	66.2579	12.8951	82.0397
1	121	74	52.028	38.2281	77.6966
1	121	74	97.5887	72.2212	23.4787
1	121	74	120.974	50.2055	23.7945
1	121	74	10.6644	83.1919	110.718
1	121	74	133.29	82.7862	15.1079
1	121	74	138.016	76.5103	17.1999
1	121	74	137.953	61.0414	21.3386
1	121	74	134.147	80.1245	14.5037
1	121	74	88.2323	88.2243	35.7218
1	121	74	40.7733	24.4013	94.3205
1	121	74	71.3658	10.5265	80.5757
1	121	74	98.58	80.4681	23.3343
1	121	74	117.477	83.1522	9.80678
1	121	74	71.5193	89.6731	51.9036
1	121	74	141.698	82.7488	22.4709
1	121	74	109.238	52.1494	24.8154
1	121	74	114.393	92.5466	19.6882
1	121	74	116.205	77.8337	6.13905
1	121	74	131.976	85.9396	16.2181
1	121	74	139.113	85.6485	21.5349
1	121	74	81.7908	54.9534	43.5905
1	121	74	59.4025	43.4919	68.7386
1	121	74	119.914	46.6223	27.3992
1	121	74	106.37	86.7691	19.4186
1	121	74	105.766	75.0477	15.2697
1	121	74	140.327	83.7124	21.63
1	121	74	135.726	73.3273	14.7417
1	121	74	128.086	53.5633	21.6304
1	121	74	103.236	88.6209	23.0073
1	121	74	85.6404	53.507	40.8688
1	121	74	71.4261	10.5459	80.5232
1	121	74	134.839	48.5795	28.9434
1	121	74	134.671	79.4435	14.7146
1	121	74	135.156	81.3237	15.9382
1	121	74	100.464	97.4382	31.1619
1	121	74	105.386	88.7872	21.5049
1	121	74	115.167	47.0085	27.6146
1	121	74	122.189	70.7978	3.41586
1	121	74	131.885	69.2531	11.8751
1	121	74	133.196	77.3848	12.6571
1	121	74	133.894	78.1946	13.5591
1	121	74	73.1924	11.105	79.0022
1	121	74	135.95	75.4001	15.0153
1	121	74	114.854	53.8708	21.0465
1	121	74	94.5013	93.2084	32.7283
1	121	74	96.6768	97.4375	33.7777
1	121	74	140.467	59.3491	24.3641
1	121	74	50.4043	50.6148	74.3681
1	121	74	119.152	76.9048	3.44298
1	121	74	71.3755	10.653	80.4701
1	121	74	99.4126	96.5035	31.1837
1	121	74	131.104	85.0002	14.9361
1	121	74	103.936	97.439	28.9925
1	121	74	107.373	95.9783	25.8598
1	121	74	121.181	69.2289	4.7745
1	121	74	140.169	75.985	19.2711
1	121	74	138.79	61.9336	21.4963
1	121	74	98.4351	50.2909	32.7307
1	121	74	104.085	97.439	28.9048
1	121	74	82.6976	97.4345	44.9027
1	121	74	135.661	82.3573	16.8756
1	121	74	137.386	85.8988	20.2508
1	121	74	120.733	79.7078	5.71403
1	121	74	120.587	92.7933	18.7978
1	121	74	116.688	84.318	11.1827
1	121	74	121.22	72.1145	1.89825
1	121	74	73.048	10.6067	79.4865
1	121	74	116.077	83.0371	10.2911
1	121	74	115.384	45.6676	28.8837
1	121	74	108.58	96.4581	25.6634
1	121	74	96.7784	53.2491	31.8949
1	121	74	128.426	64.3631	12.1662
1	121	74	118.433	68.4983	6.0712
1	121	74	118.411	76.4205	3.54422
1	121	74	133.869	65.4565	15.447
1	121	74	123.156	71.1341	3.58652
1	121	74	118.117	76.9072	4.09408
1	121	74	112.483	45.2142	30.0194
1	121	74	117.413	82.0567	8.81899
1	121	74	128.374	81.5824	10.5768
1	121	74	130.51	63.0987	14.4666
1	121	74	125.304	47.2614	27.0828
1	121	74	113.671	87.8978	15.7117
1	121	74	114.591	96.4011	23.2999
1	121	74	120.907	76.7022	2.70377
1	121	74	137.965	73.9236	16.9653
1	121	74	105.634	53.0465	25.984
1	121	74	136.188	69.238	15.9166
1	121	74	85.0168	59.2162	38.9018
1	121	74	125.161	56.2828	18.1992
1	121	74	134.883	89.9423	21.1401
1	121	74	128.317	71.4168	7.75976
1	121	74	136.132	78.9139	15.91
1	121	74	140.017	75.5684	19.0813
1	121	74	113.662	83.9471	12.3611
1	121	74	125.605	92.7949	19.3508
1	121	74	54.0881	97.1747	70.8115
1	121	74	133.756	72.8614	12.8069
1	121	74	119.284	75.0639	2.01928
1	121	74	109.006	64.5401	15.2754
1	121	74	135.111	60.6002	19.4598
1	121	74	105.889	45.1724	32.548
1	121	74	134.938	71.1173	14.2332
1	121	74	99.6775	93.1853	28.6832
1	121	74	60.4244	42.8771	68.1031
1	121	74	135.696	77.1473	15.029
1	121	74	101.419	46.4274	33.8181
1	121	74	141.966	59.2861	25.6135
1	121	74	115.971	84.9441	12.0442
1	121	74	120.367	77.3974	3.45582
1	121	74	122.852	90.4237	16.5278
1	121	74	130.067	78.5225	10.1325
1	121	74	51.8234	97.3622	73.0151
1	121	74	133.424	67.298	14.1163
1	121	74	125.401	91.6904	18.2296
1	121	74	141.696	82.5598	22.3967
1	121	74	112.308	45.2141	30.0697
1	121	74	56.3188	97.4288	68.7936
1	121	74	82.0192	57.0295	42.5148
1	121	74	113.068	45.3365	29.7408
1	121	74	113.018	46.3094	28.8181
1	121	74	98.5651	97.3807	32.4035
1	121	74	117.984	46.0899	28.0726
1	121	74	141.511	71.2631	20.6928
1	121	74	135.134	72.677	14.1956
1	121	74	126.07	68.9649	7.14546
1	121	74	117.292	46.004	28.2405
1	121	74	92.8736	97.4367	36.6111
1	121	74	104.127	47.1028	31.7512
1	121	74	133.066	63.0109	16.3204
1	121	74	103.234	92.6623	25.7661
1	121	74	109.212	46.5619	29.8631
1	121	74	132.002	79.9277	12.4976
1	121	74	127.828	93.8466	20.9884
1	121	74	99.7408	97.4381	31.6433
1	121	74	100.479	72.6212	20.5677
1	121	74	139.84	84.1529	21.402
1	121	74	134.363	83.4901	16.3903
1	121	74	130.441	62.6268	14.7811
1	121	74	108.082	86.854	18.2235
1	121	74	129.47	74.3582	8.47757
1	121	74	126.139	47.4204	27.0718
1	121	74	121.338	90.3466	16.3501
1	121	74	120.865	50.2188	23.7816
1	121	74	138.785	74.3287	17.7882
1	121	74	40.6613	24.481	94.3739
1	121	74	141.871	69.125	21.4329
1	121	74	51.6206	39.6697	77.4085
1	121	74	95.8593	92.8492	31.4221
1	121	74	140.998	70.661	20.2752
1	121	74	128.235	66.1996	10.6393
1	121	74	117.732	46.0888	28.1019
1	121	74	108.407	84.5113	16.4031
1	121	74	125.492	67.8716	7.59855
1	121	74	140.267	84.3695	21.8799
1	121	74	138.573	72.8794	17.6086
1	121	74	138.232	73.4887	17.2398
1	121	74	127.211	94.6855	21.5979
1	121	74	131.936	82.2702	13.7107
1	121	74	124.937	68.0845	7.10575
1	121	74	93.9553	97.4369	35.787
1	121	74	119.318	52.173	21.8917
1	121	74	115.503	88.3334	15.3513
1	121	74	140.346	63.0163	22.2462
1	121	74	98.836	97.4379	32.258
1	121	74	127.224	75.1587	6.33107
1	121	74	114.578	66.9782	9.51548
1	121	74	96.3726	49.0469	35.0595
1	121	74	26.0026	31.655	104.008
1	121	74	113.722	84.7256	12.9615
1	121	74	70.6204	33.078	64.9055
1	121	74	35.7876	18.1979	101.858
1	121	74	51.5578	38.5314	77.9759
1	121	74	92.1527	35.2966	48.2713
1	121	74	101.093	63.7395	22.3958
1	121	74	133.815	73.8789	12.8153
1	121	74	107.839	97.0012	26.5004
1	121	74	129.939	74.8646	8.98101
1	121	74	125.948	85.2875	12.3242
1	121	74	126.341	70.8061	6.22353
1	121	74	139.934	55.857	26.2231
1	121	74	138.77	79.6232	18.6384
1	121	74	104.247	97.439	28.8106
1	121	74	128.454	76.126	7.75155
1	121	74	104.273	97.2049	28.6054
1	121	74	77.9866	21.0692	68.2043
1	121	74	132.941	73.8711	11.9416
1	121	74	47.9394	97.2367	76.6668
1	121	74	106.421	88.2134	20.3608
1	121	74	118.2	88.558	14.8249
1	121	74	119.675	78.1043	4.31282
1	121	74	127.488	68.8772	8.26672
1	121	74	114.197	45.5011	29.2997
1	121	74	47.8625	28.85	85.9513
1	121	74	59.589	97.4295	65.7286
1	121	74	101.769	46.0322	33.9413
1	121	74	115.15	81.8645	9.80174
1	121	74	98.5057	70.0856	22.8323
1	121	74	119.122	46.2621	27.8014
1	121	74	138.229	72.6351	17.2826
1	121	74	84.4416	65.9735	37.4291
1	121	74	104.759	90.6731	23.276
1	121	74	105.401	97.4393	28.1553
1	121	74	108.723	53.1305	24.213
1	121	74	124.007	74.1795	3.01249
1	121	74	136.792	60.5494	20.7442
1	121	74	129.458	60.9475	15.5534
1	121	74	131.027	84.3473	14.4086
1	121	74	111.538	97.4802	25.3151
1	121	74	116.842	81.022	8.16057
1	121	74	133.019	74.2875	12.0225
1	121	74	134.762	76.8137	14.0464
1	121	74	106.279	94.0454	24.8703
1	121	74	118.404	46.1751	27.9458
1	121	74	106.034	68.408	15.9762
1	121	74	99.7649	47.1149	34.2598
1	121	74	84.1696	45.6027	46.5068
1	121	74	119.41	53.1107	20.9498
1	121	74	134.592	53.0496	24.9734
1	121	74	120.779	79.5661	5.57045
1	121	74	129.862	76.2655	9.14681
1	121	74	104.884	49.7967	29.0778
1	121	74	139.165	85.5062	21.5029
1	121	74	102.426	97.4387	29.9061
1	121	74	113.99	45.4803	29.3685
1	121	74	135.819	79.6914	15.8745
1	121	74	115.715	45.7507	28.7394
1	121	74	127.648	61.6747	14.004
1	121	74	108.576	93.5241	23.1419
1	121	74	120.517	75.834	1.89652
1	121	74	116.678	84.1615	11.0425
1	121	74	132.416	57.1501	20.3529
1	121	74	142.186	81.282	22.4026
1	121	74	135.333	72.3347	14.4299
1	121	74	117.299	75.9851	4.19999
1	121	74	118.341	45.7497	28.3751
1	121	74	109.937	97.4402	25.9196
1	121	74	114.505	69.5688	7.86271
1	121	74	115.062	45.6257	28.989
1	121	74	123.705	59.4726	14.7771
1	121	74	10.6644	83.1764	110.717
1	121	74	140.382	84.1346	21.8714
1	121	74	128.699	91.6531	19.2588
1	121	74	113.29	94.269	21.6857
1	121	74	138.358	76.6268	17.5554
1	121	74	125.262	75.1509	4.41442
1	121	74	114.306	45.5013	29.2743
1	121	74	140.26	69.8688	19.6982
1	121	74	115.661	45.7094	28.7899
1	121	74	83.6819	62.1949	39.1408
1	121	74	108.377	63.4273	16.4656
1	121	74	118.646	46.218	27.8816
1	121	74	118.18	46.1324	28.01
1	121	74	134.631	76.4493	13.8494
1	121	74	105.521	97.4393	28.0889
1	121	74	130.116	91.5311	19.7598
1	121	74	105.741	65.3589	17.536
1	121	74	125.12	47.2381	27.0772
1	121	74	112.27	97.485	25.0551
1	121	74	110.979	71.1421	10.4205
1	121	74	106.634	65.5235	16.6803
1	121	74	52.2114	39.648	76.8891
1	121	74	140.266	84.3492	21.8699
1	121	74	72.1904	10.9623	79.7253
1	121	74	93.8051	64.4092	28.8366
1	121	74	52.0753	39.2577	77.1858
1	121	74	42.5087	21.9317	94.1913
1	121	74	118.121	53.3902	20.8099
1	121	74	124.056	47.0998	27.0732
1	121	74	114.535	45.3519	29.3686
1	121	74	138.58	62.036	21.2651
1	121	74	126.608	93.0045	19.8148
1	121	74	106.883	47.275	30.2245
1	121	74	121.905	79.0106	5.09158
1	121	74	129.277	88.2436	16.4741
1	121	74	119.377	46.3472	27.7004
1	121	74	5.66859	87.9447	116.171
1	121	74	41.3043	24.0312	94.0653
1	121	74	139.792	85.256	21.9052
1	121	74	114.269	63.7908	12.2281
1	121	74	137.108	71.1636	16.3555
1	121	74	130.523	83.8779	13.7211
1	121	74	112.312	45.1736	30.1073
1	121	74	121.763	76.3603	2.48061
1	121	74	121.116	89.8087	15.8091
1	121	74	8.76554	84.9794	112.77
1	121	74	124.604	63.2474	11.3403
1	121	74	62.4769	10.6574	86.2394
1	121	74	119.042	84.62	10.799
1	121	74	134.217	78.9818	14.1249
1	121	74	136.781	80.5795	17.0973
1	121	74	125.802	87.8833	14.6904
1	121	74	116.089	45.793	28.6313
1	121	74	138.172	76.1294	17.3034
1	121	74	31.1767	30.1329	99.9627
1	121	74	117.936	82.2415	8.7928
1	121	74	123.993	47.0565	27.1092
1	121	74	139.942	72.8045	18.9799
1	121	74	136.465	75.8654	15.5769
1	121	74	113.416	81.8904	10.9443
1	121	74	107.635	75.2292	13.4214
1	121	74	130.235	65.2162	12.7455
1	121	74	120.994	68.5274	5.47258
1	121	74	132.157	73.8779	11.1582
1	121	74	113.387	87.527	15.5223
1	121	74	135.978	70.0666	15.4863
1	121	74	110.921	46.0647	29.6978
1	121	74	123.691	89.7711	15.9992
1	121	74	137.198	75.7928	16.2966
1	121	74	114.841	87.773	15.0876
1	121	74	118.989	75.1688	2.32585
1	121	74	119.993	89.4116	15.4445
1	121	74	118.857	46.2608	27.8219
1	121	74	136.901	71.9403	16.0336
1	121	74	117.333	85.2505	11.833
1	121	74	124.606	71.2534	4.53306
1	121	74	98.9607	93.541	29.4547
1	121	74	118.146	46.1323	28.0135
1	121	74	108.543	88.2085	18.8959
1	121	74	129.068	82.4753	11.7015
1	121	74	121.136	64.333	9.66793
1	121	74	132.119	82.6002	14.0568
1	121	74	68.8749	12.0157	80.9881
1	121	74	132.529	66.5341	13.7353
1	121	74	84.4859	57.7844	39.9528
1	121	74	119.62	74.2224	1.39773
1	121	74	82.5019	58.2875	41.5811
1	121	74	131.966	70.2429	11.5916
1	121	74	102.571	45.1718	34.2151
1	121	74	118.106	86.5187	12.8489
1	121	74	124.136	79.9591	6.7339
1	121	74	117.642	46.0469	28.154
1	121	74	60.0006	39.757	69.9536
1	121	74	49.5272	77.5104	71.5589
1	121	74	105.746	61.8009	19.5318
1	121	74	47.4849	33.1249	84.1145
1	121	74	120.577	78.0282	4.05032
1	121	74	130.754	60.4716	16.678
1	121	74	141.093	83.3242	22.1513
1	121	74	135.528	71.2	14.7955
1	121	74	101.463	97.4385	30.513
1	121	74	41.1152	24.1664	94.154
1	121	74	73.9437	94.4392	51.3036
1	121	74	138.88	85.767	21.4049
1	121	74	140.946	69.943	20.3545
1	121	74	53.0362	39.1397	76.3827
1	121	74	120.148	77.0707	3.18669
1	121	74	113.813	45.4188	29.4708
1	121	74	122.323	72.2868	2.16434
1	121	74	123.522	96.4809	22.622
1	121	74	137.572	75.3983	16.6309
1	121	74	111.209	65.1055	13.2275
1	121	74	120.184	77.4959	3.58978
1	121	74	118.007	46.1316	28.0286
1	121	74	117.505	76.6003	4.35615
1	121	74	131.533	72.3926	10.6547
1	121	74	120.844	73.3136	0.703921
1	121	74	116.207	85.8842	12.8144
1	121	74	117.077	75.4511	4.18271
1	121	74	91.0527	53.5808	36.2462
