1	121	74	122.216	66.4785	7.61919
1	121	74	87.0448	66.1369	34.8537
1	121	74	110.737	97.4387	25.5872
1	121	74	138.639	72.4027	17.7113
1	121	74	102.321	85.1974	21.7779
1	121	74	131.871	70.8414	11.3208
1	121	74	121.692	88.2385	14.2553
1	121	74	130.355	69.9797	10.1827
1	121	74	122.561	74.4117	1.61461
1	121	74	124.927	80.4529	7.55382
1	121	74	112.629	82.6621	12.0457
1	121	74	109.307	97.4734	26.2246
1	121	74	125.746	78.2718	6.38511
1	121	74	133.935	76.7682	13.2276
1	121	74	120.445	71.1957	2.85861
1	121	74	101.606	83.0715	21.4111
1	121	74	117.139	82.2872	9.14264
1	121	74	133.586	78.8487	13.4881
1	121	74	118.358	78.529	5.24315
1	121	74	119.697	72.5675	1.93646
1	121	74	110.299	89.0737	18.4856
1	121	74	109.025	97.2774	26.1771
1	121	74	106.291	84.6381	18.1527
1	121	74	114.28	93.3421	20.4762
1	121	74	93.153	60.586	30.9094
1	121	74	121.104	45.8503	28.1499
1	121	74	128.281	75.3262	7.40056
1	121	74	85.6978	62.1814	37.228
1	121	74	133.988	76.1537	13.1658
1	121	74	124.392	76.3474	4.12495
1	121	74	109.018	93.8064	23.1485
1	121	74	114.935	80.411	8.82514
1	121	74	119.032	75.512	2.48195
1	121	74	139.472	86.224	22.1508
1	121	74	128.949	79.9958	9.95714
1	121	74	125.635	74.4106	4.65284
1	121	74	128.79	76.8732	8.30329
1	121	74	100.266	93.0433	28.1519
1	121	74	116.753	65.2735	9.70529
1	121	74	99.5204	97.4381	31.7918
1	121	74	135.858	78.4799	15.5187
1	121	74	129.502	73.1163	8.54782
1	121	74	124.39	77.3779	4.78588
1	121	74	125.588	73.0671	4.68147
1	121	74	125.799	80.7	8.24139
1	121	74	139.542	87.9492	23.2029
1	121	74	88.2728	65.9957	33.6918
1	121	74	45.089	43.5478	81.7913
1	121	74	133.966	78.8219	13.8335
1	121	74	112.209	97.0946	24.7112
1	121	74	141.952	84.8041	23.5736
1	121	74	122.51	77.4502	3.766
1	121	74	127.736	76.6298	7.23095
1	121	74	119.773	85.2966	11.363
1	121	74	120.412	86.5702	12.584
1	121	74	38.9826	97.425	85.297
1	121	74	118.825	75.0422	2.41219
1	121	74	103.561	97.4389	29.2146
1	121	74	110.727	54.8615	21.7215
1	121	74	113.038	97.063	24.3986
1	121	74	79.7561	86.473	43.0887
1	121	74	93.6429	53.7519	34.0352
1	121	74	93.7507	59.1807	31.0183
1	121	74	103.585	97.4389	29.2003
1	121	74	131.317	73.2757	10.3426
1	121	74	129.227	74.4262	8.23829
1	121	74	127.165	65.3228	10.6444
1	121	74	119.667	88.4204	14.4819
1	121	74	133.677	81.618	14.7897
1	121	74	135.525	71.9212	14.6733
1	121	74	129.549	66.183	11.5842
1	121	74	108.051	86.3926	17.9234
1	121	74	129.325	77.3672	8.9805
1	121	74	70.2804	12.0323	80.0779
1	121	74	117.073	77.1535	5.03674
1	121	74	108.007	85.7433	17.5137
1	121	74	140.763	85.4807	22.8557
1	121	74	123.246	69.2054	5.29452
1	121	74	74.2094	52.1277	51.6503
1	121	74	128.488	78.0129	8.49545
1	121	74	117.048	45.2159	29.0542
1	121	74	132.74	81.7911	14.0903
1	121	74	111.413	60.5996	16.4768
1	121	74	107.76	87.8788	19.1808
1	121	74	121.673	72.1969	1.92448
1	121	74	109.351	97.4853	26.2158
1	121	74	127.395	87.7923	15.2026
1	121	74	118.801	77.3273	3.98804
1	121	74	120.382	72.6699	1.46676
1	121	74	119.25	76.9159	3.40069
1	121	74	93.8604	97.3787	35.8207
1	121	74	119.984	72.8676	1.5214
1	121	74	130.772	72.5037	9.88562
1	121	74	135.256	76.4438	14.464
1	121	74	90.5563	65.9186	31.4981
1	121	74	124.825	78.8152	6.14977
1	121	74	133.706	76.6801	12.9859
1	121	74	121.401	86.4362	12.4427
1	121	74	117.222	74.9392	3.8929
1	121	74	114.555	77.1871	7.19028
1	121	74	120.521	78.1377	4.16533
1	121	74	126.637	77.5351	6.65391
1	121	74	108.907	87.0838	17.8162
1	121	74	104.99	88.6968	21.7325
1	121	74	102.289	65.6734	20.4798
1	121	74	130.505	73.0688	9.55068
1	121	74	125.637	72.7638	4.79848
1	121	74	106.825	96.23	26.3646
1	121	74	117.409	75.0307	3.73607
1	121	74	112.655	96.2704	23.7827
1	121	74	122.461	87.4595	13.5386
1	121	74	113.231	74.5686	7.7894
1	121	74	137.277	48.008	30.6682
1	121	74	118.883	73.5781	2.15827
1	121	74	125.391	26.2646	47.9369
1	121	74	111.533	95.4725	23.4668
1	121	74	130.318	56.1514	20.1346
1	121	74	126.916	75.5019	6.10383
1	121	74	104.477	85.5038	20.1333
1	121	74	108.64	97.4838	26.538
1	121	74	131.381	84.6124	14.8456
1	121	74	121.643	69.6499	4.39739
1	121	74	141.715	85.0618	23.4831
1	121	74	127.674	78.2541	7.91469
1	121	74	124.142	71.52	4.00247
1	121	74	132.564	79.4992	12.8051
1	121	74	84.8578	59.91	38.7916
1	121	74	96.6346	34.8578	46.1063
1	121	74	82.384	49.5729	45.6933
1	121	74	114.603	77.5939	7.33704
1	121	74	119.717	60.9254	13.1374
1	121	74	133.348	73.046	12.3852
1	121	74	110.314	96.3127	24.7396
1	121	74	80.3136	53.1867	45.7009
1	121	74	111.67	97.4548	25.2425
1	121	74	117.087	84.7703	11.4591
1	121	74	113.847	84.2334	12.4855
1	121	74	102.732	82.2106	20.0284
1	121	74	105.477	62.7425	19.175
1	121	74	123.388	90.3703	16.5436
1	121	74	136.649	72.4986	15.7207
1	121	74	118.16	74.5055	2.88504
1	121	74	130.553	75.4724	9.66569
1	121	74	127.477	88.6713	16.0376
1	121	74	131.416	79.9628	12.0017
1	121	74	111.427	67.4127	11.6205
1	121	74	136.41	74.3089	15.4136
1	121	74	106.828	67.5459	15.5724
1	121	74	130.331	90.6514	19.0874
1	121	74	121.072	78.4332	4.43375
1	121	74	132.528	68.8525	12.6246
1	121	74	102.969	88.3962	23.0733
1	121	74	127.397	69.3755	7.89379
1	121	74	93.2056	94.5537	34.5685
1	121	74	117.24	78.4463	5.82281
1	121	74	123.826	85.3878	11.7333
1	121	74	119.47	86.465	12.5586
1	121	74	117.549	82.3333	9.01975
1	121	74	132.933	75.2287	11.9963
1	121	74	114.021	72.2173	7.20346
1	121	74	139.849	48.4947	31.7145
1	121	74	119.596	80.0764	6.2365
1	121	74	112.773	90.9022	18.7978
1	121	74	70.2137	10.7248	81.1357
1	121	74	117.306	78.3541	5.71011
1	121	74	118.175	78.2315	5.088
1	121	74	46.7648	45.5973	79.4831
1	121	74	117.063	85.7033	12.3478
1	121	74	118.238	78.5821	5.35021
1	121	74	118.333	83.7085	10.068
1	121	74	131.348	76.2053	10.5806
1	121	74	103.906	85.6144	20.666
1	121	74	138.132	79.5614	18.0119
1	121	74	120.067	75.635	1.88248
1	121	74	138.488	86.6851	21.6045
1	121	74	134.995	89.3826	20.7965
1	121	74	109.676	92.163	21.4041
1	121	74	138.908	72.1999	17.9979
1	121	74	121.468	86.8098	12.8183
1	121	74	107.518	76.0584	13.6378
1	121	74	129.951	74.8446	8.99049
1	121	74	134.917	71.9152	14.0726
1	121	74	129.92	74.1182	8.92069
1	121	74	142.185	80.7891	22.2466
1	121	74	129.39	80.5227	10.6273
1	121	74	118.949	75.5846	2.59195
1	121	74	140.215	82.8794	21.1673
1	121	74	108.781	88.9806	19.3321
1	121	74	128.814	76.7545	8.2849
1	121	74	142.175	75.1863	21.2083
1	121	74	127.923	75.9907	7.2036
1	121	74	108.308	97.3483	26.575
1	121	74	141.127	85.7448	23.3035
1	121	74	35.7526	23.9919	98.8328
1	121	74	121.552	72.1659	1.9154
1	121	74	76.8394	97.4333	49.9928
1	121	74	124.147	69.0672	5.85127
1	121	74	132.044	72.7914	11.1101
1	121	74	125.943	93.3305	19.9526
1	121	74	142.071	84.5242	23.553
1	121	74	128.673	72.6983	7.78223
1	121	74	135.921	72.9814	14.956
1	121	74	142.143	83.5485	23.1993
1	121	74	105.542	97.4393	28.0777
1	121	74	119.791	83.159	9.23837
1	121	74	118.061	78.8089	5.63611
1	121	74	108.218	94.7472	24.3685
1	121	74	121.967	89.8302	15.8597
1	121	74	121.018	71.4558	2.54426
1	121	74	106.663	97.4189	27.4588
1	121	74	122.182	74.1046	1.18711
1	121	74	115.094	88.7993	15.9342
1	121	74	131.764	76.0459	10.9565
1	121	74	141.013	81.6739	21.4338
1	121	74	112.954	91.787	19.522
1	121	74	105.279	85.0188	19.1983
1	121	74	120.15	71.4217	2.71484
1	121	74	55.842	97.4287	69.2421
1	121	74	84.9955	65.5651	36.9793
1	121	74	106.111	61.5685	19.3965
1	121	74	96.9607	97.4375	33.5739
1	121	74	121.815	78.7989	4.86757
1	121	74	108.143	96.4353	25.858
1	121	74	138.747	72.6112	17.8009
1	121	74	108.587	89.2833	19.6889
1	121	74	99.5404	95.6914	30.5128
1	121	74	112.556	96.4902	24.0232
1	121	74	86.2177	66.1575	35.6555
1	121	74	137.402	73.8809	16.4023
1	121	74	131.717	90.935	20.0412
1	121	74	132.658	81.2304	13.718
1	121	74	141.693	85.294	23.5748
1	121	74	141.992	77.5553	21.2906
1	121	74	70.3032	10.6796	81.115
1	121	74	118.248	45.4246	28.7076
1	121	74	95.6075	97.4372	34.5555
1	121	74	128.266	77.1256	7.90978
1	121	74	131.483	86.9003	16.6228
1	121	74	101.605	62.0835	22.7632
1	121	74	99.3563	79.6478	22.3684
1	121	74	109.395	97.4735	26.1855
1	121	74	126.232	80.0529	8.00044
1	121	74	109.738	84.9927	15.7373
1	121	74	117.414	82.4776	9.20496
1	121	74	105.856	97.4394	27.906
1	121	74	119.912	45.6366	28.3842
1	121	74	120.672	77.5864	3.6014
1	121	74	121.102	72.1635	1.83932
1	121	74	111.565	96.473	24.373
1	121	74	125.027	73.965	4.02742
1	121	74	123.936	72.791	3.17498
1	121	74	92.1829	54.5363	34.7744
1	121	74	110.294	81.8627	13.283
1	121	74	116.984	91.9215	18.3659
1	121	74	115.53	82.5354	10.1379
1	121	74	109.053	94.6015	23.8149
1	121	74	118.18	74.672	2.899
1	121	74	106.165	90.2834	22.0276
1	121	74	38.4814	23.9955	96.4871
1	121	74	99.218	96.2825	31.1603
1	121	74	115.463	77.9018	6.77406
1	121	74	123.029	79.5106	5.87224
1	121	74	118.905	79.9273	6.28683
1	121	74	121.647	81.0213	7.05101
1	121	74	118.262	45.3829	28.7477
1	121	74	121.337	79.7977	5.80748
1	121	74	91.8024	56.6839	33.9462
1	121	74	123.903	75.5415	3.28677
1	121	74	83.899	93.0895	41.724
1	121	74	125.163	76.033	4.63314
1	121	74	104.52	97.3283	28.5621
1	121	74	119.391	82.484	8.63525
1	121	74	107.737	89.2272	20.1935
1	121	74	132.19	72.4257	11.3004
1	121	74	88.4671	64.5744	33.8708
1	121	74	114.852	85.1182	12.7049
1	121	74	137.575	80.2914	17.7288
1	121	74	131.651	81.3549	12.9436
1	121	74	119.664	78.3443	4.54495
1	121	74	127.699	89.7612	17.1259
1	121	74	92.5139	59.9478	31.7635
1	121	74	126.528	75.6686	5.77438
1	121	74	104.53	62.3915	20.1499
1	121	74	110.315	97.4228	25.745
1	121	74	121.279	80.3889	6.39497
1	121	74	118.045	75.8271	3.47391
1	121	74	67.1353	63.7052	54.8397
1	121	74	114.296	83.0271	11.2445
1	121	74	108.503	84.9638	16.6245
1	121	74	107.266	87.9716	19.5915
1	121	74	135.368	67.4683	15.7825
1	121	74	131.565	75.0589	10.6177
1	121	74	124.106	80.5566	7.25516
1	121	74	128.952	71.0086	8.49622
1	121	74	130.002	83.7233	13.2503
1	121	74	90.7102	28.8119	54.4007
1	121	74	132.063	76.7796	11.4073
1	121	74	141.952	84.7957	23.5698
1	121	74	68.8498	11.4041	81.4733
1	121	74	84.3744	45.4532	46.4365
1	121	74	87.0625	66.1853	34.8256
1	121	74	117.592	77.4929	4.88015
1	121	74	114.129	97.3829	24.3715
1	121	74	38.7077	25.8116	95.3632
1	121	74	120.702	74.0016	0.297577
1	121	74	131.03	72.5333	10.1363
1	121	74	122.287	77.2008	3.4499
1	121	74	137.433	55.3118	24.8858
1	121	74	128.983	70.2953	8.80098
1	121	74	108.002	96.1401	25.6734
1	121	74	108.815	96.3367	25.4442
1	121	74	113.797	97.4866	24.5663
1	121	74	126.938	67.6774	8.67408
1	121	74	136.477	71.768	15.6375
1	121	74	138.544	43.6829	35.0274
1	121	74	135.495	42.7394	34.4579
1	121	74	128.684	73.0214	7.74637
1	121	74	121.961	78.9613	5.05357
1	121	74	127.782	68.2968	8.86113
1	121	74	76.4092	48.7849	51.2264
1	121	74	116.191	72.364	5.07926
1	121	74	119.636	87.8559	13.923
1	121	74	113.951	97.3851	24.4245
1	121	74	122.218	71.1727	3.07867
1	121	74	108.458	97.4399	26.5845
1	121	74	120.601	77.4067	3.43
1	121	74	139.909	85.5151	22.1389
1	121	74	120.505	87.5441	13.5531
1	121	74	119.092	85.7449	11.8989
1	121	74	132.359	78.1366	12.0884
1	121	74	129.34	79.2773	9.8694
1	121	74	123.085	76.1462	2.99195
1	121	74	47.9853	43.3459	79.1885
1	121	74	124.602	80.547	7.47234
1	121	74	111.856	88.1582	16.8544
1	121	74	126.543	79.1882	7.59232
1	121	74	132.771	73.6412	11.7762
1	121	74	112.442	97.4441	24.9573
1	121	74	140.896	86.0908	23.282
1	121	74	116.105	79.9639	7.71568
1	121	74	118.883	72.9501	2.36346
1	121	74	121.954	69.4666	4.63279
1	121	74	118.486	82.9931	9.33782
1	121	74	124.731	75.128	3.89768
1	121	74	132.933	79.1784	13.0083
1	121	74	106.525	88.9536	20.8117
1	121	74	118.129	82.8997	9.35133
1	121	74	125.842	74.5169	4.86944
1	121	74	140.551	86.5114	23.2115
1	121	74	140.897	86.1149	23.2948
1	121	74	110.203	95.1749	23.7685
1	121	74	120.303	73.5531	0.827693
1	121	74	122.968	75.6942	2.59691
1	121	74	137.767	81.6045	18.4109
1	121	74	108.971	83.2964	15.2029
1	121	74	128.999	79.8723	9.92333
1	121	74	85.7827	66.2552	36.0588
1	121	74	120.533	45.7643	28.2396
1	121	74	105.093	83.5846	18.5712
1	121	74	131.161	74.3307	10.1664
1	121	74	137.931	41.2534	36.8645
1	121	74	112.632	85.3073	14.067
1	121	74	105.464	97.4393	28.1206
1	121	74	117.151	45.2159	29.0403
1	121	74	129.223	76.7544	8.67159
1	121	74	113.154	69.2851	9.15393
1	121	74	140.774	75.6619	19.844
1	121	74	108.111	97.4835	26.7881
1	121	74	141.24	36.9915	42.1818
1	121	74	127.708	74.7457	6.74973
1	121	74	65.0996	96.0013	60.0743
1	121	74	120.989	45.8499	28.1501
1	121	74	108.771	89.2967	19.5842
1	121	74	105.327	89.5964	22.1106
1	121	74	112.799	93.0676	20.7564
1	121	74	141.445	85.2452	23.3338
1	121	74	119.314	80.8061	7.01173
1	121	74	116.667	45.1744	29.1495
1	121	74	122.271	77.1807	3.42516
1	121	74	118.23	76.2712	3.58189
1	121	74	106.663	86.3152	18.8999
1	121	74	126.051	71.488	5.64096
1	121	74	119.91	45.6786	28.3424
1	121	74	119.033	75.181	2.29473
1	121	74	127.301	70.5771	7.17069
1	121	74	123.573	80.0687	6.59152
1	121	74	111.826	82.2998	12.371
1	121	74	41.4288	22.4598	94.8049
1	121	74	135.184	72.5554	14.2569
1	121	74	123.051	78.0174	4.51045
1	121	74	133.997	69.3737	13.7955
1	121	74	108.377	31.6671	44.1749
1	121	74	68.9352	11.362	81.451
1	121	74	115.383	77.2623	6.49552
1	121	74	107.685	88.0967	19.3906
1	121	74	116.544	90.8501	17.4293
1	121	74	122.277	74.8798	1.551
1	121	74	109.817	93.3884	22.3821
1	121	74	104.681	52.6332	26.8859
1	121	74	120.118	76.8064	2.94184
1	121	74	126.053	77.6846	6.25352
1	121	74	120.016	74.9262	1.35142
1	121	74	88.8439	56.8078	36.4634
1	121	74	105.579	83.9052	18.3283
1	121	74	136.281	72.9985	15.3137
1	121	74	37.7799	26.3507	95.896
1	121	74	118.674	77.6873	4.35967
1	121	74	129.132	74.0164	8.13205
1	121	74	110.383	83.6716	14.362
1	121	74	104.352	64.2493	19.2933
1	121	74	109.787	66.4243	13.5326
1	121	74	123.937	68.3904	6.33189
1	121	74	127.328	77.7599	7.36052
1	121	74	121.09	74.3229	0.335296
1	121	74	116.659	77.3878	5.50628
1	121	74	97.6065	60.3383	27.0906
1	121	74	76.6853	56.2013	47.7555
1	121	74	121.07	73.6949	0.313084
1	121	74	123.556	73.9895	2.55629
1	121	74	127.623	70.1996	7.6358
1	121	74	141.012	85.9167	23.291
1	121	74	123.269	80.2939	6.69046
1	121	74	118.838	77.8643	4.42825
1	121	74	138.527	88.0742	22.4786
1	121	74	127.031	86.9549	14.29
1	121	74	129.382	73.5933	8.39164
1	121	74	96.1038	72.0092	24.9756
1	121	74	108.418	97.1902	26.3835
1	121	74	137.337	72.5266	16.4038
1	121	74	38.0223	26.2347	95.7435
1	121	74	66.284	14.2451	81.0215
1	121	74	121.675	80.1827	6.21945
1	121	74	126.236	75.1959	5.3713
1	121	74	113.14	85.0858	13.5897
1	121	74	128.164	81.9706	10.7167
1	121	74	125.125	76.7012	4.93092
1	121	74	47.7	43.5014	79.3918
1	121	74	31.0186	26.02	101.974
1	121	74	112.21	79.3549	10.2926
1	121	74	109.398	88.5571	18.6148
1	121	74	123.137	72.5148	2.60257
1	121	74	94.378	97.437	35.4686
1	121	74	105.478	63.824	18.5603
1	121	74	129.525	67.4016	10.7802
1	121	74	107.015	70.4397	14.431
1	121	74	125.334	70.4146	5.62458
1	121	74	129.021	76.7239	8.47127
1	121	74	115.029	95.743	22.5478
1	121	74	123.526	74.9205	2.6886
1	121	74	106.345	88.0859	20.3272
1	121	74	87.216	66.1539	34.6831
1	121	74	109.794	87.2377	17.3436
1	121	74	109.053	90.5301	20.3953
1	121	74	120.542	77.4535	3.48369
1	121	74	129.3	71.1362	8.78055
1	121	74	134.621	78.9388	14.4887
1	121	74	121.105	77.3781	3.37972
1	121	74	117.844	96.138	22.3618
1	121	74	117.175	76.7903	4.73453
1	121	74	63.3823	14.1945	83.0452
1	121	74	132.482	80.4049	13.1479
1	121	74	106.22	62.0762	18.9905
1	121	74	123.751	78.9768	5.68632
1	121	74	116.892	45.1744	29.1169
1	121	74	119.77	71.5931	2.70291
1	121	74	103.089	88.3049	22.9222
1	121	74	106.071	97.4394	27.79
1	121	74	123.634	75.8255	3.20497
1	121	74	132.565	75.1595	11.6229
1	121	74	105.266	52.6757	26.5007
1	121	74	112.416	97.3864	24.9121
1	121	74	126.987	75.4301	6.1551
1	121	74	122.422	68.7255	5.4629
1	121	74	122.455	72.5883	2.02724
1	121	74	106.405	96.3052	26.6558
1	121	74	119.598	74.1022	1.40577
1	121	74	120.579	95.3338	21.338
1	121	74	121.797	71.9238	2.22399
1	121	74	120.62	74.7097	0.804985
1	121	74	132.634	69.6417	12.4237
1	121	74	124.229	76.7423	4.23615
1	121	74	108.932	87.5313	18.1312
1	121	74	95.2934	94.1826	32.6828
1	121	74	127.324	81.7862	10.0308
1	121	74	124.331	73.5442	3.36182
1	121	74	116.654	45.1744	29.1515
1	121	74	134.792	70.799	14.1588
1	121	74	92.6635	55.5486	33.8144
1	121	74	133.063	79.1017	13.0977
1	121	74	126.447	79.6822	7.87139
1	121	74	122.883	77.5266	3.99792
1	121	74	101.965	96.8394	29.7317
1	121	74	104.859	83.6442	18.8031
1	121	74	109.606	96.7691	25.4611
1	121	74	123.856	74.5998	2.91861
1	121	74	69.595	11.035	81.2838
1	121	74	99.3514	77.0283	21.8594
1	121	74	126.78	74.2078	5.78368
1	121	74	127.433	77.713	7.42726
1	121	74	120.973	79.0133	5.01333
1	121	74	131.814	82.6016	13.8178
1	121	74	136.99	70.4718	16.3751
1	121	74	116.459	74.5373	4.57289
1	121	74	109.835	90.5695	19.9803
1	121	74	117.576	89.442	15.817
1	121	74	116.444	81.4351	8.71984
1	121	74	127.173	73.6697	6.18164
1	121	74	125.822	69.6419	6.4994
1	121	74	127.218	76.432	6.67697
1	121	74	118.316	97.3704	23.524
1	121	74	79.7246	52.4579	46.5588
1	121	74	119.208	45.5514	28.5051
1	121	74	59.6702	43.6521	68.4276
1	121	74	120.043	73.4937	1.08269
1	121	74	47.064	43.3969	80.0192
1	121	74	133.443	50.9814	26.1666
1	121	74	125.055	72.1552	4.4547
1	121	74	108.191	94.6863	24.331
1	121	74	123.281	79.3357	5.80304
1	121	74	100.051	97.4382	31.436
1	121	74	122.811	87.1311	13.2554
1	121	74	96.2617	97.4374	34.0778
1	121	74	10.5034	59.2736	111.474
1	121	74	109.332	96.5178	25.3611
1	121	74	124.141	90.314	16.6136
1	121	74	70.6123	10.5229	81.0448
1	121	74	128.744	68.849	9.30081
1	121	74	107.91	95.9317	25.5413
1	121	74	119.972	75.8495	2.11595
1	121	74	106.62	91.7983	22.8812
1	121	74	104.109	85.386	20.3701
1	121	74	81.7086	58.1487	42.3684
1	121	74	120.007	86.9951	13.0329
1	121	74	73.5275	64.7443	48.3664
1	121	74	133.27	74.2164	12.2721
1	121	74	118.488	45.4249	28.6853
1	121	74	110.156	91.8818	20.9131
1	121	74	99.4487	82.8611	23.3019
1	121	74	125.12	77.1422	5.18171
1	121	74	108.98	83.3503	15.2282
1	121	74	119.496	77.9072	4.18663
1	121	74	142.177	76.0575	21.2766
1	121	74	133.285	77.556	12.7895
1	121	74	38.3143	26.0492	95.5835
1	121	74	120.591	78.3243	4.34352
1	121	74	124.343	73.9266	3.34355
1	121	74	124.522	89.789	16.177
1	121	74	132.362	73.8174	11.3636
1	121	74	76.8146	50.4794	50.0556
1	121	74	106.753	90.3885	21.7151
1	121	74	110.942	92.7859	21.3089
1	121	74	120.188	45.7213	28.2904
1	121	74	118.566	45.425	28.6785
1	121	74	109.367	88.2737	18.4135
1	121	74	119.16	73.175	2.01613
1	121	74	123.225	72.227	2.84469
1	121	74	114.033	89.5799	17.0665
1	121	74	123.799	79.5434	6.20991
1	121	74	129.164	88.4068	16.5594
1	121	74	124.655	85.9706	12.516
1	121	74	109.421	67.7922	13.1377
1	121	74	127.63	83.0293	11.2018
1	121	74	118.607	79.0089	5.55124
1	121	74	130.748	69.6593	10.6704
1	121	74	108.893	97.484	26.4211
1	121	74	114.374	80.7195	9.43663
1	121	74	128.627	73.8802	7.62836
1	121	74	105.127	93.7979	25.3754
1	121	74	118.136	78.4268	5.27258
1	121	74	117.338	83.3448	10.0368
1	121	74	105.041	87.1289	20.6656
1	121	74	130.351	73.5218	9.36302
1	121	74	98.2518	55.3971	29.3862
1	121	74	113.396	86.7901	14.8796
1	121	74	107.933	87.5574	18.8293
1	121	74	106.589	85.2135	18.2598
1	121	74	95.0142	97.4371	34.9937
1	121	74	115.901	83.141	10.4671
1	121	74	132.26	80.128	12.8199
1	121	74	107.366	94.3447	24.4905
1	121	74	140.505	83.9659	21.9031
1	121	74	131.583	76.3033	10.8312
1	121	74	118.054	45.3827	28.7686
1	121	74	123.178	75.589	2.69571
1	121	74	103.868	97.4389	29.0323
1	121	74	121.302	90.0247	16.0275
1	121	74	112.003	90.7055	18.9739
1	121	74	139.107	48.3563	31.3923
1	121	74	104.109	88.0064	21.9425
1	121	74	117.034	74.5041	3.99764
1	121	74	106.358	85.8502	18.8364
1	121	74	116.906	83.35	10.2069
1	121	74	111.762	81.7629	12.0669
1	121	74	125.414	80.5879	7.92997
1	121	74	121.845	72.7638	1.49764
1	121	74	105.816	93.6314	24.818
1	121	74	118.927	76.9833	3.63309
1	121	74	102.15	86.8685	22.8238
1	121	74	140.138	77.1382	19.3937
1	121	74	125.138	76.8206	5.00769
1	121	74	126.219	77.7945	6.45227
1	121	74	116.9	76.167	4.63709
1	121	74	120.927	75.028	1.03059
1	121	74	118.323	77.6114	4.49562
1	121	74	129.178	92.0426	19.8094
1	121	74	119.652	78.3338	4.53856
1	121	74	114.507	81.7561	10.115
1	121	74	133.991	72.4896	13.0781
1	121	74	96.1084	96.4315	33.5077
1	121	74	138.784	85.8459	21.3684
1	121	74	125.596	79.6603	7.29108
1	121	74	128.201	69.1099	8.70408
1	121	74	140.469	84.5402	22.1387
1	121	74	120.867	84.9507	10.9515
1	121	74	134.777	74.6749	13.7936
1	121	74	129.374	78.4847	9.49929
1	121	74	130.135	84.1283	13.639
1	121	74	86.664	57.075	38.2807
1	121	74	141.78	81.3499	22.0411
1	121	74	123.398	88.9565	15.1475
1	121	74	141.443	86.5739	24.0004
1	121	74	118.77	75.3723	2.61874
1	121	74	128.496	74.0619	7.49664
1	121	74	89.7842	62.7267	33.189
1	121	74	122.512	72.0764	2.44671
1	121	74	126.776	86.1562	13.4585
1	121	74	121.124	85.8067	11.8074
1	121	74	105.873	97.1416	27.6471
1	121	74	127.741	75.0781	6.82698
1	121	74	120.108	45.6791	28.335
1	121	74	131.416	77.2188	10.9019
1	121	74	132.822	74.4441	11.8301
1	121	74	129.603	87.0894	15.6636
1	121	74	128.786	88.7457	16.6749
1	121	74	102.374	86.1335	22.2293
1	121	74	122.459	77.6643	3.94396
1	121	74	136.257	70.5556	15.641
1	121	74	127.985	80.9981	9.88781
1	121	74	107.767	91.6319	22.0451
1	121	74	108.85	88.4906	18.9101
1	121	74	98.2542	54.0618	30.2474
1	121	74	122.334	75.3723	1.91364
1	121	74	122.464	70.3678	3.91619
1	121	74	109.855	88.0976	17.9709
1	121	74	105.465	87.371	20.4967
1	121	74	94.9383	97.4371	35.0501
1	121	74	121.388	79.4833	5.49695
1	121	74	129.107	70.2237	8.94356
1	121	74	119.815	85.597	11.6573
1	121	74	105.407	88.7634	21.4731
1	121	74	59.7248	15.448	84.7525
1	121	74	122.762	46.1107	27.9449
1	121	74	119.243	72.6933	2.19005
1	121	74	123.408	85.5799	11.8276
1	121	74	140.667	86.4232	23.2618
1	121	74	124.009	84.6568	11.0736
1	121	74	118.349	97.419	23.5685
1	121	74	115.786	83.9319	11.2174
1	121	74	81.1002	49.67	46.7327
1	121	74	125.01	74.8051	4.08987
1	121	74	129.936	74.924	8.98343
1	121	74	116.459	82.9085	9.99928
1	121	74	121.052	71.0475	2.95294
1	121	74	117.477	76.8791	4.5495
1	121	74	119.208	72.8991	2.1031
1	121	74	141.84	75.6848	20.9084
1	121	74	134.41	84.7516	17.1883
1	121	74	69.9054	10.8798	81.2085
1	121	74	140.333	83.0663	21.3537
1	121	74	129.605	73.5492	8.61682
1	121	74	99.7035	94.2684	29.3998
1	121	74	68.9483	11.3556	81.4475
1	121	74	107.896	87.7115	18.9663
1	121	74	141.715	85.1911	23.545
1	121	74	119.716	45.8639	28.1654
1	121	74	125.991	76.9281	5.7863
1	121	74	129.466	76.7961	8.91559
1	121	74	125.202	82.8457	9.79287
1	121	74	142.182	78.6007	21.6755
1	121	74	103.637	97.4389	29.1693
1	121	74	130.431	69.3727	10.505
1	121	74	119.214	82.2051	8.3972
1	121	74	69.8644	10.9004	81.2183
1	121	74	114.349	96.1286	23.1064
1	121	74	127.415	92.4241	19.5088
1	121	74	109.393	95.9109	24.7953
1	121	74	47.8563	43.9822	79.0637
1	121	74	107.053	66.175	15.9919
1	121	74	105.717	87.0126	20.0725
1	121	74	103.07	97.4388	29.5101
1	121	74	94.6012	97.437	35.3015
1	121	74	108.662	96.7752	25.9025
1	121	74	116.729	45.1744	29.1403
1	121	74	118.204	75.0805	2.99766
1	121	74	131.18	74.1151	10.1802
1	121	74	123.107	70.617	3.98527
1	121	74	122.319	78.273	4.47207
1	121	74	110.575	82.2708	13.3075
1	121	74	45.453	43.8218	81.3516
1	121	74	127.032	82.2394	10.2114
1	121	74	139.638	81.7794	20.1966
1	121	74	125.123	76.1961	4.67123
1	121	74	122.881	85.5601	11.7121
1	121	74	106.975	67.0874	15.636
1	121	74	68.9458	11.3568	81.4482
1	121	74	126.806	74.2788	5.81255
1	121	74	86.9176	62.8771	35.8515
1	121	74	117.44	45.2575	28.9621
1	121	74	119.042	45.5092	28.558
1	121	74	132.158	82.5421	14.052
1	121	74	118.841	45.4671	28.6144
1	121	74	128.248	77.3769	7.99632
1	121	74	108.764	97.4839	26.4802
1	121	74	139.258	37.69	40.6421
1	121	74	129.09	80.2384	10.2157
1	121	74	92.8068	54.3455	34.368
1	121	74	108.694	83.8913	15.7887
1	121	74	120.644	90.017	16.021
1	121	74	119.413	74.0062	1.5867
1	121	74	105.769	86.6694	19.8116
1	121	74	107.835	96.9692	26.4746
1	121	74	107.803	96.3501	25.9554
1	121	74	110.496	97.3599	25.613
1	121	74	108.625	83.878	15.834
1	121	74	128.666	74.81	7.70913
1	121	74	88.6686	65.9319	33.3229
1	121	74	127.096	75.9659	6.4053
1	121	74	132.236	68.5533	12.4866
1	121	74	117.005	97.4431	23.781
1	121	74	106.359	89.7987	21.5394
1	121	74	114.103	78.6072	8.29459
1	121	74	121.736	71.7953	2.32435
1	121	74	120.873	94.9698	20.9701
1	121	74	69.1367	11.2626	81.3989
1	121	74	109.742	90.7269	20.1627
1	121	74	126.897	91.4346	18.4048
1	121	74	121.102	70.5664	3.43511
1	121	74	128.62	73.6879	7.6259
1	121	74	130.815	73.0829	9.85784
1	121	74	136.744	77.7031	16.1732
1	121	74	132.868	55.4046	22.0599
1	121	74	115.788	82.1999	9.71596
1	121	74	122.945	87.8741	14.0098
1	121	74	119.145	94.0939	20.1793
1	121	74	141.809	86.4748	24.2616
1	121	74	140.98	86.7747	23.7145
1	121	74	128.302	73.4463	7.32302
1	121	74	118.829	45.5089	28.5737
1	121	74	108.455	95.1539	24.594
1	121	74	117.337	78.0052	5.42757
1	121	74	124.402	79.0742	6.10917
1	121	74	123.026	55.3161	18.7934
1	121	74	118.503	45.4249	28.684
1	121	74	120.363	45.7217	28.2854
1	121	74	108.343	91.8683	21.8967
1	121	74	117.696	92.1715	18.4694
1	121	74	118.005	78.6406	5.52303
1	121	74	111.043	97.3485	25.3831
1	121	74	81.4202	51.6252	45.4663
1	121	74	122.995	91.3027	17.4174
1	121	74	120.683	70.3608	3.65295
1	121	74	104.953	84.5806	19.2212
1	121	74	138.937	85.1268	21.1079
1	121	74	100.628	85.3748	23.3327
1	121	74	119.3	86.6103	12.7244
1	121	74	111.472	92.8085	21.084
1	121	74	117.88	78.2602	5.28073
1	121	74	120.79	45.8071	28.1936
1	121	74	129.928	80.3314	10.9451
1	121	74	128.912	81.3231	10.7812
1	121	74	142.188	82.593	22.8643
1	121	74	76.4347	97.474	50.3695
1	121	74	120.997	80.2625	6.26253
1	121	74	123.426	46.1989	27.9067
1	121	74	108.798	86.9234	17.7734
1	121	74	115	78.1427	7.29093
1	121	74	131.599	68.5636	11.9121
1	121	74	140.993	75.5439	20.0528
1	121	74	115.58	88.8412	15.7998
1	121	74	107.974	83.6175	16.1915
1	121	74	102.507	67.6103	19.5662
1	121	74	122.137	85.7608	11.8157
1	121	74	93.513	95.8267	35.099
1	121	74	124.286	72.0264	3.83273
1	121	74	83.7582	63.3448	38.7361
1	121	74	112.032	95.0624	22.8919
1	121	74	104.448	93.2618	25.3963
1	121	74	105.603	92.7018	24.2242
1	121	74	121.07	79.509	5.50942
1	121	74	130.033	78.424	10.0583
1	121	74	141.833	84.9856	23.5524
1	121	74	117.201	45.2574	28.9926
1	121	74	125.737	80.0396	7.67586
1	121	74	119.912	74.8327	1.36983
1	121	74	125.556	78.1671	6.17396
1	121	74	112.009	30.8261	44.1001
1	121	74	127.105	77.393	6.98461
1	121	74	116.119	82.2837	9.61496
1	121	74	120.36	79.8458	5.88072
1	121	74	120.678	83.7218	9.72712
1	121	74	109.364	97.4445	26.1732
1	121	74	100.086	97.3813	31.3699
1	121	74	111.773	82.7332	12.7042
1	121	74	118.684	96.7121	22.8298
1	121	74	126.779	80.0145	8.34102
1	121	74	131.606	92.2818	21.1358
1	121	74	141.453	37.1421	42.1527
1	121	74	119.246	84.0785	10.2301
1	121	74	108.839	89.5699	19.7561
1	121	74	132.575	82.0573	14.1036
1	121	74	114.742	76.8167	6.86223
1	121	74	118.641	76.4874	3.4279
1	121	74	109.549	80.1434	12.9945
1	121	74	120.564	76.4104	2.44953
1	121	74	118.376	76.2899	3.4823
1	121	74	125.356	67.8461	7.53986
1	121	74	105.017	87.2544	20.7641
1	121	74	129.104	76.7985	8.57376
1	121	74	86.9182	65.755	35.0649
1	121	74	120.872	28.6776	45.3226
1	121	74	122.339	77.0463	3.32774
1	121	74	131.154	72.9813	10.2054
1	121	74	129.777	72.4288	8.91664
1	121	74	122.611	75.225	2.02404
1	121	74	124.626	85.9514	12.4894
1	121	74	98.7133	97.4379	32.3424
1	121	74	124.331	90.8458	17.1721
1	121	74	121.663	87.2756	13.2921
1	121	74	133.956	70.9775	13.3039
1	121	74	124.107	78.0195	5.08021
1	121	74	118.513	80.9589	7.38993
1	121	74	77.0609	47.7871	51.1641
1	121	74	107.258	93.9347	24.2123
1	121	74	128.347	80.1074	9.5537
1	121	74	104.622	87.1691	21.016
1	121	74	123.578	79.4936	6.06849
1	121	74	125.55	76.6193	5.25009
1	121	74	119.317	74.6204	1.79384
1	121	74	127.738	78.41	8.05258
1	121	74	82.6217	45.1351	48.0216
1	121	74	113.698	97.441	24.5518
1	121	74	137.381	78.9327	17.1073
1	121	74	113.896	97.4292	24.4824
1	121	74	112.577	97.4407	24.9081
1	121	74	141.364	77.3459	20.637
1	121	74	134.33	76.1691	13.5057
1	121	74	70.3913	10.635	81.0948
1	121	74	119.457	72.3207	2.28038
1	121	74	109.064	84.6336	15.9859
1	121	74	127.493	73.091	6.55665
1	121	74	126.174	75.4509	5.37407
1	121	74	96.0579	97.2872	34.1234
1	121	74	38.633	25.8532	95.4066
1	121	74	125.738	76.3006	5.26687
1	121	74	124.059	81.9314	8.50081
1	121	74	124.69	84.7596	11.3747
1	121	74	100.236	97.4382	31.3128
1	121	74	133.691	68.2125	13.9482
1	121	74	132.934	42.8668	33.3423
1	121	74	94.6907	97.437	35.2345
1	121	74	119.473	76.664	3.07047
1	121	74	141.244	85.6171	23.3406
1	121	74	38.8864	25.6974	95.2669
1	121	74	123.975	79.2904	6.06962
1	121	74	106.14	95.0617	25.7763
1	121	74	129.155	77.1249	8.73345
1	121	74	126.865	88.9563	16.0652
1	121	74	111.516	96.8639	24.7528
1	121	74	119.041	81.5791	7.82809
1	121	74	119.229	87.0838	13.2031
1	121	74	120.673	73.389	0.692863
1	121	74	142.071	84.6763	23.6217
1	121	74	91.1176	56.8838	34.4372
1	121	74	125.455	76.4854	5.10104
1	121	74	117.628	78.659	5.75147
1	121	74	111.693	89.2769	17.8888
1	121	74	119.928	74.9506	1.43305
1	121	74	127.274	78.3899	7.65742
1	121	74	118.698	76.7324	3.57266
1	121	74	100.386	97.4382	31.2137
1	121	74	117.193	77.9695	5.49975
1	121	74	127.236	76.309	6.6494
1	121	74	134.565	86.4921	18.4408
1	121	74	134.511	74.8918	13.54
1	121	74	115.383	76.8236	6.28648
1	121	74	103.476	86.3157	21.4189
1	121	74	118.396	76.0759	3.32984
1	121	74	118.204	73.1396	2.92558
1	121	74	118.943	76.046	2.90127
1	121	74	129.098	73.5827	8.10924
1	121	74	127.444	77.8621	7.51301
1	121	74	96.8754	75.6343	24.1799
1	121	74	125.419	77.8299	5.84771
1	121	74	109.024	82.7296	14.8197
1	121	74	110.626	90.9161	19.8436
1	121	74	120.524	88.0844	14.0925
1	121	74	140.552	86.5649	23.2413
1	121	74	110.813	84.7155	14.7849
1	121	74	129.738	73.8815	8.73914
1	121	74	86.1673	63.9763	36.2463
1	121	74	104.314	87.3975	21.3989
1	121	74	138.666	84.0571	20.3282
1	121	74	108.732	88.2511	18.804
1	121	74	48.5825	19.5874	90.5816
1	121	74	130.835	89.3361	18.2188
1	121	74	124.245	69.8794	5.24466
1	121	74	120.469	74.6875	0.868697
1	121	74	123.456	69.7103	4.94289
1	121	74	130.116	77.393	9.72705
1	121	74	107.584	97.3446	26.9249
1	121	74	112.346	96.0145	23.6542
1	121	74	134.443	84.5397	17.0822
1	121	74	86.947	97.4354	41.3379
1	121	74	133.528	72.3991	12.6295
1	121	74	124.246	85.4759	11.9262
1	121	74	121.642	79.9037	5.93841
1	121	74	110.787	90.176	19.1303
1	121	74	105.907	97.4394	27.8784
1	121	74	109.466	87.6497	17.8703
1	121	74	101.894	87.5395	23.4172
1	121	74	119.682	76.7824	3.07875
1	121	74	112.246	67.7649	10.7478
1	121	74	119.572	75.9412	2.40978
1	121	74	116.801	78.4413	6.11234
1	121	74	118.394	76.7585	3.79508
1	121	74	119.235	79.3964	5.67768
1	121	74	114.602	82.7546	10.8434
1	121	74	142.076	77.1168	21.305
1	121	74	122.465	79.0583	5.2662
1	121	74	79.3878	53.1113	46.5609
1	121	74	142.001	78.9036	21.5659
1	121	74	69.8378	10.9137	81.2247
1	121	74	114.238	95.9593	22.9769
1	121	74	104.797	93.1778	25.1064
1	121	74	123.813	80.184	6.79357
1	121	74	129.051	78.0095	8.99435
1	121	74	134.878	70.5137	14.3095
1	121	74	108.587	94.795	24.2181
1	121	74	131.978	72.488	11.0818
1	121	74	125.799	93.0654	19.6601
1	121	74	121.908	70.5175	3.59894
1	121	74	124.137	83.0633	9.5907
1	121	74	115.348	82.2028	9.96123
1	121	74	119.973	71.6593	2.55595
1	121	74	142.181	78.0043	21.5557
1	121	74	116.7	77.8083	5.74423
1	121	74	142.276	79.2724	21.9191
1	121	74	119.902	45.6786	28.3427
1	121	74	140.306	79.339	20.0308
1	121	74	119.407	77.1972	3.5719
1	121	74	120.201	75.7283	1.90396
1	121	74	109.988	87.6592	17.5455
1	121	74	130.089	72.0124	9.30382
1	121	74	140.383	72.1057	19.4756
1	121	74	137.336	72.219	16.4327
