1	121	74	121.187	74.2824	0.338625
1	121	74	120.896	73.9504	0.115261
1	121	74	136.645	83.9807	18.5578
1	121	74	110.324	93.6675	22.3783
1	121	74	120.719	74.4555	0.535292
1	121	74	121.206	74.2321	0.310012
1	121	74	120.936	74.3279	0.334145
1	121	74	121.199	74.0466	0.204598
1	121	74	112.665	90.142	18.167
1	121	74	136.121	84.5591	18.4433
1	121	74	120.816	74.1369	0.229673
1	121	74	120.917	74.2489	0.262374
1	121	74	121.245	74.2492	0.349214
1	121	74	121.107	74.0425	0.115511
1	121	74	120.919	74.177	0.194675
1	121	74	120.841	74.3916	0.422748
1	121	74	120.95	73.7545	0.250574
1	121	74	86.5327	52.29	40.7347
1	121	74	120.811	74.0935	0.210741
1	121	74	121.013	74.2797	0.280056
1	121	74	120.892	74.1656	0.197615
1	121	74	107.107	94.4796	24.7473
1	121	74	105.295	91.1555	23.2583
1	121	74	121.067	73.8471	0.166816
1	121	74	121.244	73.9665	0.246067
1	121	74	120.851	74.3421	0.373113
1	121	74	120.611	73.881	0.40685
1	121	74	136.77	84.3382	18.8568
1	121	74	121.203	74.3644	0.417301
1	121	74	121.068	74.5	0.504557
1	121	74	121.219	74.3942	0.451113
1	121	74	120.92	74.3334	0.342874
1	121	74	120.951	74.6252	0.627151
1	121	74	121.08	74.3721	0.380632
1	121	74	120.784	74.4349	0.485567
1	121	74	121.195	74.5049	0.541254
1	121	74	120.964	74.588	0.589119
1	121	74	121.507	74.1085	0.51836
1	121	74	121.023	74.0716	0.0751179
1	121	74	120.972	74.0878	0.0921999
1	121	74	121.284	74.4841	0.561238
1	121	74	121.369	74.3146	0.484586
1	121	74	121.769	74.1714	0.787772
1	121	74	121.267	73.9942	0.267025
1	121	74	135.896	83.965	17.9221
1	121	74	121.307	74.3125	0.438218
1	121	74	120.978	73.8817	0.120355
1	121	74	121.236	74.0564	0.242736
1	121	74	120.842	74.1019	0.188167
1	121	74	120.976	73.7806	0.220677
1	121	74	121.136	73.9529	0.143531
1	121	74	120.699	74.2783	0.410108
1	121	74	120.821	74.3078	0.356106
1	121	74	120.674	74.2873	0.434211
1	121	74	121.029	73.8578	0.145147
1	121	74	121.039	74.0342	0.0521694
1	121	74	136.142	84.5177	18.4362
1	121	74	120.988	73.899	0.101728
1	121	74	121.28	73.8817	0.304217
1	121	74	120.922	74.0211	0.0810514
1	121	74	121.011	74.4127	0.412888
1	121	74	120.95	73.9708	0.0582198
1	121	74	120.958	74.0574	0.0711112
1	121	74	121.211	74.6403	0.674215
1	121	74	120.807	74.2612	0.32478
1	121	74	99.129	80.4168	22.7929
1	121	74	121.147	74.1675	0.222862
1	121	74	121.261	74.3307	0.421617
1	121	74	120.675	74.2261	0.396045
1	121	74	121.121	73.906	0.153531
1	121	74	120.852	74.2321	0.275265
1	121	74	136.09	84.1111	18.1643
1	121	74	121.005	74.5447	0.544695
1	121	74	121.277	73.8958	0.296284
1	121	74	136.405	84.3203	18.5424
1	121	74	120.603	74.3082	0.502221
1	121	74	136.587	83.9438	18.4887
1	121	74	121.097	74.0642	0.116385
1	121	74	120.952	73.893	0.117385
1	121	74	99.4229	80.4238	22.5131
1	121	74	121.29	74.1012	0.307553
1	121	74	120.614	74.3146	0.497605
1	121	74	120.896	74.288	0.306111
1	121	74	120.882	73.979	0.119635
1	121	74	121.299	74.3054	0.427385
1	121	74	121.305	74.0279	0.306584
1	121	74	120.702	74.3723	0.47681
1	121	74	107.059	94.7918	25.0328
1	121	74	136.317	84.515	18.579
1	121	74	121.121	74.4131	0.43053
1	121	74	121.058	73.9806	0.0610213
1	121	74	120.94	74.2859	0.292204
1	121	74	121.041	74.0383	0.0557651
1	121	74	121.313	74.4186	0.522818
1	121	74	121.197	73.8874	0.226928
1	121	74	121.068	74.1338	0.15
1	121	74	120.91	74.2991	0.312238
1	121	74	121.287	74.2353	0.370964
1	121	74	120.885	74.2982	0.319728
1	121	74	121.287	73.9174	0.299112
1	121	74	121.116	74.4322	0.447502
1	121	74	121.162	74.5374	0.561155
1	121	74	120.972	74.0732	0.0782909
1	121	74	120.876	73.873	0.177557
1	121	74	120.729	74.0308	0.273093
1	121	74	120.894	73.8308	0.199944
1	121	74	121.166	73.8926	0.197637
1	121	74	121.088	74.3466	0.357629
1	121	74	121.129	74.1439	0.193492
1	121	74	121.043	74.616	0.617487
1	121	74	121.067	73.7705	0.23895
1	121	74	118.621	72.8957	2.62322
1	121	74	121.016	74.2538	0.254285
1	121	74	120.722	74.1512	0.316518
1	121	74	107.11	94.4284	24.7031
1	121	74	121.375	73.9817	0.375477
1	121	74	136.428	84.124	18.4532
1	121	74	120.701	74.0988	0.314896
1	121	74	121.033	74.64	0.640833
1	121	74	124.118	76.1972	3.81453
1	121	74	121.267	74.004	0.267191
1	121	74	121.847	74.8867	1.22609
1	121	74	121.205	74.1678	0.264921
1	121	74	121.222	74.2702	0.349685
1	121	74	120.914	74.1663	0.187377
1	121	74	121.314	73.9975	0.31364
1	121	74	121.057	73.8545	0.156411
1	121	74	120.925	74.1937	0.207552
1	121	74	121.056	73.9032	0.11202
1	121	74	121.254	74.2436	0.352001
1	121	74	121.223	74.3342	0.401667
1	121	74	121.241	74.1312	0.274023
1	121	74	121.7	74.1606	0.717819
1	121	74	120.797	74.3149	0.374838
1	121	74	120.644	74.3447	0.495846
1	121	74	105.496	91.0483	23.0439
1	121	74	120.99	74.0876	0.0881556
1	121	74	121.397	74.0256	0.397921
1	121	74	120.908	74.4435	0.453064
1	121	74	136.141	84.5627	18.4613
1	121	74	120.867	74.2842	0.313571
1	121	74	120.482	74.023	0.518545
1	121	74	136.168	84.1597	18.2564
1	121	74	121.257	74.2815	0.381428
1	121	74	135.8	84.2702	18.0146
1	121	74	101.449	83.7049	21.8275
1	121	74	99.1924	80.077	22.6384
1	121	74	125.667	77.7687	5.99848
1	121	74	120.981	73.9953	0.0193209
1	121	74	121.06	73.9478	0.0794967
1	121	74	136.35	84.2109	18.4358
1	121	74	121.127	74.6704	0.682307
1	121	74	135.737	84.3031	17.9813
1	121	74	121.129	74.4542	0.472099
1	121	74	136.354	84.1482	18.4043
1	121	74	120.954	74.1677	0.173916
1	121	74	120.846	74.1572	0.220091
1	121	74	121.242	73.9653	0.244236
1	121	74	120.811	74.3388	0.38773
1	121	74	107.07	94.7471	24.9896
1	121	74	121.034	74.4485	0.449813
1	121	74	120.979	74.1213	0.123095
1	121	74	120.671	74.1988	0.384424
1	121	74	121.193	74.3445	0.394924
1	121	74	121.265	74.4286	0.504156
1	121	74	104.249	88.8921	22.4138
1	121	74	120.889	74.2982	0.318002
1	121	74	126.57	63.926	11.5114
1	121	74	121.173	74.1481	0.227512
1	121	74	136.272	84.6024	18.5919
1	121	74	135.716	84.1787	17.893
1	121	74	120.824	74.1239	0.21544
1	121	74	121.29	74.2116	0.358999
1	121	74	121.895	75.3009	1.57888
1	121	74	120.976	74.1614	0.163261
1	121	74	120.743	73.995	0.256649
1	121	74	123.471	76.0925	3.23804
1	121	74	121.285	74.1541	0.323894
1	121	74	106.998	94.6833	24.977
1	121	74	121.24	74.1199	0.268035
1	121	74	121.169	73.9844	0.170086
1	121	74	120.934	74.5721	0.5759
1	121	74	120.841	74.2499	0.29612
1	121	74	121.214	74.3482	0.408487
1	121	74	121.137	74.5068	0.525034
1	121	74	108.238	96.9359	26.2472
1	121	74	99.6087	80.1606	22.2607
1	121	74	120.926	74.0603	0.0955002
1	121	74	121.17	74.2764	0.324539
1	121	74	120.854	74.2496	0.289425
1	121	74	120.768	74.2189	0.318793
1	121	74	99.4701	80.3512	22.4471
1	121	74	136.043	84.2263	18.1896
1	121	74	121.11	74.037	0.116056
1	121	74	121.039	73.8224	0.181816
1	121	74	121.314	74.3522	0.471944
1	121	74	121.18	73.9784	0.180951
1	121	74	136.411	84.4746	18.6334
1	121	74	120.984	74.204	0.20459
1	121	74	107.166	94.4997	24.7306
1	121	74	99.6227	80.3067	22.2881
1	121	74	120.718	74.2407	0.370623
1	121	74	121.193	73.8964	0.219056
1	121	74	121.099	74.3129	0.328228
1	121	74	120.947	74.0695	0.0873225
1	121	74	120.337	73.933	0.666154
1	121	74	121.019	74.3733	0.37381
1	121	74	121.215	74.2984	0.367919
1	121	74	121.11	74.2517	0.274701
1	121	74	121.408	74.0164	0.408609
1	121	74	121.051	74.4573	0.460164
1	121	74	121.123	74.0859	0.150318
1	121	74	120.969	74.258	0.259806
1	121	74	107.202	94.2941	24.5404
1	121	74	120.91	74.3396	0.351396
1	121	74	123.043	76.1864	2.99211
1	121	74	136.429	84.2406	18.5183
1	121	74	121.381	74.1916	0.426446
1	121	74	121.263	74.1119	0.285773
1	121	74	135.749	84.4084	18.0517
1	121	74	121.207	73.895	0.232402
1	121	74	120.978	73.7627	0.238359
1	121	74	121.16	74.47	0.49645
1	121	74	116.759	82.8207	9.78727
1	121	74	120.642	74.1268	0.379827
1	121	74	101.912	85.6414	22.3577
1	121	74	120.951	74.0832	0.096666
1	121	74	120.897	74.2515	0.271886
1	121	74	121.011	73.8484	0.151988
1	121	74	99.5787	80.1634	22.2904
1	121	74	121.417	74.0523	0.419942
1	121	74	136.387	84.4711	18.6119
1	121	74	121.031	73.8231	0.179663
1	121	74	120.757	74.0659	0.252144
1	121	74	121.351	74.199	0.403625
1	121	74	121.221	74.1677	0.277135
1	121	74	99.4395	80.3225	22.4685
1	121	74	121.201	74.1883	0.275684
1	121	74	121.118	74.3895	0.406984
1	121	74	120.889	74.3359	0.353871
1	121	74	125.43	77.3108	5.53053
1	121	74	120.951	74.1471	0.155166
1	121	74	121.56	74.1276	0.573917
1	121	74	120.838	74.2207	0.273465
1	121	74	120.807	73.883	0.225679
1	121	74	121.084	74.0815	0.117126
1	121	74	120.639	74.4499	0.57695
1	121	74	121.08	74.0255	0.0836697
1	121	74	121.143	74.0545	0.152658
1	121	74	121.23	74.4407	0.497146
1	121	74	121.17	74.1612	0.23458
1	121	74	121.182	73.9617	0.185848
1	121	74	121.472	74.0326	0.47302
1	121	74	121.2	73.8409	0.255883
1	121	74	121.275	74.4123	0.495483
1	121	74	121.056	74.2398	0.246301
1	121	74	125.716	77.6365	5.95556
1	121	74	120.942	74.4624	0.466023
1	121	74	135.916	84.115	18.0225
1	121	74	121.075	74.1898	0.204259
1	121	74	110.441	93.6058	22.2686
1	121	74	120.579	74.14	0.443818
1	121	74	121.014	74.3818	0.382089
1	121	74	121.07	73.8148	0.198105
1	121	74	121.216	74.0717	0.227162
1	121	74	120.666	74.154	0.367462
1	121	74	121.072	74.2348	0.245563
1	121	74	107.172	94.8351	25.0063
1	121	74	120.729	74.1685	0.318944
1	121	74	121.015	73.8283	0.172353
1	121	74	121.01	74.2822	0.28239
1	121	74	121.13	74.1374	0.18914
1	121	74	121.748	74.3929	0.844564
1	121	74	121.023	73.862	0.139868
1	121	74	110.805	93.3585	21.879
1	121	74	121.089	74.1108	0.142171
1	121	74	136.192	84.5368	18.4882
1	121	74	121.143	74.6585	0.673905
1	121	74	136.127	84.4381	18.3785
1	121	74	121.225	72.4387	1.57751
1	121	74	120.943	73.9976	0.0569709
1	121	74	121.322	74.2112	0.385375
1	121	74	135.482	82.9947	17.0483
1	121	74	120.866	74.3368	0.362379
1	121	74	107.27	95.1187	25.1895
1	121	74	121.022	74.0912	0.0936993
1	121	74	121.085	73.7627	0.25214
1	121	74	110.673	93.7168	22.2578
1	121	74	121.008	74.4667	0.466771
1	121	74	136.051	84.0572	18.1018
1	121	74	121.213	74.2508	0.329178
1	121	74	121.097	74.144	0.17342
1	121	74	120.838	74.2676	0.312648
1	121	74	121.208	74.2003	0.289084
1	121	74	107.155	94.9797	25.1364
1	121	74	121.095	74.5444	0.552521
1	121	74	120.893	74.021	0.108932
1	121	74	121.423	74.2837	0.5096
1	121	74	120.913	74.3544	0.364877
1	121	74	121.287	74.374	0.47147
1	121	74	120.916	74.3134	0.324521
1	121	74	106.878	94.3395	24.7616
1	121	74	120.862	74.2826	0.314551
1	121	74	120.998	74.3489	0.34891
1	121	74	121.18	74.4199	0.456797
1	121	74	121.091	73.8282	0.194566
1	121	74	120.819	74.0222	0.182083
1	121	74	120.954	73.826	0.179973
1	121	74	121.321	72.4498	1.5832
1	121	74	136.038	84.1759	18.1576
1	121	74	121.213	74.1504	0.260867
1	121	74	121.096	74.3552	0.368014
1	121	74	120.935	74.2906	0.297794
1	121	74	120.789	74.1762	0.275058
1	121	74	120.677	73.9193	0.332855
1	121	74	120.88	73.9279	0.140183
1	121	74	121.303	74.1775	0.351061
1	121	74	120.51	74.3126	0.581575
1	121	74	121.573	74.5142	0.769617
1	121	74	136.507	84.3586	18.6484
1	121	74	121.021	74.3853	0.385917
1	121	74	135.808	84.4406	18.1186
1	121	74	120.678	74.2374	0.40025
1	121	74	120.808	74.1291	0.231362
1	121	74	120.875	74.244	0.274296
1	121	74	121.029	74.3375	0.338726
1	121	74	125.92	77.4812	6.02683
1	121	74	121.111	74.4028	0.417847
1	121	74	135.626	84.2535	17.8618
1	121	74	122.411	74.8345	1.63949
1	121	74	121.019	74.215	0.215851
1	121	74	121.215	74.4818	0.527624
1	121	74	120.793	74.0714	0.218537
1	121	74	106.954	94.5665	24.9055
1	121	74	120.875	74.2491	0.278819
1	121	74	121.903	76.1982	2.37638
1	121	74	121.196	74.4111	0.455311
1	121	74	121.18	74.0059	0.180141
1	121	74	121.104	74.2834	0.302036
1	121	74	121.215	73.9143	0.231057
1	121	74	120.858	74.0712	0.158671
1	121	74	120.803	74.3359	0.389409
1	121	74	118.347	72.7567	2.92998
1	121	74	107.347	95.0797	25.115
1	121	74	121.083	74.4084	0.416719
1	121	74	121.124	74.0029	0.123781
1	121	74	121.155	74.0334	0.158648
1	121	74	121.116	72.2534	1.7504
1	121	74	135.621	84.0348	17.7333
1	121	74	121	74.193	0.192977
1	121	74	107.601	94.955	24.8724
1	121	74	120.926	74.4397	0.445924
1	121	74	121.275	74.405	0.489351
1	121	74	107.396	94.9101	24.9457
1	121	74	136.209	84.2593	18.346
1	121	74	120.845	74.1814	0.238345
1	121	74	120.46	73.7529	0.593601
1	121	74	121.196	73.9986	0.195832
1	121	74	121.23	74.3193	0.393242
1	121	74	99.477	79.983	22.3391
1	121	74	121.226	74.1607	0.277053
1	121	74	104.115	89.7496	23.0902
1	121	74	121.141	74.0417	0.147245
1	121	74	121.495	74.1445	0.515397
1	121	74	120.652	74.2305	0.417799
1	121	74	120.916	74.2861	0.298338
1	121	74	120.976	74.0185	0.0306262
1	121	74	121.142	74.5621	0.579792
1	121	74	120.911	74.274	0.288023
1	121	74	121.194	74.2965	0.354234
1	121	74	121.139	74.115	0.180464
1	121	74	120.71	74.2391	0.375559
1	121	74	121.06	74.1205	0.134452
1	121	74	120.768	74.4085	0.469971
1	121	74	135.46	84.2619	17.731
1	121	74	135.682	84.1479	17.8474
1	121	74	121.043	74.1685	0.173985
1	121	74	120.676	74.2564	0.412935
1	121	74	99.5306	80.0028	22.2928
1	121	74	120.79	74.1922	0.284744
1	121	74	121.186	74.2773	0.333939
1	121	74	120.763	74.2704	0.359228
1	121	74	121.285	74.1675	0.330606
1	121	74	120.959	74.3774	0.379635
1	121	74	99.6659	80.2829	22.24
1	121	74	121.202	73.9861	0.202047
1	121	74	121.081	74.3509	0.360034
1	121	74	135.748	83.9334	17.7817
1	121	74	121.222	72.2631	1.75107
1	121	74	121.021	74.1635	0.164846
1	121	74	121.043	74.1217	0.129067
1	121	74	136.69	84.2984	18.7682
1	121	74	120.919	73.7223	0.289263
1	121	74	120.72	74.3093	0.417104
1	121	74	120.414	74.2916	0.654078
1	121	74	120.868	74.4675	0.485706
1	121	74	120.593	74.3056	0.509237
1	121	74	136.258	84.2489	18.3803
1	121	74	121.211	74.1871	0.281669
1	121	74	135.506	83.9848	17.6105
1	121	74	106.961	95.035	25.2897
1	121	74	121.18	74.304	0.353431
1	121	74	120.998	73.7839	0.216131
1	121	74	120.986	74.1968	0.197266
1	121	74	121.474	74.0699	0.478731
1	121	74	121.015	74.1142	0.115191
1	121	74	121.169	74.6525	0.674003
1	121	74	121.6	74.2957	0.669305
1	121	74	88.9122	53.0123	38.342
1	121	74	121.17	74.0796	0.188099
1	121	74	121.231	73.8713	0.264375
1	121	74	136.375	84.4901	18.6124
1	121	74	121.011	73.944	0.057112
1	121	74	120.99	74.3675	0.367639
1	121	74	121.052	74.096	0.109156
1	121	74	121.019	74.4364	0.436839
1	121	74	121.117	74.1741	0.209559
1	121	74	121.226	74.1802	0.288759
1	121	74	136.705	84.3267	18.7959
1	121	74	121.113	74.2965	0.317325
1	121	74	136.069	84.409	18.3149
1	121	74	121.207	74.2995	0.364288
1	121	74	121.081	74.3373	0.346822
1	121	74	121.142	74.3644	0.391092
1	121	74	120.85	74.1819	0.235938
1	121	74	121.243	74.4907	0.547648
1	121	74	120.997	74.0657	0.0657496
1	121	74	121.205	74.1491	0.253751
1	121	74	106.86	94.4247	24.8418
1	121	74	121.044	74.3032	0.30631
1	121	74	120.861	74.059	0.151317
1	121	74	120.963	74.1034	0.109932
1	121	74	121.318	74.2116	0.381534
1	121	74	120.983	74.2027	0.203393
1	121	74	121.14	74.078	0.16006
1	121	74	120.959	74.2418	0.245164
1	121	74	107.234	94.8012	24.9439
1	121	74	121.393	74.187	0.435526
1	121	74	120.969	74.2892	0.290847
1	121	74	122.162	74.6697	1.34154
1	121	74	121.206	74.4784	0.520691
1	121	74	120.878	74.3238	0.345946
1	121	74	121.035	74.028	0.0444822
1	121	74	120.631	73.8488	0.398485
1	121	74	120.237	74.0144	0.763148
1	121	74	120.819	74.4396	0.475295
1	121	74	99.2165	80.1749	22.6418
1	121	74	121.224	73.8466	0.27182
1	121	74	121.171	74.4431	0.475002
1	121	74	121.226	73.8885	0.25172
1	121	74	121.281	74.2595	0.382298
1	121	74	121.068	74.144	0.159316
1	121	74	107.191	94.4815	24.702
1	121	74	104.528	90.1235	23.0498
1	121	74	121.123	74.0483	0.132476
1	121	74	120.5	74.1359	0.517842
1	121	74	125.886	77.6484	6.09804
1	121	74	121.072	74.4286	0.43464
1	121	74	121.209	74.4671	0.51167
1	121	74	105.176	91.4765	23.576
1	121	74	135.65	84.3306	17.9259
1	121	74	120.96	74.12	0.126614
1	121	74	120.837	74.5049	0.530563
1	121	74	121.403	74.2539	0.476626
1	121	74	120.695	74.4192	0.518723
1	121	74	121.135	74.2996	0.328824
1	121	74	120.984	74.3858	0.386137
1	121	74	121.338	73.9905	0.338193
1	121	74	135.638	83.9572	17.7038
1	121	74	121.393	74.1644	0.425857
1	121	74	121.034	74.3709	0.372423
1	121	74	120.869	74.1831	0.225394
1	121	74	120.832	74.3889	0.42359
1	121	74	107.323	94.3949	24.5564
1	121	74	121.198	74.3545	0.405955
1	121	74	121.27	74.1945	0.332394
1	121	74	121.011	74.2448	0.245023
1	121	74	120.861	74.3455	0.372464
1	121	74	136.542	84.3695	18.6834
1	121	74	120.745	74.1711	0.306783
1	121	74	121.404	74.4373	0.595506
1	121	74	121.194	74.4092	0.453056
1	121	74	136.402	84.193	18.4693
1	121	74	120.689	74.0875	0.323324
1	121	74	121.091	73.9444	0.106344
1	121	74	120.634	74.4482	0.5787
1	121	74	136.557	84.3529	18.6866
1	121	74	121.3	74.2145	0.368857
1	121	74	121.119	74.5228	0.536169
1	121	74	121.373	74.2048	0.425669
1	121	74	120.189	73.9078	0.816498
1	121	74	120.953	73.8113	0.194563
1	121	74	120.85	74.0652	0.163136
1	121	74	121.429	74.2973	0.521942
1	121	74	121.194	74.3741	0.421435
1	121	74	135.788	84.3152	18.0298
1	121	74	121.156	73.9853	0.156811
1	121	74	121.056	74.2432	0.249587
1	121	74	121.21	74.1219	0.242391
1	121	74	106.778	94.4568	24.915
1	121	74	123.582	75.3655	2.92072
1	121	74	99.1461	80.3217	22.7499
1	121	74	110.643	93.3205	21.9216
1	121	74	122.871	76.7267	3.30693
1	121	74	136.446	84.2021	18.5113
1	121	74	121.332	74.0611	0.33802
1	121	74	121.147	74.4293	0.453807
1	121	74	121.082	74.0978	0.127697
1	121	74	136.624	84.4032	18.7706
1	121	74	121.499	74.2572	0.561003
1	121	74	120.236	73.9414	0.766184
1	121	74	105.431	91.5697	23.4752
1	121	74	106.948	95.0917	25.3442
1	121	74	121.082	74.2095	0.225037
1	121	74	120.706	74.2579	0.391292
1	121	74	104.96	90.9672	23.3489
1	121	74	107.07	94.5116	24.7946
1	121	74	121.132	74.3736	0.39612
1	121	74	121.204	73.9087	0.223058
1	121	74	121.227	74.2595	0.344574
1	121	74	120.946	74.1898	0.19733
1	121	74	121.004	74.0065	0.00784851
1	121	74	121.027	73.9531	0.0541755
1	121	74	118.392	78.9306	5.57795
1	121	74	136.168	84.1678	18.2603
1	121	74	121.071	74.6924	0.69601
1	121	74	120.82	74.4056	0.443758
1	121	74	120.97	74.6067	0.607436
1	121	74	120.866	74.3502	0.375062
1	121	74	121.36	73.9996	0.360024
1	121	74	121.107	74.2536	0.275207
1	121	74	121.197	74.1072	0.224204
1	121	74	120.859	74.399	0.423287
1	121	74	121.145	73.9632	0.149533
1	121	74	120.973	74.4206	0.421461
1	121	74	122.994	76.4352	3.14752
1	121	74	121.07	73.9888	0.070973
1	121	74	121.109	73.955	0.117685
1	121	74	119.122	73.4008	1.97149
1	121	74	120.88	74.0214	0.122181
1	121	74	121.059	73.8463	0.164753
1	121	74	121.14	74.3337	0.361918
1	121	74	120.814	74.4891	0.523286
1	121	74	120.987	74.2027	0.203057
1	121	74	120.961	74.616	0.617241
1	121	74	120.314	73.7804	0.719931
1	121	74	120.976	74.0966	0.0996526
1	121	74	120.981	73.805	0.195931
1	121	74	120.745	74.3714	0.450712
1	121	74	121.123	74.2045	0.238798
1	121	74	121.032	74.1882	0.190858
1	121	74	120.987	74.3749	0.375099
1	121	74	121.002	74.324	0.324021
1	121	74	99.4596	80.3689	22.4623
1	121	74	107.452	95.0598	25.0414
1	121	74	121.025	74.5374	0.537949
1	121	74	121.137	74.1833	0.228662
1	121	74	118.469	78.5165	5.17743
1	121	74	121.146	73.9573	0.152289
1	121	74	121.331	74.0673	0.337402
1	121	74	121.466	72.4249	1.64249
1	121	74	120.647	74.0572	0.357851
1	121	74	121.387	74.0876	0.396789
1	121	74	104.046	89.1153	22.7138
1	121	74	135.942	84.0715	18.0191
1	121	74	121.216	72.1218	1.89054
1	121	74	120.712	74.2658	0.392063
1	121	74	121.256	74.4296	0.500107
1	121	74	121.001	73.942	0.0579755
1	121	74	120.689	74.1329	0.338018
1	121	74	136.726	84.4864	18.902
1	121	74	107.425	94.5842	24.6575
1	121	74	121.407	72.4414	1.6109
1	121	74	118.725	72.9293	2.51454
1	121	74	120.932	74.4968	0.501464
1	121	74	121.167	74.2505	0.300954
1	121	74	120.811	74.1696	0.253743
1	121	74	121.23	73.9187	0.243949
1	121	74	120.793	74.3203	0.381116
1	121	74	120.812	74.0278	0.19003
1	121	74	121.376	73.9181	0.384755
1	121	74	121.273	74.0127	0.273202
1	121	74	121.127	74.2158	0.250543
1	121	74	121.367	74.1388	0.392092
1	121	74	121.07	73.9709	0.0761395
1	121	74	121.314	74.475	0.569112
1	121	74	120.694	74.2234	0.379026
1	121	74	121.292	74.2613	0.39218
1	121	74	121.327	74.3317	0.466055
1	121	74	120.96	73.9201	0.0895649
1	121	74	121.101	74.3993	0.411798
1	121	74	121.348	74.4646	0.580712
1	121	74	119.013	73.0886	2.18563
1	121	74	121.055	74.3573	0.361597
1	121	74	120.792	74.0393	0.211305
1	121	74	120.827	73.9018	0.198513
1	121	74	120.859	74.2283	0.268586
1	121	74	136.393	84.4048	18.5795
1	121	74	121.328	74.4177	0.531028
1	121	74	136.196	84.352	18.3873
1	121	74	120.974	74.1494	0.151633
1	121	74	121.302	74.2896	0.4184
1	121	74	110.377	93.5032	22.2087
1	121	74	135.959	84.4633	18.2553
1	121	74	121.371	74.2087	0.426038
1	121	74	121.874	75.1253	1.42483
1	121	74	136.241	84.3379	18.4159
1	121	74	136.375	84.2456	18.4761
1	121	74	121.135	74.0813	0.157802
1	121	74	120.873	74.4027	0.422187
1	121	74	121.211	73.8914	0.237618
1	121	74	121.102	74.2383	0.25933
1	121	74	121.06	74.5355	0.538821
1	121	74	121.339	74.0866	0.350323
1	121	74	121.158	72.1023	1.90427
1	121	74	120.897	74.2359	0.257393
1	121	74	99.3703	80.024	22.4529
1	121	74	122.246	74.5667	1.3684
1	121	74	120.676	74.1192	0.345486
1	121	74	120.771	74.2805	0.361927
1	121	74	121.275	74.4021	0.487125
1	121	74	120.721	74.2391	0.367256
1	121	74	121.043	74.2641	0.267606
1	121	74	121.312	74.2075	0.374344
1	121	74	121.192	74.5242	0.558159
1	121	74	136.084	84.3383	18.2866
1	121	74	107.199	95.1498	25.2541
1	121	74	120.921	74.1007	0.127888
1	121	74	121.086	74.13	0.155884
1	121	74	121.358	74.3273	0.485181
1	121	74	120.759	74.2517	0.348459
1	121	74	121.005	74.4658	0.465863
1	121	74	136.034	84.6528	18.4259
1	121	74	120.89	74.1359	0.174975
1	121	74	120.673	74.2418	0.406417
1	121	74	120.937	74.4284	0.433049
1	121	74	121.069	74.1333	0.150194
1	121	74	120.776	73.9894	0.224741
1	121	74	121.071	73.9682	0.078218
1	121	74	121.194	74.4819	0.519397
1	121	74	120.839	74.0908	0.185004
1	121	74	120.812	73.9298	0.200785
1	121	74	120.887	73.8457	0.191037
1	121	74	135.778	84.2393	17.9787
1	121	74	121.329	74.0933	0.34233
1	121	74	120.809	74.2175	0.289707
1	121	74	120.728	74.3863	0.472329
1	121	74	121.121	74.1371	0.182847
1	121	74	121.184	74.4233	0.461664
1	121	74	107.108	95.1336	25.2905
1	121	74	121.605	74.3473	0.697933
1	121	74	120.91	73.9665	0.0962234
1	121	74	99.0828	80.1771	22.771
1	121	74	121.23	74.1968	0.302328
1	121	74	120.839	74.2886	0.33051
1	121	74	107.322	94.4901	24.6361
1	121	74	121.123	74.3608	0.38137
1	121	74	121.369	74.1049	0.383133
1	121	74	120.955	74.4664	0.468582
1	121	74	121.334	74.251	0.417439
1	121	74	120.982	74.009	0.020304
1	121	74	125.803	77.5144	5.95121
1	121	74	121.172	74.465	0.495781
1	121	74	107.309	94.5283	24.6748
1	121	74	99.3837	80.1978	22.4873
1	121	74	121.07	73.8104	0.202149
1	121	74	120.866	74.2034	0.243487
1	121	74	121.23	74.1399	0.26876
1	121	74	121.327	74.1092	0.344312
1	121	74	120.854	73.981	0.147718
1	121	74	107.062	94.3552	24.67
1	121	74	121.084	74.4124	0.420918
1	121	74	107.251	94.4451	24.6382
1	121	74	121.197	74.1848	0.270248
1	121	74	121.229	71.966	2.04684
1	121	74	121.36	73.9808	0.360584
1	121	74	121.151	74.339	0.371173
1	121	74	121.34	73.992	0.340339
1	121	74	121.006	73.8808	0.119337
1	121	74	121.21	74.4583	0.504058
1	121	74	121.117	74.327	0.347374
1	121	74	120.744	74.3703	0.450072
1	121	74	120.864	74.3375	0.363779
1	121	74	135.704	84.0703	17.8215
1	121	74	121.341	72.377	1.65845
1	121	74	121.102	74.2476	0.267889
1	121	74	121.059	73.8468	0.164228
1	121	74	121.22	74.2403	0.32615
1	121	74	121.229	73.9005	0.24923
1	121	74	115.578	85.4757	12.692
1	121	74	121.595	74.1177	0.606472
1	121	74	121.196	74.3351	0.388309
1	121	74	120.818	73.9274	0.196387
1	121	74	120.677	74.2384	0.401348
1	121	74	136.601	84.4901	18.7996
1	121	74	121.117	74.5623	0.574358
1	121	74	121.147	74.5408	0.560457
1	121	74	107.079	94.7141	24.9575
1	121	74	120.4	73.9889	0.599603
1	121	74	99.4542	80.3133	22.4517
1	121	74	120.853	74.3451	0.375264
1	121	74	121	74.0822	0.0821536
1	121	74	120.22	73.9496	0.781408
1	121	74	121.017	74.6702	0.670459
1	121	74	124.629	76.5541	4.43793
1	121	74	120.884	74.2294	0.25692
1	121	74	121.829	74.2832	0.875804
1	121	74	121.075	74.0113	0.0761613
1	121	74	121.239	74.5126	0.565701
1	121	74	135.61	83.9268	17.6633
1	121	74	121.406	74.1059	0.41999
1	121	74	121.184	74.0547	0.191851
1	121	74	106.96	95.0178	25.2757
1	121	74	120.921	74.3918	0.399667
1	121	74	120.82	74.5347	0.564311
1	121	74	135.652	84.4112	17.9744
1	121	74	121.202	74.3843	0.434387
1	121	74	120.633	74.2009	0.418062
1	121	74	105.261	91.4923	23.5306
1	121	74	135.654	84.2703	17.8943
1	121	74	121.265	73.9044	0.282182
1	121	74	120.953	74.02	0.051159
1	121	74	136.082	84.2294	18.224
1	121	74	120.748	74.1913	0.316021
1	121	74	136.516	84.3091	18.6288
1	121	74	121.302	73.922	0.312299
1	121	74	121.091	74.405	0.41509
1	121	74	120.714	74.2537	0.382043
1	121	74	120.859	74.2188	0.260494
1	121	74	121.217	73.8175	0.283327
1	121	74	121.156	74.4473	0.473579
1	121	74	121.294	74.1302	0.321818
1	121	74	121.184	73.9078	0.205617
1	121	74	136.092	84.1786	18.2037
1	121	74	121.191	74.2239	0.294042
1	121	74	120.82	74.0579	0.189497
1	121	74	121.194	74.4798	0.517435
1	121	74	120.959	74.0566	0.0700851
1	121	74	120.873	74.0702	0.145022
1	121	74	121.4	74.1059	0.413668
1	121	74	120.862	74.2838	0.315667
1	121	74	120.981	73.9889	0.0222163
1	121	74	120.79	74.3994	0.451397
1	121	74	121.022	73.9659	0.040527
1	121	74	136.105	83.9275	18.0754
1	121	74	136.034	84.1818	18.157
1	121	74	121.315	72.3708	1.65943
1	121	74	120.82	74.2966	0.346941
1	121	74	121.16	74.1948	0.252121
1	121	74	121.885	74.4814	1.00774
1	121	74	121.144	74.622	0.638409
1	121	74	120.837	74.357	0.392389
1	121	74	107.126	95.0138	25.1809
1	121	74	120.855	74.5022	0.522633
1	121	74	120.848	74.2699	0.309662
1	121	74	120.891	74.4023	0.416709
1	121	74	121.135	74.0912	0.163118
1	121	74	120.79	74.2336	0.313847
1	121	74	121.23	74.2361	0.329779
1	121	74	121.312	74.2623	0.407636
1	121	74	121.026	74.2524	0.253703
1	121	74	120.877	74.3918	0.410663
1	121	74	102.047	89.0964	24.2305
1	121	74	121.003	74.5098	0.509801
1	121	74	120.952	74.0513	0.0703626
1	121	74	121.017	74.1665	0.167461
1	121	74	120.975	74.2678	0.268984
1	121	74	121.427	74.1995	0.471534
1	121	74	121.169	74.3515	0.390228
1	121	74	121.141	74.1805	0.228702
1	121	74	121.193	74.42	0.462164
1	121	74	121.003	74.1966	0.196653
1	121	74	121.025	74.0861	0.0896144
1	121	74	121.107	74.2349	0.257955
1	121	74	121.068	74.4936	0.498204
1	121	74	121.856	74.4457	0.965177
1	121	74	121.319	74.3097	0.444533
1	121	74	121.129	71.9522	2.05183
1	121	74	121.227	74.2175	0.314148
1	121	74	120.888	74.3396	0.357529
1	121	74	121.053	74.1719	0.179726
1	121	74	121.213	74.348	0.408019
1	121	74	121.362	74.0468	0.364658
1	121	74	120.968	74.291	0.29273
1	121	74	120.664	74.3438	0.481079
1	121	74	103.341	87.0589	21.9633
1	121	74	106.968	94.8547	25.1359
1	121	74	120.714	74.3278	0.43535
1	121	74	121.268	74.4149	0.493987
1	121	74	120.829	74.4199	0.453198
1	121	74	121.264	74.1114	0.286175
1	121	74	120.851	74.1841	0.236891
1	121	74	120.635	74.357	0.510358
1	121	74	121.065	74.6104	0.613856
1	121	74	135.878	84.5043	18.2129
1	121	74	121.409	74.1101	0.423707
1	121	74	100.442	82.1021	22.0972
1	121	74	120.803	73.994	0.197086
1	121	74	121.027	74.5081	0.508825
1	121	74	107.042	95.0138	25.2273
1	121	74	121.216	74.0439	0.220233
1	121	74	103.901	89.3709	22.992
1	121	74	120.795	74.0795	0.219957
1	121	74	121.107	73.858	0.177936
1	121	74	120.654	74.3381	0.483556
1	121	74	121.005	73.9639	0.0364195
1	121	74	106.864	94.6216	25.0013
1	121	74	120.81	74.3408	0.390409
1	121	74	120.829	74.0565	0.179863
1	121	74	120.902	74.0684	0.119445
1	121	74	135.884	83.9958	17.929
1	121	74	121.055	74.4205	0.424073
1	121	74	99.3833	80.6789	22.625
1	121	74	121.019	74.416	0.416463
1	121	74	120.874	74.0516	0.135729
1	121	74	121.202	74.2187	0.298078
1	121	74	104.43	89.7422	22.8559
1	121	74	121.301	74.4606	0.550086
1	121	74	89.8248	59.4557	34.401
1	121	74	107.424	94.8446	24.8757
1	121	74	121.407	74.0232	0.407711
1	121	74	110.349	94.0325	22.6881
1	121	74	120.933	74.0674	0.0951472
1	121	74	121.126	74.1957	0.232766
1	121	74	121.237	73.8803	0.265523
1	121	74	121.012	74.2712	0.271447
1	121	74	121.028	74.0527	0.0596616
1	121	74	121.014	73.8654	0.135356
1	121	74	125.248	77.2839	5.36894
1	121	74	121.093	74.0575	0.109131
1	121	74	121.247	74.3867	0.45873
1	121	74	135.838	84.2402	18.0286
1	121	74	107.051	94.2821	24.616
1	121	74	120.722	74.1948	0.339378
1	121	74	136.797	84.3075	18.8623
1	121	74	121.326	74.14	0.354568
1	121	74	121.017	74.6381	0.638307
1	121	74	99.5491	80.1459	22.314
1	121	74	120.864	74.2324	0.269458
1	121	74	120.867	74.0028	0.132875
1	121	74	120.647	74.3612	0.505394
1	121	74	120.909	74.5108	0.518783
1	121	74	107.418	94.8215	24.8595
1	121	74	120.904	74.5339	0.542416
1	121	74	120.566	74.3051	0.530377
1	121	74	121.136	74.5079	0.525883
1	121	74	121.136	74.1261	0.185105
1	121	74	135.706	84.1695	17.8799
1	121	74	120.872	74.2455	0.276673
1	121	74	120.954	74.0069	0.0467588
1	121	74	107.392	95.2247	25.2122
1	121	74	120.584	74.2075	0.465193
1	121	74	121.044	74.08	0.0912794
1	121	74	121.315	74.3953	0.505591
1	121	74	120.77	74.0414	0.233803
1	121	74	120.726	74.0198	0.274542
1	121	74	121.143	74.3371	0.365952
1	121	74	120.788	74.3137	0.378636
1	121	74	121.118	74.4781	0.492456
1	121	74	106.886	94.9572	25.2669
1	121	74	120.719	74.2042	0.34732
1	121	74	121.022	74.1891	0.190316
1	121	74	121.011	74.2725	0.272718
1	121	74	120.777	74.3758	0.436972
1	121	74	105.455	91.4117	23.341
1	121	74	121.231	74.3051	0.382612
1	121	74	121.053	74.6371	0.639286
1	121	74	120.92	74.2293	0.242808
1	121	74	121.444	74.4332	0.620455
1	121	74	121.017	74.5685	0.568755
1	121	74	104.999	90.4593	22.9549
1	121	74	120.879	74.2009	0.234315
1	121	74	120.948	74.4598	0.462732
1	121	74	121.055	74.2556	0.261432
1	121	74	121.372	74.0224	0.373101
1	121	74	104.489	89.5758	22.6981
1	121	74	136.12	84.2056	18.2423
1	121	74	120.675	74.1171	0.345145
1	121	74	120.629	74.0622	0.376545
1	121	74	121.292	74.1594	0.332455
1	121	74	121.307	74.458	0.55144
1	121	74	121.064	73.8944	0.123582
1	121	74	121.107	73.9748	0.110217
1	121	74	121.067	73.9253	0.100566
1	121	74	121.464	74.2804	0.542436
1	121	74	120.878	74.3746	0.393969
1	121	74	106.935	94.3773	24.7602
1	121	74	121.02	74.4169	0.417434
1	121	74	120.831	74.3925	0.427461
1	121	74	121.256	74.194	0.320958
1	121	74	120.769	74.2933	0.37302
1	121	74	120.981	74.3864	0.386827
1	121	74	125.329	76.7209	5.11265
1	121	74	121.015	74.2922	0.292598
1	121	74	135.183	83.3752	17.0016
1	121	74	135.81	84.2257	17.997
1	121	74	121.299	74.3688	0.474721
1	121	74	121.141	74.469	0.489576
1	121	74	120.819	74.1531	0.236922
1	121	74	120.94	74.1881	0.197443
1	121	74	120.981	74.5142	0.514538
1	121	74	121.115	74.4194	0.43495
1	121	74	121.2	74.3445	0.398406
1	121	74	107.203	94.241	24.4958
1	121	74	121.459	74.1051	0.470851
1	121	74	120.909	74.0774	0.119695
1	121	74	120.792	74.1683	0.267928
1	121	74	136.301	84.2862	18.4371
1	121	74	121.132	73.9251	0.151738
1	121	74	122.227	74.9129	1.52932
1	121	74	121.038	73.7649	0.238166
1	121	74	120.932	74.3735	0.379626
1	121	74	120.874	74.359	0.380486
1	121	74	121.079	74.3431	0.35201
1	121	74	121.155	74.3759	0.406691
1	121	74	121.254	74.377	0.45463
1	121	74	121.302	74.156	0.339546
1	121	74	121.215	74.1191	0.245807
1	121	74	120.631	74.207	0.423203
1	121	74	135.958	84.1815	18.0941
1	121	74	120.811	74.48	0.515789
1	121	74	101.115	83.5553	22.0615
1	121	74	120.981	74.0917	0.093643
1	121	74	121.244	74.2022	0.31719
1	121	74	120.969	74.0369	0.0483947
1	121	74	104.179	89.3513	22.773
1	121	74	121.089	74.3351	0.34661
1	121	74	121.123	74.2702	0.296831
1	121	74	99.196	80.2889	22.6928
1	121	74	120.953	74.2016	0.206913
1	121	74	121.063	74.1252	0.140039
1	121	74	120.835	74.2442	0.29496
1	121	74	121.263	74.1191	0.288626
1	121	74	121.498	72.5563	1.52727
1	121	74	121.014	74.2595	0.25991
1	121	74	120.967	74.2568	0.258938
1	121	74	121.165	74.1052	0.195525
1	121	74	121.381	73.934	0.386265
1	121	74	121.072	73.9922	0.071936
1	121	74	121.276	74.2487	0.371772
1	121	74	121.131	74.1114	0.17166
1	121	74	105.081	91.5938	23.7265
1	121	74	121.274	74.4134	0.495828
1	121	74	108.578	97.0621	26.1945
1	121	74	135.819	83.8469	17.7921
1	121	74	121.293	74.0548	0.298024
1	121	74	120.841	74.0448	0.165419
1	121	74	121.034	74.1144	0.119324
1	121	74	121.187	74.2737	0.331577
1	121	74	135.816	84.2128	17.9946
1	121	74	121.127	74.0892	0.15507
1	121	74	99.1711	80.4514	22.7623
1	121	74	121.158	74.5262	0.549567
1	121	74	121.675	72.3904	1.74526
1	121	74	120.752	74.0009	0.247704
1	121	74	120.82	73.9904	0.179835
1	121	74	107.167	94.4251	24.6685
1	121	74	120.962	73.9749	0.0453497
1	121	74	120.517	74.3532	0.598105
1	121	74	107.269	94.7406	24.8742
1	121	74	121.035	74.0032	0.0351208
1	121	74	120.959	74.2155	0.219314
1	121	74	121.01	73.993	0.0126086
1	121	74	120.913	74.4195	0.428431
1	121	74	121.157	73.8415	0.22308
1	121	74	120.66	74.3926	0.519412
1	121	74	121.01	74.1377	0.13805
1	121	74	106.942	94.4638	24.8274
1	121	74	120.962	73.8881	0.118167
1	121	74	121.2	74.2015	0.284087
1	121	74	121.036	73.9827	0.0400655
1	121	74	121.05	74.1412	0.149924
1	121	74	121.21	74.0522	0.216542
1	121	74	121.251	73.9895	0.250851
1	121	74	120.935	74.3326	0.338944
1	121	74	121.44	74.3241	0.546837
1	121	74	120.979	73.8281	0.173203
1	121	74	120.866	74.2926	0.321881
1	121	74	121.222	73.9941	0.222344
1	121	74	120.673	74.1345	0.353201
1	121	74	121.471	74.1786	0.503943
1	121	74	121.28	74.122	0.305846
1	121	74	120.873	72.5161	1.48928
1	121	74	121.039	74.2405	0.243711
1	121	74	120.913	74.0112	0.0876661
1	121	74	121.063	74.3202	0.326282
1	121	74	120.911	74.0495	0.101474
1	121	74	121.52	74.785	0.941681
1	121	74	120.838	74.3022	0.34282
1	121	74	120.593	74.2431	0.474397
1	121	74	121.073	73.9493	0.0889006
1	121	74	120.843	74.2557	0.300011
1	121	74	136.001	84.0223	18.0408
1	121	74	121.162	74.5299	0.554262
1	121	74	121.813	74.3523	0.886183
1	121	74	120.732	74.3047	0.405533
1	121	74	121.35	74.1939	0.400307
1	121	74	121.056	74.1748	0.183537
1	121	74	121.155	74.1877	0.243272
