1	121	74	84.7191	65.6785	37.223
1	121	74	131.279	81.9671	13.0055
1	121	74	10.7004	83.1803	110.681
1	121	74	92.9082	79.7364	28.6715
1	121	74	136.189	82.9055	17.6072
1	121	74	128.447	70.6146	8.18068
1	121	74	111.334	84.4512	14.2358
1	121	74	125.351	85.8607	12.6335
1	121	74	104.257	97.3531	28.7348
1	121	74	106.589	97.4395	27.5153
1	121	74	96.0377	97.4373	34.2407
1	121	74	119.691	86.1276	12.1981
1	121	74	135.921	63.0595	18.5025
1	121	74	69.4235	12.1296	80.5487
1	121	74	116.172	71.2933	5.53529
1	121	74	93.2891	94.3454	34.3777
1	121	74	2.56672	91.2569	119.684
1	121	74	126.46	82.9237	10.4614
1	121	74	125.649	81.8802	9.14921
1	121	74	131.253	74.4348	10.2624
1	121	74	138.853	69.2819	18.466
1	121	74	141.704	83.5526	22.8013
1	121	74	8.09264	86.8693	113.638
1	121	74	133.262	81.6669	14.4613
1	121	74	130.973	73.2498	10.0014
1	121	74	129.507	91.1259	19.1226
1	121	74	139.69	44.663	34.7845
1	121	74	105.561	45.2738	32.6123
1	121	74	112.792	91.1694	19.0307
1	121	74	121.196	77.4975	3.503
1	121	74	135.875	80.3879	16.1883
1	121	74	129.17	63.5792	13.2418
1	121	74	141.325	73.9926	20.3252
1	121	74	60.8472	62.164	61.3062
1	121	74	117.882	90.659	16.9483
1	121	74	116.669	64.9744	10.0108
1	121	74	84.9717	57.7612	39.5189
1	121	74	138.006	71.9523	17.1287
1	121	74	118.985	76.3116	3.06656
1	121	74	126.142	75.2864	5.3001
1	121	74	104.614	91.6638	24.0941
1	121	74	120.609	46.2697	27.7331
1	121	74	119.582	74.7747	1.61585
1	121	74	115.898	85.3288	12.4247
1	121	74	133.387	83.7973	15.7934
1	121	74	133.995	60.6806	18.6084
1	121	74	118.478	86.7151	12.9629
1	121	74	124.666	74.2262	3.67292
1	121	74	83.7096	66.2496	38.0873
1	121	74	121.867	84.4763	10.5122
1	121	74	132.273	58.4895	19.1742
1	121	74	119.12	78.5095	4.88581
1	121	74	71.0449	10.6017	80.7147
1	121	74	127.997	75.2949	7.1154
1	121	74	140.995	86.9351	23.8143
1	121	74	118.951	88.6963	14.8385
1	121	74	141.26	62.5559	23.2689
1	121	74	126.299	81.5618	9.23349
1	121	74	119.76	76.4832	2.77565
1	121	74	105.65	83.796	18.2092
1	121	74	123.465	89.2249	15.4231
1	121	74	109.482	46.2647	30.032
1	121	74	119.637	75.8682	2.31282
1	121	74	116.446	84.6921	11.6216
1	121	74	122.335	60.4956	13.5703
1	121	74	141.106	84.175	22.5337
1	121	74	134.636	79.9403	14.8739
1	121	74	121.021	76.688	2.68808
1	121	74	119.861	93.4897	19.523
1	121	74	128.312	78.3461	8.50641
1	121	74	70.9396	10.6541	80.7387
1	121	74	119.413	91.3968	17.469
1	121	74	107.179	91.5632	22.3494
1	121	74	132.519	67.3006	13.3255
1	121	74	111.807	79.2701	10.5961
1	121	74	95.8594	54.8328	31.6137
1	121	74	103.356	56.9139	24.5612
1	121	74	56.0393	36.4047	75.0553
1	121	74	112.322	79.0419	10.0362
1	121	74	119.395	46.0542	27.9919
1	121	74	128.745	72.6553	7.86127
1	121	74	100.749	96.0682	29.9521
1	121	74	123.926	68.1664	6.52627
1	121	74	115.041	64.7435	11.0087
1	121	74	42.9191	21.8288	93.9066
1	121	74	119.209	88.5062	14.6164
1	121	74	124.469	68.0876	6.8548
1	121	74	132.392	70.495	11.9193
1	121	74	102.273	96.2683	29.0959
1	121	74	80.9291	52.2489	45.5937
1	121	74	85.8955	65.9701	36.0111
1	121	74	43.7423	27.0541	90.4028
1	121	74	87.3606	61.7946	35.7852
1	121	74	129.215	76.5636	8.6056
1	121	74	123.929	70.9913	4.19877
1	121	74	113.807	45.1738	29.71
1	121	74	116.716	83.5879	10.5016
1	121	74	135.215	80.7498	15.7358
1	121	74	116.887	76.949	5.06132
1	121	74	46.4205	44.9836	80.0253
1	121	74	133.049	73.3433	12.0667
1	121	74	132.871	79.4561	13.0646
1	121	74	100.969	92.2583	27.1039
1	121	74	127.83	81.2632	9.97015
1	121	74	139.678	43.4132	35.8388
1	121	74	129.704	69.8728	9.6332
1	121	74	130.912	83.4577	13.6999
1	121	74	135.11	71.9097	14.2635
1	121	74	126.508	67.0896	8.83669
1	121	74	84.1505	64.2007	38.1301
1	121	74	129.247	83.8431	12.841
1	121	74	133.331	74.1988	12.3325
1	121	74	96.8525	97.4375	33.6514
1	121	74	137.253	79.6141	17.195
1	121	74	110.206	97.4403	25.8062
1	121	74	113.172	78.7845	9.17459
1	121	74	124.464	79.8313	6.78256
1	121	74	121.457	95.823	21.8278
1	121	74	107.939	91.0186	21.4526
1	121	74	103.647	64.9092	19.5904
1	121	74	124.685	75.4811	3.97145
1	121	74	122.506	78.2555	4.51406
1	121	74	119.09	61.5353	12.6102
1	121	74	76.6354	88.3827	46.6377
1	121	74	119.821	46.2485	27.7765
1	121	74	140.92	74.4656	19.9251
1	121	74	111.621	97.3442	25.1579
1	121	74	132.326	72.3564	11.4451
1	121	74	83.4284	46.4442	46.5934
1	121	74	129.041	75.2962	8.1444
1	121	74	123.581	73.7302	2.59471
1	121	74	133.978	71.7924	13.1648
1	121	74	125.603	80.3065	7.80744
1	121	74	107.413	95.6893	25.5939
1	121	74	88.2822	66.0407	33.672
1	121	74	102.782	97.4387	29.6859
1	121	74	136.29	79.4514	16.2324
1	121	74	140.956	76.2061	20.0773
1	121	74	114.148	83.8307	11.9829
1	121	74	139.818	85.4697	22.0379
1	121	74	119.27	79.805	6.05718
1	121	74	95.8603	59.2429	29.151
1	121	74	130.785	79.8677	11.4092
1	121	74	117.467	75.7013	3.92102
1	121	74	107.826	95.7672	25.4435
1	121	74	104.47	96.975	28.3036
1	121	74	122.552	69.7937	4.48354
1	121	74	120.004	74.2843	1.03603
1	121	74	106.954	79.1533	14.9611
1	121	74	129.878	79.0835	10.2306
1	121	74	109.213	81.6685	14.0624
1	121	74	115.623	69.567	6.96898
1	121	74	108.847	88.1209	18.6302
1	121	74	102.905	97.4388	29.6109
1	121	74	114.539	77.4013	7.30171
1	121	74	116.912	78.0946	5.78612
1	121	74	123.493	86.5294	12.7751
1	121	74	69.4523	11.9425	80.674
1	121	74	99.4321	96.8371	31.4119
1	121	74	92.9376	56.1782	33.2433
1	121	74	86.0014	97.4352	42.1202
1	121	74	95.5132	97.4372	34.6249
1	121	74	46.736	45.5105	79.5411
1	121	74	137.521	75.1276	16.559
1	121	74	111.331	96.4871	24.4777
1	121	74	99.076	88.3699	26.2137
1	121	74	122.752	97.4327	23.4981
1	121	74	140.964	37.3529	41.7319
1	121	74	134.532	24.5263	51.2909
1	121	74	115.138	89.4847	16.5572
1	121	74	115.543	82.2816	9.91781
1	121	74	116.77	45.6709	28.6432
1	121	74	133.44	62.5823	16.8851
1	121	74	120.386	72.146	1.95302
1	121	74	86.8211	64.8279	35.3882
1	121	74	65.9921	11.3552	83.3681
1	121	74	130.251	54.3652	21.7052
1	121	74	141.463	61.5797	23.9375
1	121	74	105.311	95.6129	26.707
1	121	74	59.6187	39.7739	70.2787
1	121	74	118.368	86.2264	12.5064
1	121	74	94.8231	54.0368	32.9205
1	121	74	119.011	78.0505	4.51265
1	121	74	114.643	84.1679	11.9914
1	121	74	106.014	97.4394	27.8204
1	121	74	141.343	83.8598	22.6066
1	121	74	135.76	75.565	14.8425
1	121	74	119.104	78.3908	4.78252
1	121	74	140.751	84.5282	22.3814
1	121	74	141.627	68.6724	21.3043
1	121	74	126.804	81.165	9.22099
1	121	74	119.829	46.1399	27.8848
1	121	74	88.0946	66.0749	33.8463
1	121	74	103.856	90.2316	23.6091
1	121	74	118.855	46.0101	28.072
1	121	74	116.272	78.5224	6.54288
1	121	74	120.916	89.2984	15.2986
1	121	74	127.082	87.8313	15.1094
1	121	74	137.599	77.2851	16.9213
1	121	74	117.309	75.3687	3.93696
1	121	74	106.211	97.4394	27.715
1	121	74	107.431	46.2696	30.872
1	121	74	69.6432	95.6221	55.7228
1	121	74	89.2413	64.8213	33.0585
1	121	74	125	78.4712	5.99962
1	121	74	112.842	87.0361	15.3782
1	121	74	110.794	80.2793	11.9826
1	121	74	130.524	54.5008	21.7008
1	121	74	126.643	66.1261	9.68728
1	121	74	54.5018	97.4617	70.5157
1	121	74	68.7692	11.1821	81.6954
1	121	74	117.979	45.8403	28.3213
1	121	74	103.82	72.4868	17.2465
1	121	74	115.131	84.976	12.4465
1	121	74	122.295	70.706	3.53921
1	121	74	131.502	75.1899	10.5695
1	121	74	117.518	45.7558	28.458
1	121	74	119.41	77.7494	4.07262
1	121	74	140.163	85.0264	22.1089
1	121	74	126.064	75.8839	5.40321
1	121	74	89.9365	58.1506	34.8732
1	121	74	131.444	62.1928	15.7637
1	121	74	131.25	89.7025	18.7517
1	121	74	127.32	74.07	6.32019
1	121	74	101.666	82.4508	21.1005
1	121	74	44.3322	40.7929	83.5503
1	121	74	40.5537	24.5544	94.4271
1	121	74	100.624	97.4383	31.0566
1	121	74	127.36	70.089	7.46656
1	121	74	97.2667	97.4376	33.3555
1	121	74	104.794	64.263	18.9065
1	121	74	137.306	76.23	16.4574
1	121	74	93.0916	96.8748	36.0852
1	121	74	115.231	45.4206	29.1559
1	121	74	109.963	95.4203	24.0964
1	121	74	115.394	45.4209	29.1237
1	121	74	137.613	70.1454	17.0539
1	121	74	101.407	47.0983	33.2803
1	121	74	119.854	77.817	3.98537
1	121	74	115.318	45.4208	29.1385
1	121	74	102.215	92.6567	26.4756
1	121	74	125.376	68.4891	7.03672
1	121	74	141.959	68.9636	21.5554
1	121	74	123.439	76.2247	3.30155
1	121	74	85.2284	62.7886	37.4874
1	121	74	108.17	95.9788	25.4496
1	121	74	123.861	95.6807	21.8687
1	121	74	133.045	52.0063	25.0758
1	121	74	116.501	95.1824	21.6549
1	121	74	120.585	68.8816	5.13518
1	121	74	127.294	89.0009	16.268
1	121	74	119.423	89.2442	15.3256
1	121	74	121.302	74.4438	0.536977
1	121	74	40.9951	24.2516	94.2109
1	121	74	97.6824	97.4377	33.0611
1	121	74	117.862	76.5651	4.05329
1	121	74	111.346	87.6207	16.6949
1	121	74	101.832	97.4385	30.2783
1	121	74	39.7073	25.0551	94.8899
1	121	74	141.14	81.373	21.4476
1	121	74	107.636	88.1294	19.4484
1	121	74	125.508	72.4274	4.77411
1	121	74	40.012	25.1327	94.5889
1	121	74	128.765	48.7442	26.4227
1	121	74	121.184	74.3099	0.360481
1	121	74	125.02	47.5895	26.7147
1	121	74	124.708	91.8135	18.1954
1	121	74	106.168	94.2228	25.0786
1	121	74	139.956	86.2617	22.5759
1	121	74	51.9107	17.9757	88.9498
1	121	74	117.737	83.2293	9.78917
1	121	74	141.041	84.2349	22.5035
1	121	74	133.916	67.9631	14.2575
1	121	74	123.683	70.253	4.60876
1	121	74	114.182	45.2557	29.5418
1	121	74	111.792	93.4452	21.5151
1	121	74	116.387	94.7245	21.2317
1	121	74	122.799	72.6931	2.22346
1	121	74	132.071	71.8496	11.2784
1	121	74	119.863	46.182	27.8412
1	121	74	126.878	54.0448	20.803
1	121	74	117.954	79.1582	5.99037
1	121	74	98.2797	91.7347	28.8225
1	121	74	40.3766	24.6738	94.5156
1	121	74	124.805	74.537	3.84313
1	121	74	109.449	88.5104	18.5468
1	121	74	133.279	78.3776	13.0357
1	121	74	129.939	69.9786	9.80208
1	121	74	135.592	78.3531	15.2277
1	121	74	107.615	97.0155	26.6247
1	121	74	5.592	87.5116	116.196
1	121	74	127.877	50.5187	24.4677
1	121	74	135.792	51.9806	26.5268
1	121	74	126.244	81.8443	9.43587
1	121	74	114.697	68.0293	8.6823
1	121	74	132.147	69.2165	12.1302
1	121	74	41.5756	23.8338	93.9408
1	121	74	106.901	61.5574	18.8045
1	121	74	134.224	69.8481	13.8604
1	121	74	40.3997	24.657	94.5047
1	121	74	124.184	71.4185	4.09905
1	121	74	142.182	78.8053	21.7202
1	121	74	41.1609	24.1808	94.1075
1	121	74	117.552	45.7974	28.4126
1	121	74	84.0036	50.4231	43.8703
1	121	74	87.4724	65.1192	34.6838
1	121	74	86.5495	65.8738	35.396
1	121	74	93.5004	52.3859	34.9771
1	121	74	58.9448	42.8571	69.4314
1	121	74	138.018	85.4715	20.5229
1	121	74	112.21	90.5256	18.718
1	121	74	85.0981	66.0642	36.7685
1	121	74	129.969	71.7921	9.23702
1	121	74	105.81	82.5041	17.4082
1	121	74	118.51	65.5385	8.82012
1	121	74	39.9247	22.3478	96.1309
1	121	74	88.8047	61.3386	34.5955
1	121	74	103.735	93.3288	25.9165
1	121	74	127.494	72.4305	6.68068
1	121	74	119.81	89.2346	15.281
1	121	74	130.26	69.3577	10.3584
1	121	74	130.085	72.4558	9.21554
1	121	74	131.147	82.0325	12.9412
1	121	74	112.599	84.7229	13.6217
1	121	74	139.83	49.138	31.1878
1	121	74	133.881	74.2899	12.8845
1	121	74	140.981	85.3115	22.9604
1	121	74	108.453	90.5075	20.7348
1	121	74	119.53	77.9201	4.18649
1	121	74	131.337	71.357	10.6697
1	121	74	118.71	86.9676	13.1683
1	121	74	105.932	97.4394	27.8648
1	121	74	125.962	72.9056	5.08136
1	121	74	122.389	46.5759	27.4593
1	121	74	105.103	97.4392	28.3213
1	121	74	133.501	76.4639	12.7416
1	121	74	126.212	72.4091	5.44902
1	121	74	70.8864	10.6645	80.7636
1	121	74	112.658	79.3777	9.92482
1	121	74	130.691	80.3254	11.5729
1	121	74	121.639	97.1702	23.179
1	121	74	114.749	81.5551	9.80563
1	121	74	112.771	76.5229	8.60665
1	121	74	125.62	88.2869	15.0152
1	121	74	127.563	93.5742	20.6452
1	121	74	121.945	87.2476	13.2813
1	121	74	100.96	45.1715	35.1093
1	121	74	52.5022	38.0102	77.3771
1	121	74	120.958	93.0534	19.0535
1	121	74	119.867	75.4945	1.87555
1	121	74	133.049	78.0086	12.6981
1	121	74	140.117	86.0204	22.5822
1	121	74	138.968	84.1348	20.6295
1	121	74	129.544	91.559	19.5276
1	121	74	119.846	84.8894	10.9504
1	121	74	142.178	76.7253	21.3528
1	121	74	27.4399	34.9206	101.394
1	121	74	120.72	72.3816	1.64237
1	121	74	129.478	74.11	8.47908
1	121	74	96.1699	45.3874	37.8842
1	121	74	95.643	54.8577	31.7711
1	121	74	115.075	85.0903	12.5739
1	121	74	108.574	81.6439	14.5886
1	121	74	131.279	74.8757	10.3166
1	121	74	123.245	96.9617	23.0712
1	121	74	102.319	93.8987	27.2938
1	121	74	131.156	47.7924	28.1065
1	121	74	130.341	59.1507	17.5429
1	121	74	110.343	89.6688	18.9495
1	121	74	127.261	76.0957	6.60248
1	121	74	114.343	85.7851	13.5355
1	121	74	102.199	97.4386	30.0471
1	121	74	102.288	64.4282	21.0178
1	121	74	114.495	45.2968	29.431
1	121	74	116.864	79.2399	6.67536
1	121	74	129.432	59.0337	17.178
1	121	74	141.876	72.2776	20.9465
1	121	74	104.735	96.9462	28.1261
1	121	74	136.308	53.1829	25.8398
1	121	74	109.877	69.0426	12.1781
1	121	74	115.799	88.6403	15.5366
1	121	74	108.019	87.1489	18.4773
1	121	74	114.662	45.3379	29.3544
1	121	74	107.8	97.3076	26.7861
1	121	74	119.499	94.1215	20.1773
1	121	74	120.186	46.1835	27.8284
1	121	74	142.061	41.328	38.872
1	121	74	100.959	55.5536	27.2383
1	121	74	135.535	67.1516	16.0678
1	121	74	134.709	80.1761	15.036
1	121	74	122.544	64.6784	9.44867
1	121	74	56.3521	41.0918	72.5417
1	121	74	106.791	48.7816	28.9459
1	121	74	132.019	83.9	14.8131
1	121	74	117.022	84.6514	11.3699
1	121	74	60.2029	45.8694	66.9897
1	121	74	94.1495	97.4369	35.6404
1	121	74	121.717	94.9278	20.94
1	121	74	121.393	76.5449	2.575
1	121	74	141.106	84.1979	22.5443
1	121	74	115.262	82.1333	9.9535
1	121	74	134.255	66.7882	15.0898
1	121	74	8.06656	87.5522	113.744
1	121	74	139.48	86.0202	22.0451
1	121	74	117.234	45.755	28.4949
1	121	74	136.459	71.2929	15.694
1	121	74	47.9108	34.158	83.2431
1	121	74	125.648	79.3783	7.10845
1	121	74	115.941	81.062	8.68698
1	121	74	133.926	58.703	20.0269
1	121	74	98.7148	45.1712	36.4381
1	121	74	139.705	85.6454	22.0335
1	121	74	124.796	86.6452	13.2026
1	121	74	103.865	97.439	29.0345
1	121	74	82.5233	57.0779	42.0335
1	121	74	96.3965	65.6986	25.9662
1	121	74	132.713	69.439	12.5699
1	121	74	113.455	50.737	24.456
1	121	74	138.494	85.9565	21.1899
1	121	74	127.319	86.2451	13.7796
1	121	74	109.557	96.9775	25.6693
1	121	74	103.66	85.2248	20.6558
1	121	74	122.337	92.8587	18.9061
1	121	74	108.049	82.0918	15.2714
1	121	74	110.981	96.8834	24.9806
1	121	74	117.433	70.9982	4.66163
1	121	74	47.8264	96.4489	76.5397
1	121	74	119.335	77.2692	3.66876
1	121	74	129.845	62.7768	14.2898
1	121	74	113.997	77.1812	7.6913
1	121	74	141.824	83.3216	22.815
1	121	74	118.223	86.676	12.9767
1	121	74	136.712	58.0038	22.4219
1	121	74	133.526	79.51	13.6844
1	121	74	134.217	70.3542	13.7106
1	121	74	137.934	64.0975	19.6172
1	121	74	98.0457	47.4354	35.1081
1	121	74	126.798	94.7055	21.502
1	121	74	104.151	50.8416	28.639
1	121	74	100.199	93.5099	28.5185
1	121	74	128.8	76.0392	8.06185
1	121	74	98.0556	97.0129	32.4968
1	121	74	131.672	71.1616	11.0435
1	121	74	40.1146	24.8422	94.6517
1	121	74	123.024	77.1718	3.76256
1	121	74	104.126	90.9562	23.9217
1	121	74	90.1687	64.8082	32.1723
1	121	74	137.67	74.9275	16.6957
1	121	74	84.4813	66.1452	37.3539
1	121	74	137.358	66.8925	17.8353
1	121	74	6.18726	86.8869	115.534
1	121	74	118.841	91.8581	17.988
1	121	74	114.854	65.5555	10.4444
1	121	74	138.171	71.5423	17.3463
1	121	74	130.465	68.1094	11.1483
1	121	74	42.8176	27.0154	91.2142
1	121	74	119.829	76.3197	2.59851
1	121	74	125.187	69.9144	5.84986
1	121	74	98.3294	34.9021	45.1952
1	121	74	141.764	71.1326	20.9606
1	121	74	134.454	63.064	17.3378
1	121	74	88.1087	55.0507	37.9594
1	121	74	128.666	75.4408	7.79976
1	121	74	41.5052	41.1581	86.0117
1	121	74	133.05	73.2355	12.0743
1	121	74	133.521	67.0797	14.3058
1	121	74	121.358	75.418	1.46235
1	121	74	117.986	85.8047	12.1833
1	121	74	137.173	77.083	16.4646
1	121	74	127.976	55.8894	19.4077
1	121	74	116.072	96.3431	22.8802
1	121	74	115.612	83.2363	10.6931
1	121	74	103.885	49.9887	29.4865
1	121	74	141.829	69.6912	21.2703
1	121	74	104.345	50.6661	28.668
1	121	74	85.7539	61.6356	37.3519
1	121	74	129.491	58.0948	18.0299
1	121	74	118.82	60.3334	13.8394
1	121	74	132.76	63.2661	15.9222
1	121	74	101.092	61.5877	23.4608
1	121	74	120.25	71.1327	2.96376
1	121	74	136.742	75.4869	15.8121
1	121	74	140.85	79.7981	20.6794
1	121	74	129.97	58.1132	18.2442
1	121	74	127.489	67.4081	9.24996
1	121	74	137.773	73.3566	16.7857
1	121	74	98.197	91.6902	28.8603
1	121	74	142.187	81.8017	22.5777
1	121	74	41.341	24.0024	94.0496
1	121	74	140.766	70.7141	20.037
1	121	74	79.4369	55.7208	45.4051
1	121	74	114.664	45.3379	29.354
1	121	74	48.3639	39.1369	80.5695
1	121	74	118.669	45.9677	28.1291
1	121	74	104.406	63.3489	19.718
1	121	74	134.377	73.6775	13.3805
1	121	74	119.448	96.0119	22.0665
1	121	74	123.686	86.0807	12.3756
1	121	74	71.2258	10.8317	80.422
1	121	74	98.3689	90.8404	28.2093
1	121	74	135.263	67.3028	15.7566
1	121	74	124.24	76.1577	3.89269
1	121	74	17.7324	36.2624	109.947
1	121	74	103.33	97.3827	29.3082
1	121	74	103.124	78.9963	18.5611
1	121	74	132.709	90.5594	20.2811
1	121	74	111.611	45.1734	30.3171
1	121	74	118.076	77.7379	4.74544
1	121	74	121.687	79.4029	5.4463
1	121	74	115.331	45.4208	29.1361
1	121	74	132.12	82.3165	13.8861
1	121	74	112.608	80.6627	10.7157
1	121	74	116.969	52.4102	21.9629
1	121	74	117.595	78.3763	5.545
1	121	74	93.719	95.2381	34.5732
1	121	74	86.5682	65.8753	35.3774
1	121	74	142.184	79.8412	21.9743
1	121	74	119.031	77.6126	4.11419
1	121	74	42.3252	55.0683	80.9205
1	121	74	107.171	88.6388	20.1382
1	121	74	122.891	88.1696	14.2952
1	121	74	121.037	68.0598	5.9403
1	121	74	119.407	76.3862	2.86897
1	121	74	52.7409	38.2153	77.0704
1	121	74	97.7892	96.291	32.1812
1	121	74	111.484	51.0246	24.8681
1	121	74	100.751	97.4383	30.9739
1	121	74	125.628	77.8085	5.99368
1	121	74	109.467	95.2053	24.1384
1	121	74	114.565	45.2969	29.4157
1	121	74	137.192	66.2691	17.9426
1	121	74	108.372	51.9671	25.3951
1	121	74	108.643	47.2368	29.4784
1	121	74	135.176	80.6762	15.6693
1	121	74	140.983	84.0649	22.3749
1	121	74	119.383	46.096	27.9508
1	121	74	104.854	45.1722	33.0415
1	121	74	124.05	76.1798	3.74923
1	121	74	104.951	84.3208	19.081
1	121	74	132.271	79.8318	12.6905
1	121	74	88.3422	65.4987	33.7462
1	121	74	113.973	68.2875	9.05593
1	121	74	118.871	85.5551	11.7495
1	121	74	60.2375	42.7698	68.3184
1	121	74	111.147	45.1733	30.464
1	121	74	134.819	78.599	14.5642
1	121	74	118.149	85.2466	11.6024
1	121	74	114.441	77.4039	7.38984
1	121	74	141.549	75.5131	20.6048
1	121	74	106.895	96.0205	26.1503
1	121	74	123.736	68.2355	6.38096
1	121	74	134.479	43.7634	33.1049
1	121	74	119.083	86.2688	12.4176
1	121	74	88.0396	65.2532	34.1012
1	121	74	111.72	81.1566	11.7188
1	121	74	109.747	93.2669	22.3126
1	121	74	132.356	68.876	12.4585
1	121	74	114.271	45.2557	29.5215
1	121	74	118.568	75.9982	3.14757
1	121	74	137.146	87.1555	20.827
1	121	74	41.5671	23.8404	93.9445
1	121	74	106.464	97.4395	27.5808
1	121	74	100.189	97.4382	31.3441
1	121	74	140.791	79.868	20.6427
1	121	74	99.8867	52.5285	30.113
1	121	74	123.029	46.6652	27.41
1	121	74	48.3842	19.0167	91.0836
1	121	74	134.142	84.0399	16.5385
1	121	74	129.713	68.9335	10.0791
1	121	74	140.665	71.1647	19.8688
1	121	74	112.522	91.2587	19.2288
1	121	74	101.918	96.1454	29.2327
1	121	74	138.148	56.6773	24.3745
1	121	74	113.789	95.0745	22.2739
1	121	74	96.5896	91.7044	30.1548
1	121	74	127.109	78.9092	7.83682
1	121	74	133.949	74.9594	12.9849
1	121	74	122.228	79.8005	5.92914
1	121	74	141.714	68.0892	21.5404
1	121	74	103.179	49.6274	30.1927
1	121	74	98.862	95.8787	31.125
1	121	74	93.81	97.3787	35.8589
1	121	74	49.0137	18.8229	90.7002
1	121	74	111.794	45.1735	30.261
1	121	74	84.0178	65.5429	37.9368
1	121	74	94.673	94.3657	33.2848
1	121	74	141.539	82.3725	22.1796
1	121	74	119.113	46.053	28.0106
1	121	74	90.177	53.3063	37.1253
1	121	74	107.885	87.3547	18.7178
1	121	74	99.2315	47.8761	34.0048
1	121	74	123.618	97.0432	23.1914
1	121	74	136.594	80.1017	16.7456
1	121	74	101.712	45.1717	34.6857
1	121	74	131.944	70.5736	11.4674
1	121	74	90.727	69.2876	30.6376
1	121	74	117.944	78.3239	5.29471
1	121	74	123.98	48.2054	25.9662
1	121	74	96.2655	47.5017	36.2486
1	121	74	108.227	96.7128	26.0578
1	121	74	122.293	77.5831	3.80938
1	121	74	134.997	74.7641	14.0181
1	121	74	136.629	73.2835	15.6452
1	121	74	129.791	71.6093	9.11038
1	121	74	132.693	80.3415	13.3018
1	121	74	88.6045	97.4358	39.9838
1	121	74	119.732	46.1394	27.8894
1	121	74	41.6945	23.7466	93.887
1	121	74	109.802	97.0429	25.6198
1	121	74	138.745	70.3149	18.1234
1	121	74	141.422	59.7972	24.8754
1	121	74	129.532	74.582	8.55162
1	121	74	134.079	64.9959	15.8786
1	121	74	117.834	78.1236	5.19883
1	121	74	127.316	66.3262	9.93896
1	121	74	136.1	75.357	15.1613
1	121	74	39.3129	25.4685	95.0163
1	121	74	129.631	87.1955	15.7676
1	121	74	111.158	97.4756	25.4553
1	121	74	107.074	96.742	26.6668
1	121	74	112.735	96.5699	24.0355
1	121	74	100.652	97.4383	31.0385
1	121	74	103.867	49.4221	29.9604
1	121	74	109.54	80.005	12.938
1	121	74	100.147	95.6351	30.0488
1	121	74	137.363	63.6947	19.3374
1	121	74	111.478	63.5943	14.1049
1	121	74	139.775	86.0651	22.317
1	121	74	106.409	97.4395	27.6098
1	121	74	133.855	72.2623	12.9722
1	121	74	130.944	80.3179	11.7812
1	121	74	137.735	75.932	16.8462
1	121	74	119.073	46.0528	28.0135
1	121	74	141.537	66.9454	21.715
1	121	74	106.875	97.3239	27.2673
1	121	74	131.347	78.6726	11.3527
1	121	74	121.773	92.0774	18.0939
1	121	74	110.171	81.9942	13.4604
1	121	74	122.054	89.455	15.4909
1	121	74	127.861	83.8458	12.0006
1	121	74	123.911	87.7073	14.0131
1	121	74	117.579	88.0794	14.489
1	121	74	135.934	75.4858	15.0078
1	121	74	39.7102	25.0608	94.8846
1	121	74	39.7273	25.0856	94.8571
1	121	74	98.4091	78.9682	23.1307
1	121	74	119.011	79.0589	5.43574
1	121	74	106.828	91.1005	22.2099
1	121	74	131.913	89.5717	19.0151
1	121	74	126.243	92.769	19.4875
1	121	74	134.571	72.9291	13.6135
1	121	74	10.5567	83.0526	110.814
1	121	74	83.6139	57.4582	40.8822
1	121	74	104.337	90.3411	23.3383
1	121	74	121.086	74.6059	0.611946
1	121	74	139.791	55.6669	26.253
1	121	74	130.65	86.4251	15.7325
1	121	74	124.846	78.6815	6.05908
1	121	74	134.814	79.6805	14.9362
1	121	74	104.208	49.5143	29.6904
1	121	74	112.027	66.1032	11.9529
1	121	74	127.911	63.4167	12.6402
1	121	74	139.811	77.1244	19.0682
1	121	74	120.145	76.5082	2.6499
1	121	74	107.843	95.2077	24.9575
1	121	74	120.297	46.2261	27.7828
1	121	74	41.171	24.1246	94.1288
1	121	74	5.565	87.8283	116.26
1	121	74	107.203	47.9737	29.457
1	121	74	102.714	54.5574	26.6905
1	121	74	65.52	11.5636	83.5245
1	121	74	118.108	45.8823	28.2661
1	121	74	100.111	96.4571	30.6703
1	121	74	102.285	45.9298	33.7371
1	121	74	133.952	70.8699	13.3252
1	121	74	111.17	45.1733	30.4565
1	121	74	127.27	72.0246	6.57411
1	121	74	120.354	74.6469	0.914382
1	121	74	105.646	97.4393	28.0204
1	121	74	130.688	81.8963	12.4982
1	121	74	140.966	85.7194	23.1517
1	121	74	119.146	46.0531	28.0083
1	121	74	133.56	77.4285	13.02
1	121	74	100.207	92.3576	27.7374
1	121	74	110.022	93.0376	21.976
1	121	74	129.278	89.2329	17.3369
1	121	74	55.5812	38.2066	74.5706
1	121	74	138.849	68.3816	18.7127
1	121	74	100.638	91.7984	27.0447
1	121	74	127.089	81.4885	9.65153
1	121	74	18.8162	11.6774	119.69
1	121	74	122.339	77.5811	3.82325
1	121	74	137.572	86.3902	20.692
1	121	74	142.019	73.216	21.0339
1	121	74	47.9888	19.3944	91.1724
1	121	74	113.642	85.7757	13.8853
1	121	74	111.272	64.3004	13.7375
1	121	74	127.96	71.7645	7.31048
1	121	74	117.834	85.2599	11.6964
1	121	74	103.685	97.3828	29.0959
1	121	74	107.506	45.1727	31.8292
1	121	74	119.856	48.4399	25.5857
1	121	74	110.517	81.4275	12.8475
1	121	74	109.48	96.6988	25.4548
1	121	74	114.669	45.3379	29.3529
1	121	74	126.857	75.7634	6.11641
1	121	74	70.8146	10.7163	80.7676
1	121	74	132.438	67.4936	13.159
1	121	74	94.3904	97.437	35.4593
1	121	74	104.179	96.8351	28.3619
1	121	74	109.457	94.0133	23.1035
1	121	74	82.5976	55.7076	42.5365
1	121	74	120.685	75.1985	1.2393
1	121	74	111.686	67.358	11.4394
1	121	74	119.338	72.3954	2.31004
1	121	74	92.7583	97.4366	36.6997
1	121	74	132.917	72.9299	11.9654
1	121	74	100.035	65.9904	22.4428
1	121	74	123.864	53.7389	20.4626
1	121	74	117.743	45.798	28.3894
1	121	74	40.359	24.6832	94.5257
1	121	74	130.336	90.944	19.3459
1	121	74	68.1141	11.1335	82.153
1	121	74	136.951	61.5706	20.2217
1	121	74	130.753	78.5508	10.7628
1	121	74	119.931	46.1547	27.8658
1	121	74	41.6534	23.7813	93.9031
1	121	74	90.5939	61.0149	33.0628
1	121	74	136.361	73.328	15.3757
1	121	74	111.255	82.0344	12.6297
1	121	74	132.999	81.5332	14.1681
1	121	74	139.71	85.8255	22.1337
1	121	74	110.23	45.1732	30.7731
1	121	74	110.861	87.0705	16.5419
1	121	74	110.754	95.1256	23.4791
1	121	74	131.494	74.5732	10.5099
1	121	74	118.328	93.0907	19.2768
1	121	74	105.827	45.533	32.258
1	121	74	112.952	96.4675	23.8654
1	121	74	125.209	75.4233	4.44294
1	121	74	107.335	46.477	30.7285
1	121	74	120.609	71.9269	2.10964
1	121	74	115.602	45.4623	29.0437
1	121	74	127.421	80.0005	8.78858
1	121	74	114.493	85.3707	13.1009
1	121	74	132.067	71.7913	11.285
1	121	74	120.656	68.2371	5.77318
1	121	74	133.376	76.3851	12.6042
1	121	74	105.01	97.3834	28.3278
1	121	74	136.642	78.6211	16.3101
1	121	74	140.713	37.7438	41.2686
1	121	74	96.1107	50.3389	34.3413
1	121	74	108.594	45.1729	31.3834
1	121	74	134.571	70.5172	14.0107
1	121	74	130.593	68.4658	11.0746
1	121	74	118.306	77.515	4.42859
1	121	74	124.607	62.0241	12.5074
1	121	74	54.7877	43.8805	72.741
1	121	74	93.7142	47.6998	37.8974
1	121	74	140.167	85.2018	22.2007
1	121	74	118.933	85.3006	11.4881
1	121	74	129.939	75.024	8.99751
1	121	74	131.998	90.8155	20.0929
1	121	74	108.35	83.6018	15.881
1	121	74	109.83	91.9098	21.1074
1	121	74	108.957	94.7676	24.007
1	121	74	119.958	64.7056	9.35267
1	121	74	142.172	55.232	28.2933
1	121	74	127.324	83.8944	11.7428
1	121	74	112.355	50.5283	25.0132
1	121	74	10.6285	83.1887	110.753
1	121	74	136.425	78.3335	16.0224
1	121	74	108.039	93.403	23.3336
1	121	74	86.6783	53.3184	40.0713
1	121	74	118.739	72.7221	2.59731
1	121	74	115.28	86.436	13.6885
1	121	74	141.625	71.4216	20.7856
1	121	74	140.275	73.5804	19.2791
1	121	74	43.7426	27.1463	90.3547
1	121	74	129.121	92.2055	19.9347
1	121	74	136.536	71.595	15.7207
1	121	74	117.312	78.4745	5.7987
1	121	74	116.926	94.737	21.1334
1	121	74	131.151	68.06	11.761
1	121	74	117.293	78.2184	5.61586
1	121	74	100.364	45.7831	34.9579
1	121	74	99.6804	91.3459	27.4846
1	121	74	116.669	45.6293	28.6994
1	121	74	114.576	45.2969	29.4132
1	121	74	140.636	84.8069	22.4134
1	121	74	118.107	97.4706	23.6482
1	121	74	140.402	86.6888	23.1826
1	121	74	104.93	97.4392	28.419
1	121	74	137.676	73.7377	16.6779
1	121	74	41.7503	23.7081	93.8604
1	121	74	118.061	45.8822	28.2711
1	121	74	127.941	88.5127	16.087
1	121	74	94.7599	95.1827	33.7231
1	121	74	142.16	82.8299	22.9282
1	121	74	92.879	97.1901	36.4496
1	121	74	6.64947	88.1943	115.228
1	121	74	141.792	84.833	23.4452
1	121	74	130.274	78.3664	10.2507
1	121	74	136.229	49.4278	28.9088
1	121	74	105.874	83.8906	18.0728
1	121	74	10.6285	83.1486	110.75
1	121	74	117.401	86.6699	13.1712
1	121	74	7.52501	85.7501	114.082
1	121	74	141.59	59.2345	25.3373
1	121	74	137.141	80.2573	17.3116
1	121	74	113.278	45.1737	29.8427
1	121	74	136.318	70.7509	15.6586
1	121	74	68.0864	59.9955	54.7355
1	121	74	132.368	83.1771	14.6098
1	121	74	71.0963	10.5598	80.7158
1	121	74	93.808	97.4369	35.8984
1	121	74	136.552	72.3093	15.6441
1	121	74	108.674	93.0617	22.6998
1	121	74	101.515	92.2547	26.7004
1	121	74	123.25	67.9226	6.48048
1	121	74	124.552	73.6122	3.57281
1	121	74	114.948	89.883	16.9971
1	121	74	124.789	88.8207	15.2973
1	121	74	137.949	72.9366	16.9825
1	121	74	7.01919	86.0899	114.62
1	121	74	116.447	84.7786	11.7006
1	121	74	119.293	46.0537	27.9984
1	121	74	93.117	97.4367	36.4244
1	121	74	120.417	66.9907	7.03346
1	121	74	117.454	66.5647	8.23754
1	121	74	117.709	95.3479	21.6001
1	121	74	120.419	77.5967	3.64334
1	121	74	106.161	97.4394	27.7418
1	121	74	122.17	94.7485	20.7814
1	121	74	106.726	89.5226	21.0882
1	121	74	142.179	76.9858	21.3881
1	121	74	108.148	97.2632	26.5773
1	121	74	106.835	91.2606	22.329
1	121	74	30.9487	65.8404	90.4202
1	121	74	130.216	73.6578	9.22203
1	121	74	135.532	78.993	15.3654
1	121	74	48.6469	29.3308	85.0312
1	121	74	102.434	48.4393	31.5921
1	121	74	119.951	76.7352	2.92959
1	121	74	96.4155	70.5942	24.8193
1	121	74	108.949	86.6498	17.4712
1	121	74	122.316	72.1971	2.23228
1	121	74	112.266	94.7924	22.5522
1	121	74	79.5645	76.1525	41.4914
1	121	74	84.8717	62.9433	37.7823
1	121	74	140.871	84.5363	22.4913
1	121	74	141.873	42.8034	37.5353
1	121	74	93.583	53.7728	34.071
1	121	74	111.662	48.4852	27.1699
1	121	74	119.637	46.139	27.8943
1	121	74	87.5174	52.8405	39.6082
1	121	74	100.829	45.1715	35.1843
1	121	74	134.087	81.5037	15.0856
1	121	74	100.297	94.4485	29.099
1	121	74	134.967	69.827	14.5771
1	121	74	128.338	71.0136	7.92197
1	121	74	105.736	49.2919	29.0428
1	121	74	127.82	80.7836	9.61901
1	121	74	117.381	92.9526	19.2949
1	121	74	120.246	86.1354	12.1588
1	121	74	96.4308	53.1529	32.2218
1	121	74	140.05	79.8243	19.9208
1	121	74	110.684	51.169	25.0532
1	121	74	107.576	45.1727	31.7998
1	121	74	126.011	76.6932	5.68919
1	121	74	85.729	66.2383	36.1149
1	121	74	136.898	55.6367	24.2888
1	121	74	122.949	68.5378	5.79964
1	121	74	122.067	46.5314	27.4893
1	121	74	136.565	78.6872	16.2552
1	121	74	104.443	45.1721	33.2443
1	121	74	124.972	46.9362	27.3538
1	121	74	98.8323	45.1711	36.3663
1	121	74	142.145	79.6942	21.8983
1	121	74	121.016	74.765	0.76514
1	121	74	40.4193	24.6462	94.4937
1	121	74	139.532	74.1622	18.5322
1	121	74	118.2	84.0184	10.4022
1	121	74	123.422	83.3094	9.61935
1	121	74	120.863	64.633	9.36796
1	121	74	123.626	85.935	12.2206
1	121	74	115.918	45.504	28.9456
1	121	74	140.75	84.4857	22.3608
1	121	74	83.1762	57.7054	41.1844
1	121	74	133.419	77.1697	12.8175
1	121	74	139.366	86.1397	22.0153
1	121	74	100.955	49.3974	31.7345
1	121	74	136.782	76.154	15.9281
1	121	74	117.83	77.0696	4.41296
1	121	74	133.775	78.7257	13.6208
1	121	74	136.446	71.1652	15.7045
1	121	74	86.5387	62.3058	36.3914
1	121	74	117.469	78.7812	5.94373
1	121	74	120.324	81.4399	7.47054
1	121	74	117.946	77.3337	4.52132
1	121	74	108.084	97.0926	26.4594
1	121	74	118.279	95.5461	21.7172
1	121	74	92.7716	92.0482	33.505
1	121	74	94.6176	70.8432	26.5706
1	121	74	142.181	78.1122	21.5762
1	121	74	135.939	77.7319	15.3979
1	121	74	111.759	97.4406	25.1964
1	121	74	125.557	74.5969	4.59598
1	121	74	117.707	76.3407	4.03986
1	121	74	75.4453	93.4352	49.5273
1	121	74	38.0923	97.4248	86.1534
1	121	74	113.886	77.2207	7.80936
1	121	74	110.275	49.1937	27.0257
1	121	74	128.044	60.004	15.6688
1	121	74	128.884	74.7137	7.91592
1	121	74	98.5231	46.2273	35.7286
1	121	74	138.069	74.8772	17.0914
1	121	74	142.188	82.8329	22.9559
1	121	74	113.205	45.1737	29.8617
1	121	74	119.168	72.4272	2.41445
1	121	74	131.251	73.1687	10.2842
1	121	74	141.344	83.9191	22.6331
1	121	74	116.116	83.0244	10.2611
1	121	74	131.1	77.263	10.6136
1	121	74	108.63	89.7478	20.0253
1	121	74	140.632	84.6007	22.3112
1	121	74	139.537	86.0029	22.0837
1	121	74	116.728	71.5506	4.92458
1	121	74	111.787	97.4406	25.186
1	121	74	135.491	61.0711	19.4205
1	121	74	138.436	52.3602	27.7903
1	121	74	130.347	79.2828	10.7363
1	121	74	103.718	97.3828	29.0761
1	121	74	120.926	75.5324	1.53423
1	121	74	121.956	86.8349	12.8705
1	121	74	97.2784	91.7453	29.6245
1	121	74	136.527	75.4828	15.598
1	121	74	131.819	79.7301	12.2426
1	121	74	141.858	73.359	20.8678
1	121	74	109.456	96.7814	25.5392
1	121	74	127.335	94.414	21.3743
1	121	74	118.633	45.9675	28.1322
1	121	74	121.661	94.3889	20.3996
1	121	74	70.8976	10.675	80.7484
1	121	74	119.395	75.8995	2.48693
1	121	74	132.497	83.4593	14.8883
1	121	74	105.619	97.4393	28.0355
1	121	74	121.942	73.0917	1.30893
1	121	74	117.035	45.713	28.5636
1	121	74	83.24	48.3928	45.6239
1	121	74	115.368	97.4413	24.1085
1	121	74	132.433	82.3527	14.1589
1	121	74	121.831	89.5971	15.6192
1	121	74	124.934	46.9788	27.3061
1	121	74	85.688	55.2932	39.9611
1	121	74	136.294	76.2302	15.4561
1	121	74	126.189	85.5346	12.6481
1	121	74	129.277	67.979	10.2353
1	121	74	142.181	78.0891	21.5718
1	121	74	123.652	70.2681	4.57814
1	121	74	117.81	45.8397	28.3404
1	121	74	116.528	77.5512	5.71025
