1	121	74	120.013	77.0539	3.20942
1	121	74	122.19	77.6997	3.88624
1	121	74	121.137	74.3427	0.368943
1	121	74	122.036	76.2351	2.46343
1	121	74	119.617	76.3447	2.72234
1	121	74	121.033	74.5566	0.557523
1	121	74	118.64	75.2403	2.66637
1	121	74	119.764	77.2402	3.46785
1	121	74	123.819	75.421	3.15678
1	121	74	123.96	74.9896	3.12059
1	121	74	120.868	73.793	0.245506
1	121	74	120.65	74.6857	0.769767
1	121	74	120.102	73.3573	1.10418
1	121	74	122.727	73.0138	1.98886
1	121	74	119.649	74.1249	1.35642
1	121	74	119.182	74.7215	1.95597
1	121	74	142.07	84.8369	23.6932
1	121	74	120.912	78.0037	4.00467
1	121	74	117.809	76.3443	3.95928
1	121	74	119.364	75.1965	2.02646
1	121	74	120.135	75.6988	1.90651
1	121	74	123.312	76.7032	3.55715
1	121	74	121.332	77	3.0184
1	121	74	122.574	76.2876	2.77684
1	121	74	122.4	75.3578	1.95053
1	121	74	119.302	73.0174	1.96216
1	121	74	122.398	75.4018	1.97945
1	121	74	122.391	74.2494	1.41337
1	121	74	119.289	73.0854	1.94045
1	121	74	122.773	77.7049	4.10743
1	121	74	123.764	76.109	3.47652
1	121	74	120.419	73.2176	0.974655
1	121	74	120.434	76.0832	2.15865
1	121	74	122.098	76.7983	3.00597
1	121	74	120.157	78.1681	4.25243
1	121	74	123.498	75.0149	2.69603
1	121	74	122.454	76.2432	2.67319
1	121	74	122.592	73.9534	1.59249
1	121	74	123.798	75.1085	3.00994
1	121	74	123.485	74.8313	2.62012
1	121	74	107.341	96.904	26.6678
1	121	74	121.396	76.8044	2.83216
1	121	74	118.757	74.5012	2.29871
1	121	74	120.531	73.388	0.771308
1	121	74	118.323	75.0367	2.87055
1	121	74	122.114	74.8002	1.37183
1	121	74	120.602	76.4618	2.49383
1	121	74	121.603	75.207	1.34925
1	121	74	120.675	79.678	5.68734
1	121	74	124.061	74.1037	3.06256
1	121	74	118.514	75.5393	2.92363
1	121	74	120.846	72.7225	1.2867
1	121	74	121.558	73.1001	1.05881
1	121	74	118.935	75.7878	2.73118
1	121	74	121.816	77.6673	3.75695
1	121	74	120.486	74.0309	0.514476
1	121	74	114.767	89.1143	16.3489
1	121	74	121.379	72.4836	1.56297
1	121	74	123.876	75.1169	3.08484
1	121	74	122.329	75.8477	2.27613
1	121	74	122.561	75.9753	2.51765
1	121	74	118.627	81.0842	7.47111
1	121	74	123.369	73.7214	2.38539
1	121	74	121.374	76.1009	2.13389
1	121	74	122.533	74.2	1.54595
1	121	74	127.968	77.1738	7.6571
1	121	74	110.318	95.6383	24.1314
1	121	74	124.484	74.0949	3.48487
1	121	74	122.612	75.833	2.44066
1	121	74	122.416	77.6638	3.928
1	121	74	123.426	73.6186	2.45557
1	121	74	123.886	75.104	3.0904
1	121	74	121.144	73.5175	0.503661
1	121	74	119.323	74.5466	1.76413
1	121	74	119.264	76.8921	3.37314
1	121	74	119.653	73.1383	1.59879
1	121	74	119.496	74.3511	1.54466
1	121	74	122.802	75.5001	2.34466
1	121	74	122.964	74.3366	1.99301
1	121	74	122.039	73.5502	1.13227
1	121	74	122.631	76.2246	2.75841
1	121	74	118.838	73.9465	2.16307
1	121	74	121.115	73.5273	0.486448
1	121	74	120.869	72.7849	1.22218
1	121	74	124.073	73.8865	3.075
1	121	74	120.638	72.9107	1.14788
1	121	74	121.356	77.5847	3.60234
1	121	74	118.841	75.4556	2.6038
1	121	74	121.146	77.7988	3.80158
1	121	74	122.473	75.4944	2.09815
1	121	74	118.426	75.314	2.88972
1	121	74	120.324	75.508	1.65243
1	121	74	122.828	76.4008	3.01755
1	121	74	123.252	74.7347	2.36883
1	121	74	120.432	73.723	0.631855
1	121	74	120.454	77.2404	3.28609
1	121	74	117.801	75.9548	3.74917
1	121	74	122.485	72.4169	2.17066
1	121	74	120.459	74.895	1.04572
1	121	74	121.594	72.7276	1.4043
1	121	74	123.3	75.4117	2.69837
1	121	74	124.673	74.6397	3.72813
1	121	74	122.844	76.5367	3.1362
1	121	74	121.03	74.2647	0.266385
1	121	74	121.821	76.5104	2.64138
1	121	74	120	75.3655	1.69263
1	121	74	121.614	75.8966	1.99346
1	121	74	120.271	74.794	1.07802
1	121	74	124.425	74.8368	3.52528
1	121	74	121.108	72.8566	1.14841
1	121	74	119.423	73.3166	1.71857
1	121	74	120.903	73.2236	0.782496
1	121	74	120.307	74.8149	1.06971
1	121	74	119.941	77.0348	3.21431
1	121	74	120.251	72.9004	1.33038
1	121	74	119.794	75.2881	1.76457
1	121	74	119.691	76.7273	3.02524
1	121	74	120.454	71.8704	2.19841
1	121	74	120.611	72.4277	1.61974
1	121	74	121.345	72.5991	1.44271
1	121	74	119.215	73.9407	1.78625
1	121	74	120.343	72.9244	1.26025
1	121	74	119.658	72.6404	1.91058
1	121	74	120.067	74.1125	0.939572
1	121	74	122.856	76.2176	2.8918
1	121	74	122.353	77.1132	3.39436
1	121	74	119.562	73.3719	1.56951
1	121	74	120.177	72.8386	1.42326
1	121	74	119.043	75.7281	2.61077
1	121	74	120.687	77.8817	3.89429
1	121	74	120.283	74.7927	1.06891
1	121	74	123.331	75.6661	2.86509
1	121	74	113.386	86.0039	14.2149
1	121	74	120.411	76.7369	2.79942
1	121	74	119.826	79.7305	5.84961
1	121	74	121.42	75.6243	1.67769
1	121	74	121.087	76.7019	2.70333
1	121	74	121.847	78.6352	4.71198
1	121	74	120.244	76.8665	2.96463
1	121	74	121.761	75.1483	1.37767
1	121	74	123.279	73.9956	2.27851
1	121	74	122.531	74.6882	1.67848
1	121	74	123.593	73.264	2.69547
1	121	74	119.841	74.4563	1.2458
1	121	74	122.408	73.0097	1.72149
1	121	74	121.604	75.1958	1.33976
1	121	74	119.102	75.591	2.47668
1	121	74	121.823	76.8247	2.94223
1	121	74	119.393	75.3683	2.11076
1	121	74	120.101	76.4073	2.56975
1	121	74	118.034	74.968	3.11976
1	121	74	118.694	74.8511	2.45813
1	121	74	120.765	73.9616	0.237674
1	121	74	120.779	74.6784	0.713612
1	121	74	120.181	72.3702	1.82385
1	121	74	110.483	90.8757	19.8845
1	121	74	119.305	74.5792	1.79143
1	121	74	122.389	73.483	1.48185
1	121	74	123.252	75.728	2.83822
1	121	74	121.037	75.7224	1.72279
1	121	74	121.129	73.5558	0.462595
1	121	74	141.831	84.9201	23.5197
1	121	74	122.372	75.127	1.77519
1	121	74	122.31	73.4191	1.43269
1	121	74	123.598	74.4313	2.63355
1	121	74	121.168	74.5371	0.562871
1	121	74	120.02	74.1427	0.990283
1	121	74	120.875	74.8552	0.864196
1	121	74	119.764	74.0748	1.23835
1	121	74	120.282	72.5961	1.5767
1	121	74	123.137	75.0774	2.39322
1	121	74	121.823	75.0445	1.33006
1	121	74	119.93	74.4925	1.17801
1	121	74	122.01	73.0662	1.37568
1	121	74	122.676	74.5989	1.77955
1	121	74	124.381	74.8814	3.49426
1	121	74	124.77	73.487	3.80463
1	121	74	121.092	74.2337	0.251033
1	121	74	120.23	74.9388	1.2144
1	121	74	118.665	76.0084	3.07994
1	121	74	121.223	76.505	2.51491
1	121	74	120.478	75.6471	1.7279
1	121	74	121.984	73.176	1.28314
1	121	74	121.464	75.804	1.86275
1	121	74	119.614	76.9385	3.24908
1	121	74	120.993	77.2739	3.27394
1	121	74	119.741	73.7064	1.29283
1	121	74	124.217	75.0563	3.38573
1	121	74	119.876	72.4579	1.9082
1	121	74	121.622	74.5634	0.839082
1	121	74	121.698	75.6409	1.78333
1	121	74	122.601	73.1067	1.83305
1	121	74	121.324	77.9187	3.93207
1	121	74	120.602	74.466	0.612818
1	121	74	116.685	80.5955	7.88159
1	121	74	118.386	75.0234	2.80676
1	121	74	122.077	74.812	1.34902
1	121	74	121.497	75.1175	1.22305
1	121	74	121.716	75.0896	1.30357
1	121	74	118.222	76.5266	3.75547
1	121	74	124.05	74.5566	3.10036
1	121	74	120.626	74.2061	0.426922
1	121	74	121.649	77.2903	3.35374
1	121	74	119.296	75.3518	2.17504
1	121	74	121.5	74.1625	0.525557
1	121	74	123.655	73.9505	2.65507
1	121	74	119.874	73.8912	1.13082
1	121	74	119.86	76.9434	3.15656
1	121	74	119.284	75.7489	2.45012
1	121	74	122.786	74.5901	1.88131
1	121	74	119.578	76.5185	2.89204
1	121	74	120.835	75.3289	1.33911
1	121	74	118.791	74.7418	2.33057
1	121	74	109.536	92.7409	21.9691
1	121	74	118.732	76.244	3.19052
1	121	74	123.371	74.2716	2.38636
1	121	74	120.301	74.5441	0.885532
1	121	74	122.119	75.7433	2.07163
1	121	74	122.34	75.5835	2.07443
1	121	74	122.102	74.9114	1.43016
1	121	74	119.676	75.1199	1.73385
1	121	74	120.446	73.0824	1.07177
1	121	74	121.884	76.4597	2.61363
1	121	74	121.984	75.1814	1.53725
1	121	74	124.3	73.8185	3.30546
1	121	74	119.991	76.9824	3.14859
1	121	74	119.432	74.749	1.73777
1	121	74	123.542	73.1705	2.6737
1	121	74	121.664	76.8384	2.91506
1	121	74	121.677	75.5328	1.67561
1	121	74	121.11	77.1807	3.18264
1	121	74	121.61	75.5322	1.64928
1	121	74	120.393	74.663	0.898876
1	121	74	121.777	72.9916	1.27302
1	121	74	122.977	76.2322	2.98164
1	121	74	122.04	74.6121	1.20666
1	121	74	121.406	74.6814	0.792928
1	121	74	119.401	75.1895	1.99291
1	121	74	123.118	74.8134	2.26847
1	121	74	121.31	73.8482	0.344746
1	121	74	118.504	74.9858	2.68403
1	121	74	119.572	74.2818	1.45572
1	121	74	120.117	76.8414	2.97551
1	121	74	123.894	73.1136	3.02643
1	121	74	119.355	76.0782	2.65037
1	121	74	122.035	75.5837	1.89214
1	121	74	118.807	79.3168	5.75121
1	121	74	120.074	73.606	1.00625
1	121	74	120.98	74.2627	0.263476
1	121	74	117.323	75.3311	3.91059
1	121	74	124.292	74.0084	3.29202
1	121	74	121.795	74.0666	0.79794
1	121	74	123.996	74.055	2.99614
1	121	74	119.501	73.1305	1.73311
1	121	74	120.86	75.0483	1.05767
1	121	74	119.887	74.5863	1.25808
1	121	74	123.103	74.2489	2.11781
1	121	74	118.889	75.2743	2.46541
1	121	74	119.831	76.4262	2.69329
1	121	74	119.322	75.366	2.16338
1	121	74	122.973	75.9327	2.76175
1	121	74	120.843	73.819	0.239337
1	121	74	121.144	73.7151	0.319399
1	121	74	120.878	74.8432	0.851992
1	121	74	122.2	74.2114	1.21871
1	121	74	120.204	74.288	0.846881
1	121	74	119.546	76.3107	2.72991
1	121	74	121.923	76.4836	2.64948
1	121	74	120.765	75.6379	1.65468
1	121	74	119.598	74.6006	1.5256
1	121	74	120.458	76.4683	2.5272
1	121	74	123.266	74.8594	2.42356
1	121	74	119.929	74.0797	1.07412
1	121	74	121.146	73.1102	0.901575
1	121	74	119.834	75.6167	1.9935
1	121	74	122.761	73.4387	1.84816
1	121	74	124.49	74.6436	3.54872
1	121	74	119.581	75.8252	2.31217
1	121	74	120.294	75.1725	1.36875
1	121	74	123.378	74.6712	2.47111
1	121	74	122.544	73.4614	1.63542
1	121	74	124.735	74.0533	3.73503
1	121	74	122.645	77.0959	3.50574
1	121	74	122.298	72.944	1.67327
1	121	74	121.384	76.0368	2.07267
1	121	74	119.376	74.6151	1.73619
1	121	74	122.733	77.2908	3.7194
1	121	74	121.569	77.9119	3.95317
1	121	74	123.106	76.3914	3.18645
1	121	74	118.935	76.0178	2.88689
1	121	74	118.237	75.4687	3.12885
1	121	74	120.569	75.3849	1.45045
1	121	74	120.661	72.7087	1.33513
1	121	74	120.952	73.8221	0.184334
1	121	74	119.318	75.6692	2.36992
1	121	74	118.327	76.3024	3.52816
1	121	74	120.35	74.9977	1.19062
1	121	74	120.415	74.7708	0.967637
1	121	74	119.56	75.3554	1.97774
1	121	74	120.125	74.4174	0.969165
1	121	74	122.214	72.7331	1.75462
1	121	74	122.359	74.9859	1.67938
1	121	74	118.994	84.8249	11.0091
1	121	74	119.059	74.8016	2.10021
1	121	74	121.379	73.6885	0.490757
1	121	74	122.9	74.2379	1.91481
1	121	74	123.64	75.4438	3.009
1	121	74	119.548	75.5513	2.12473
1	121	74	121.768	76.0507	2.18984
1	121	74	119.279	74.0592	1.72183
1	121	74	119.899	75.0294	1.50755
1	121	74	120.554	74.4528	0.635338
1	121	74	120.251	75.1557	1.37709
1	121	74	118.346	75.0144	2.84144
1	121	74	120.08	72.8887	1.44298
1	121	74	122.086	75.1309	1.56822
1	121	74	120.448	76.8358	2.88903
1	121	74	120.131	77.6252	3.72792
1	121	74	119.263	74.1795	1.74656
1	121	74	120.078	73.6312	0.993245
1	121	74	119.939	74.5821	1.21056
1	121	74	121.244	72.8023	1.22229
1	121	74	121.194	75.8277	1.83795
1	121	74	121.936	75.2166	1.53519
1	121	74	119.696	75.4248	1.93139
1	121	74	118.69	76.9409	3.73966
1	121	74	120.147	76.481	2.62336
1	121	74	118.638	74.5219	2.41853
1	121	74	120.924	76.559	2.56015
1	121	74	122.828	74.345	1.86004
1	121	74	119.959	76.3753	2.59351
1	121	74	123.649	73.3087	2.73783
1	121	74	122.709	74.1573	1.71649
1	121	74	123.553	74.4439	2.5915
1	121	74	120.66	74.5184	0.620132
1	121	74	119.78	75.1907	1.70464
1	121	74	121.397	77.5422	3.56434
1	121	74	121.753	76.744	2.84539
1	121	74	122.889	74.0709	1.89061
1	121	74	119.693	77.2186	3.47366
1	121	74	122.16	76.5606	2.81094
1	121	74	122.143	73.3204	1.32982
1	121	74	124.433	74.0437	3.43352
1	121	74	122.402	77.693	3.9502
1	121	74	120.271	77.1415	3.22498
1	121	74	122.687	75.4315	2.21232
1	121	74	121.492	74.4457	0.663975
1	121	74	119.778	74.472	1.30982
1	121	74	122.822	73.1268	2.02068
1	121	74	121.95	73.5313	1.05948
1	121	74	119.242	75.9914	2.65662
1	121	74	121.812	73.8683	0.822845
1	121	74	120.44	76.3329	2.39901
1	121	74	120.089	74.4202	1.00281
1	121	74	120.038	73.6151	1.03602
1	121	74	118.869	75.2769	2.48459
1	121	74	123.103	77.0523	3.7068
1	121	74	118.694	74.8114	2.44473
1	121	74	122.039	77.75	3.89125
1	121	74	120.755	73.4338	0.616902
1	121	74	122.435	76.281	2.69466
1	121	74	119.656	76.0883	2.48336
1	121	74	121.016	76.1508	2.15089
1	121	74	121.962	73.5561	1.05951
1	121	74	122.645	73.5278	1.71152
1	121	74	108.897	93.5035	22.9536
1	121	74	119.579	74.0958	1.42427
1	121	74	118.887	75.8334	2.79781
1	121	74	121.151	74.9973	1.00873
1	121	74	119.732	75.8339	2.22966
1	121	74	120.669	73.2454	0.82405
1	121	74	120.574	74.063	0.430645
1	121	74	120.819	73.9245	0.195891
1	121	74	123.509	74.453	2.54952
1	121	74	120.002	74.8619	1.31833
1	121	74	122.119	75.3787	1.776
1	121	74	118.316	75.2884	2.97768
1	121	74	123.671	76.3799	3.57744
1	121	74	117.905	76.0088	3.68978
1	121	74	123.145	77.0788	3.75237
1	121	74	122.737	74.9747	1.9918
1	121	74	119.071	73.6579	1.95861
1	121	74	121.139	75.8844	1.8895
1	121	74	120.795	75.7448	1.7568
1	121	74	124.101	73.8905	3.10265
1	121	74	100.514	77.8525	20.8456
1	121	74	120.005	74.3917	1.06953
1	121	74	122.999	76.2962	3.04456
1	121	74	121.656	73.8704	0.668458
1	121	74	119.408	75.0013	1.88092
1	121	74	122.741	77.4163	3.83424
1	121	74	120.304	77.2337	3.30787
1	121	74	121.676	74.855	1.09021
1	121	74	120.976	74.1062	0.108806
1	121	74	117.005	79.6268	6.90062
1	121	74	122.986	76.3453	3.07291
1	121	74	121.722	73.382	0.950565
1	121	74	121.877	74.9872	1.32059
1	121	74	119.441	75.6202	2.24868
1	121	74	122.928	75.5787	2.49208
1	121	74	118.85	76.217	3.08849
1	121	74	119.406	77.4832	3.8306
1	121	74	121.266	74.3557	0.444041
1	121	74	122.333	74.6192	1.47
1	121	74	122.501	75.5372	2.14842
1	121	74	119.308	73.3056	1.82893
1	121	74	120.158	75.3426	1.58483
1	121	74	119.054	73.9855	1.94653
1	121	74	121.178	77.1405	3.1455
1	121	74	123.299	73.2716	2.41185
1	121	74	121.107	75.5129	1.51666
1	121	74	122.11	77.2354	3.42045
1	121	74	120.525	72.7757	1.31334
1	121	74	122.789	74.604	1.88802
1	121	74	122.883	76.6007	3.21055
1	121	74	122.489	75.6991	2.25927
1	121	74	122.144	76.3138	2.58116
1	121	74	121.175	76.3067	2.31329
1	121	74	116.56	70.5516	5.62166
1	121	74	118.437	76.4009	3.51174
1	121	74	121.447	75.225	1.30388
1	121	74	122.373	77.1531	3.43905
1	121	74	123.716	76.1925	3.49038
1	121	74	122.127	77.0023	3.20691
1	121	74	121.246	78.3243	4.33128
1	121	74	120.802	74.8573	0.88
1	121	74	121.654	73.6547	0.739345
1	121	74	120.089	72.9528	1.38782
1	121	74	121.03	74.4945	0.495421
1	121	74	117.944	75.45	3.38265
1	121	74	123.183	74.1093	2.18578
1	121	74	120.111	76.4474	2.6037
1	121	74	120.077	77.6246	3.74042
1	121	74	122.602	76.2297	2.74573
1	121	74	123.938	73.2036	3.04425
1	121	74	123.878	75.8559	3.42459
1	121	74	122.518	75.2394	1.95997
1	121	74	116.025	81.7596	9.21736
1	121	74	123.404	74.5305	2.4618
1	121	74	123.777	75.3957	3.10823
1	121	74	124.077	73.6529	3.09651
1	121	74	120.453	77.2955	3.34052
1	121	74	123.978	75.6143	3.38781
1	121	74	119.58	75.3946	1.9905
1	121	74	123.149	77.093	3.76652
1	121	74	121.254	73.9736	0.255196
1	121	74	118.216	76.272	3.59312
1	121	74	119.868	72.3039	2.03942
1	121	74	113.006	89.3939	17.3457
1	121	74	118.005	75.4308	3.3189
1	121	74	122.804	76.4341	3.02947
1	121	74	120.177	72.1157	2.05599
1	121	74	121.724	77.3595	3.4366
1	121	74	119.456	74.2165	1.55874
1	121	74	123.175	75.4548	2.61654
1	121	74	118.929	75.996	2.87638
1	121	74	114.55	83.8114	11.7415
1	121	74	120.735	76.3712	2.38589
1	121	74	122.828	74.213	1.84023
1	121	74	122.086	73.3584	1.26097
1	121	74	122.56	75.0307	1.86984
1	121	74	117.895	75.9877	3.68662
1	121	74	119.159	77.2072	3.69784
1	121	74	122.631	76.4371	2.93273
1	121	74	120.728	74.7511	0.798932
1	121	74	119.685	74.3434	1.35863
1	121	74	123.188	74.4222	2.22879
1	121	74	119.329	73.4846	1.74841
1	121	74	119.361	73.2663	1.79593
1	121	74	123.175	76.6451	3.42474
1	121	74	120.072	72.0291	2.17831
1	121	74	122.97	74.2875	1.99121
1	121	74	121.932	73.8789	0.939966
1	121	74	117.786	75.5827	3.58227
1	121	74	120.294	76.0729	2.18986
1	121	74	119.501	76.134	2.60773
1	121	74	121.305	75.3766	1.4099
1	121	74	120.093	74.9746	1.33167
1	121	74	124.101	73.3268	3.17324
1	121	74	122.037	76.0729	2.31797
1	121	74	122.288	75.4678	1.95289
1	121	74	120.234	74.2453	0.804129
1	121	74	123.715	74.3161	2.73372
1	121	74	119.808	75.0985	1.6209
1	121	74	121.794	75.6339	1.81678
1	121	74	120.237	76.7528	2.85659
1	121	74	120.155	73.4842	0.990115
1	121	74	123.95	75.499	3.30857
1	121	74	121.752	77.3476	3.43097
1	121	74	119.497	77.1045	3.449
1	121	74	121.043	72.2748	1.72576
1	121	74	124.213	75.0173	3.36984
1	121	74	118.947	74.3109	2.07638
1	121	74	121.114	75.4523	1.45678
1	121	74	117.666	74.8671	3.44505
1	121	74	118.585	74.896	2.57545
1	121	74	121.825	74.5927	1.01608
1	121	74	121.312	77.386	3.40036
1	121	74	122.29	73.6975	1.32494
1	121	74	110.695	92.2122	20.9256
1	121	74	120.094	73.0624	1.30412
1	121	74	118.514	76.3892	3.4483
1	121	74	119.385	77.1716	3.55895
1	121	74	119.792	77.0677	3.29681
1	121	74	119.776	77.1505	3.37996
1	121	74	118.627	75.289	2.70073
1	121	74	120.653	76.2352	2.26198
1	121	74	121.086	73.6836	0.327852
1	121	74	123.306	74.1422	2.31075
1	121	74	122.255	76.3482	2.66239
1	121	74	118.44	75.1783	2.81843
1	121	74	120.846	75.6236	1.63082
1	121	74	120.377	73.5453	0.771365
1	121	74	118.179	76.445	3.73316
1	121	74	120.297	76.8798	2.9643
1	121	74	121.813	75.9401	2.10358
1	121	74	120.666	77.3326	3.34936
1	121	74	122.591	74.5082	1.66988
1	121	74	120.617	75.4072	1.45853
1	121	74	121.393	77.448	3.47024
1	121	74	121.153	74.3474	0.379534
1	121	74	121.947	76.5485	2.71874
1	121	74	120.684	72.1144	1.91199
1	121	74	122.961	77.0743	3.64623
1	121	74	120.515	74.9524	1.06898
1	121	74	119.638	73.5694	1.42805
1	121	74	120.024	75.3026	1.62754
1	121	74	124.366	74.2695	3.3771
1	121	74	120.524	76.1502	2.20226
1	121	74	120.781	77.3546	3.36181
1	121	74	119.641	74.8949	1.62737
1	121	74	120.633	73.4567	0.655477
1	121	74	121.834	75.3639	1.59894
1	121	74	119.65	75.6355	2.12082
1	121	74	123.36	75.1556	2.62784
1	121	74	122.615	77.5674	3.91588
1	121	74	121.033	74.4325	0.433759
1	121	74	118.812	75.9325	2.91932
1	121	74	121.773	74.3796	0.861458
1	121	74	122.461	77.8694	4.13591
1	121	74	124.208	74.6705	3.27716
1	121	74	119.911	74.6397	1.26289
1	121	74	121.413	75.8503	1.8958
1	121	74	118.744	74.6123	2.33781
1	121	74	124.569	73.3501	3.6278
1	121	74	119.967	75.4299	1.7639
1	121	74	118.999	75.3604	2.42006
1	121	74	121.963	74.1961	0.982431
1	121	74	119.923	77.194	3.37065
1	121	74	125.23	73.3862	4.27465
1	121	74	120.023	75.0703	1.44942
1	121	74	120.887	75.3109	1.31574
1	121	74	118.052	76.3813	3.78984
1	121	74	122.277	77.049	3.30573
1	121	74	121.246	77.3414	3.35044
1	121	74	120.489	75.0811	1.19574
1	121	74	121.598	72.1021	1.98978
1	121	74	122.208	75.499	1.92541
1	121	74	119.117	74.4544	1.937
1	121	74	119.721	75.9618	2.34217
1	121	74	114.792	87.6798	15.0227
1	121	74	122.137	75.1141	1.59179
1	121	74	120.769	72.2186	1.7963
1	121	74	120.822	75.1387	1.15254
1	121	74	123.792	73.8794	2.79428
1	121	74	120.435	75.6375	1.73209
1	121	74	121.071	75.5808	1.58238
1	121	74	120.751	75.5809	1.60046
1	121	74	119.241	74.1181	1.76302
1	121	74	121.76	77.132	3.22278
1	121	74	121.444	71.7782	2.26576
1	121	74	123.74	75.3566	3.05729
1	121	74	120.755	74.6958	0.737673
1	121	74	120.381	75.6143	1.7288
1	121	74	121.493	72.66	1.42769
1	121	74	118.814	74.7269	2.30394
1	121	74	120.653	73.8254	0.388781
1	121	74	123.512	73.6151	2.54156
1	121	74	120.408	75.3045	1.43232
1	121	74	114.275	84.3959	12.3813
1	121	74	121.331	74.9726	1.02753
1	121	74	121.289	73.6143	0.481857
1	121	74	124.406	74.2991	3.41892
1	121	74	123.033	74.7165	2.15558
1	121	74	120.43	75.7699	1.85944
1	121	74	120.55	76.8652	2.90032
1	121	74	118.387	75.7458	3.1426
1	121	74	119.958	72.2025	2.07785
1	121	74	120.096	76.8193	2.9607
1	121	74	120.655	76.1329	2.16063
1	121	74	120.413	74.4121	0.717068
1	121	74	122.903	74.8357	2.07868
1	121	74	122.076	76.2222	2.4691
1	121	74	123.65	74.7482	2.75398
1	121	74	122.81	76.1892	2.84077
1	121	74	121.366	75.1553	1.21177
1	121	74	124.464	74.3682	3.48377
1	121	74	121.59	75.741	1.83822
1	121	74	122.352	76.356	2.71656
1	121	74	119.726	74.1161	1.27887
1	121	74	121.861	73.1977	1.17655
1	121	74	119.37	75.0623	1.94538
1	121	74	120.147	73.308	1.09819
1	121	74	123.551	74.3161	2.57012
1	121	74	120.742	75.7499	1.76881
1	121	74	121.15	73.9555	0.156259
1	121	74	122.024	76.9603	3.13235
1	121	74	122.958	73.6156	1.99517
1	121	74	123.101	74.3005	2.12241
1	121	74	119.419	77.3764	3.72822
1	121	74	121.485	74.024	0.486048
1	121	74	121.009	74.4675	0.467545
1	121	74	121.543	74.3624	0.652706
1	121	74	120.538	75.8858	1.94152
1	121	74	119.57	74.5339	1.52673
1	121	74	122.244	77.1909	3.42476
1	121	74	121.127	77.3647	3.36704
1	121	74	121.114	73.6498	0.368147
1	121	74	120.985	74.2936	0.293999
1	121	74	119.911	73.4179	1.23523
1	121	74	123.593	74.4581	2.63284
1	121	74	121.683	75.0872	1.28423
1	121	74	121.985	77.6593	3.78947
1	121	74	120.643	74.7949	0.871257
1	121	74	120.319	74.0302	0.681796
1	121	74	118.202	75.9766	3.42592
1	121	74	123.785	74.6459	2.85891
1	121	74	123.381	75.0822	2.61525
1	121	74	122.87	73.6106	1.9104
1	121	74	119.45	73.6409	1.59105
1	121	74	120.696	77.1288	3.14354
1	121	74	121.019	75.5012	1.50133
1	121	74	115.244	83.4003	11.0225
1	121	74	119.977	75.8348	2.10074
1	121	74	121.557	73.8287	0.582621
1	121	74	128.024	76.3204	7.3974
1	121	74	122.165	72.7789	1.68787
1	121	74	117.892	75.9867	3.68842
1	121	74	120.269	75.2224	1.42441
1	121	74	119.609	74.3647	1.43829
1	121	74	118.702	76.109	3.11901
1	121	74	120.408	74.2293	0.634595
1	121	74	124.624	74.0452	3.62388
1	121	74	121.368	76.0339	2.06684
1	121	74	120.397	73.891	0.61266
1	121	74	121.667	75.2228	1.39268
1	121	74	122.336	74.6617	1.49076
1	121	74	121.368	76.8564	2.88
1	121	74	121.639	72.2321	1.87968
1	121	74	122.047	74.0969	1.05127
1	121	74	122.92	73.6398	1.95358
1	121	74	124.089	73.5299	3.12442
1	121	74	120.969	77.0752	3.07541
1	121	74	122.821	75.4045	2.29988
1	121	74	122.741	74.9071	1.96277
1	121	74	121.462	75.4617	1.53287
1	121	74	120.856	75.5424	1.54905
1	121	74	122.81	75.0058	2.07043
1	121	74	123.254	73.8414	2.25922
1	121	74	123.292	73.1366	2.4495
1	121	74	124.936	74.0274	3.93588
1	121	74	122.718	76.4337	2.97918
1	121	74	121.476	76.8448	2.88427
1	121	74	120.235	74.0161	0.765244
1	121	74	121.889	76.309	2.47416
1	121	74	120.613	75.0862	1.15318
1	121	74	124.017	75.3136	3.29042
1	121	74	122.103	74.7093	1.31168
1	121	74	119.668	77.2173	3.48218
1	121	74	121.478	75.1482	1.24389
1	121	74	121.917	77.8561	3.96368
1	121	74	119.211	76.1356	2.78573
1	121	74	122.727	76.4011	2.95791
1	121	74	121.912	74.3294	0.969571
1	121	74	120.469	72.9598	1.16789
1	121	74	119.826	75.5751	1.9643
1	121	74	123.414	73.9956	2.41367
1	121	74	119.592	74.4262	1.47148
1	121	74	120.805	75.0233	1.04173
1	121	74	121.689	74.7306	1.00451
1	121	74	120.256	74.029	0.744221
1	121	74	121.786	75.9266	2.08093
1	121	74	122.346	76.4007	2.75235
1	121	74	110.79	97.3989	25.5295
1	121	74	121.302	73.8889	0.322226
1	121	74	123.425	74.7387	2.53546
1	121	74	119.489	76.0879	2.57708
1	121	74	118.543	75.394	2.82507
1	121	74	120.014	76.5652	2.74809
1	121	74	119.902	75.4794	1.84254
1	121	74	120.223	76.96	3.06036
1	121	74	121.868	76.0074	2.18687
1	121	74	120.195	75.3294	1.55424
1	121	74	122.106	75.9416	2.23428
1	121	74	120.532	74.8101	0.935485
1	121	74	120.067	77.0457	3.18527
1	121	74	121.506	74.5119	0.719499
1	121	74	122.975	77.0886	3.66612
1	121	74	120.292	75.7968	1.93119
1	121	74	118.506	74.7197	2.59533
1	121	74	123.744	74.8368	2.869
1	121	74	119.972	73.0216	1.41911
1	121	74	118.362	74.5633	2.6979
1	121	74	123.342	75.06	2.57034
1	121	74	118.407	74.7141	2.68979
1	121	74	123.052	74.5066	2.11372
1	121	74	117.226	75.1811	3.95437
1	121	74	118.912	75.4755	2.55706
1	121	74	120.67	76.8302	2.8494
1	121	74	123.36	76.1091	3.16509
1	121	74	123.648	75.6743	3.13267
1	121	74	122.564	76.9762	3.36226
1	121	74	121.024	73.4418	0.558709
1	121	74	120.613	74.3103	0.496354
1	121	74	120.649	75.2186	1.26823
1	121	74	120.158	75.3117	1.55848
1	121	74	121.747	75.3067	1.50537
1	121	74	142.18	85.8081	24.2495
1	121	74	121.269	73.8296	0.31799
1	121	74	120.017	75.7231	1.98363
1	121	74	118.453	76.0684	3.28074
1	121	74	122.324	73.4237	1.44391
1	121	74	123.491	75.6988	3.01497
1	121	74	120.659	75.5718	1.60833
1	121	74	119.148	77.0064	3.53124
1	121	74	119.576	76.1536	2.58155
1	121	74	121.137	76.4067	2.41063
1	121	74	120.998	74.6718	0.671842
1	121	74	119.084	73.5892	1.95971
1	121	74	120.745	78.4597	4.46695
1	121	74	122.089	76.7671	2.97369
1	121	74	123.803	74.3394	2.82312
1	121	74	122.127	73.6323	1.18581
1	121	74	124.012	74.5374	3.0591
1	121	74	122.08	73.8082	1.09662
1	121	74	118.861	74.1877	2.14765
1	121	74	123.171	75.1328	2.4489
1	121	74	121.256	75.0836	1.11342
1	121	74	120.918	77.1344	3.13552
1	121	74	119.89	74.411	1.18355
1	121	74	119.516	74.5323	1.57651
1	121	74	121.375	74.4697	0.601169
1	121	74	121.568	76.44	2.50528
1	121	74	122.544	76.2471	2.72643
1	121	74	121.318	75.367	1.40336
1	121	74	120.094	76.7786	2.92239
1	121	74	120.355	76.0231	2.12347
1	121	74	120.576	74.0982	0.434984
1	121	74	122.325	75.9826	2.38478
1	121	74	122.973	73.1356	2.15391
1	121	74	122.792	74.5108	1.86334
1	121	74	120.062	75.3148	1.615
1	121	74	121.178	74.885	0.902658
1	121	74	120.964	73.621	0.380648
1	121	74	121.73	76.6032	2.70369
1	121	74	119.521	75.9389	2.43867
1	121	74	120.856	75.1111	1.12034
1	121	74	122.651	75.5935	2.29465
1	121	74	110.004	92.4432	21.4726
1	121	74	123.662	73.9163	2.66292
1	121	74	120.931	76.6924	2.69333
1	121	74	120.895	76.2676	2.27004
1	121	74	121.161	74.8306	0.846019
1	121	74	121.243	75.7988	1.81514
1	121	74	122.946	76.6113	3.25663
1	121	74	120.088	77.1161	3.24686
1	121	74	122.232	73.3129	1.41052
1	121	74	118.147	75.5507	3.24681
1	121	74	121.008	74.1741	0.17432
1	121	74	122.388	74.2565	1.41107
1	121	74	120.76	76.3841	2.39612
1	121	74	113.495	86.7772	14.8186
1	121	74	124.358	74.228	3.36566
1	121	74	122.918	77.121	3.6633
1	121	74	121.744	75.5786	1.74505
1	121	74	119.928	74.078	1.07473
1	121	74	119.346	76.9448	3.37756
1	121	74	121.394	74.3098	0.501082
1	121	74	120.176	75.0625	1.34483
1	121	74	118.91	74.9603	2.3005
1	121	74	118.512	74.5885	2.5569
1	121	74	119.469	73.3577	1.66024
1	121	74	123.307	76.5075	3.40742
1	121	74	120.151	74.2008	0.872386
1	121	74	119.633	77.1987	3.4785
1	121	74	118.851	76.2018	3.07682
1	121	74	121.114	74.7837	0.791968
1	121	74	121.623	74.4525	0.770011
1	121	74	122.03	75.4489	1.77764
1	121	74	124.008	73.3726	3.07248
1	121	74	122.944	76.0163	2.80087
1	121	74	122.378	73.5343	1.45455
1	121	74	121.348	76.3126	2.33868
1	121	74	123.033	74.3716	2.06671
1	121	74	124.41	74.6098	3.46365
1	121	74	120.526	76.3565	2.40376
1	121	74	120.497	72.6532	1.43768
1	121	74	121.191	76.0846	2.09332
1	121	74	123.245	76.7329	3.53666
1	121	74	122.318	75.9408	2.34613
1	121	74	122.367	75.8907	2.33324
1	121	74	120.577	77.6935	3.7176
1	121	74	121.944	76.168	2.36462
1	121	74	120.249	72.7473	1.46066
1	121	74	123.341	74.587	2.41306
1	121	74	120.544	75.6133	1.67651
1	121	74	122.739	73.5172	1.80443
1	121	74	118.624	74.8025	2.50801
1	121	74	122.97	77.4257	3.95183
1	121	74	120.241	75.4041	1.59621
1	121	74	121.864	74.6386	1.07465
1	121	74	119.109	75.6707	2.52335
1	121	74	120.104	76.2778	2.44762
1	121	74	118.619	75.5928	2.86488
1	121	74	118.691	75.1079	2.5613
1	121	74	119.993	76.7174	2.8981
1	121	74	119.279	73.3116	1.85331
1	121	74	119.058	74.1091	1.94499
1	121	74	118.281	75.6183	3.16454
1	121	74	118.42	75.9711	3.24645
1	121	74	118.525	75.3037	2.7977
1	121	74	119.786	76.0597	2.39081
1	121	74	111.941	95.0479	22.9146
1	121	74	120.173	71.6351	2.50537
1	121	74	120.405	74.5526	0.811662
1	121	74	122.902	75.5508	2.45442
1	121	74	122.221	77.4774	3.68558
1	121	74	124.166	75.3539	3.44353
1	121	74	106.973	97.2464	27.1506
1	121	74	121.397	77.2695	3.29348
1	121	74	122.139	72.7117	1.7196
1	121	74	121.747	75.8453	1.99086
1	121	74	121.94	76.5997	2.76424
1	121	74	118.942	78.8019	5.22414
1	121	74	121.359	74.879	0.949532
1	121	74	120.319	74.1956	0.708649
1	121	74	121.606	75.2985	1.43287
1	121	74	120.148	75.2548	1.51679
1	121	74	121.113	77.4352	3.43709
1	121	74	120.2	75.5367	1.73264
1	121	74	122.313	73.7984	1.32858
1	121	74	120.864	73.4273	0.588502
1	121	74	118.704	75.271	2.62417
1	121	74	121.024	74.1123	0.114816
1	121	74	126.755	77.4248	6.69729
1	121	74	123.772	76.1276	3.49426
1	121	74	121.993	74.3119	1.04081
1	121	74	120.917	75.4579	1.46023
1	121	74	121.695	76.1061	2.2179
1	121	74	120.088	75.2251	1.52742
1	121	74	123.348	75.8061	2.96258
1	121	74	121.775	74.1833	0.79636
1	121	74	122.189	74.4979	1.28915
1	121	74	122.674	77.549	3.92379
1	121	74	118.986	77.0223	3.63196
1	121	74	120.42	75.4319	1.54501
1	121	74	118.808	75.8622	2.87652
1	121	74	124.347	73.3065	3.41811
1	121	74	117.563	79.367	6.37308
1	121	74	119.91	76.4069	2.6422
1	121	74	122.272	72.6626	1.84598
1	121	74	122.663	75.2964	2.10842
1	121	74	120.25	72.8654	1.36007
1	121	74	119.63	74.7327	1.55364
1	121	74	121.172	76.5921	2.59776
1	121	74	120.369	77.4376	3.49501
1	121	74	115.268	82.773	10.4798
1	121	74	120.456	77.1974	3.24339
1	121	74	123.11	75.0296	2.34779
1	121	74	120.592	75.1315	1.20283
1	121	74	122.381	76.1075	2.51965
1	121	74	118.295	79.0999	5.77286
1	121	74	120.821	75.7502	1.75933
1	121	74	121.086	73.9901	0.0867022
1	121	74	122.891	73.7132	1.91271
1	121	74	103.451	84.8281	20.6204
1	121	74	121.346	73.0075	1.05126
1	121	74	119.72	73.8431	1.2892
1	121	74	121.385	74.2882	0.481117
1	121	74	122.468	75.7186	2.26037
1	121	74	120.11	74.5103	1.02609
1	121	74	118.597	75.3051	2.7348
1	121	74	120.439	73.3672	0.845565
1	121	74	119.95	76.3184	2.54519
1	121	74	122.175	74.1913	1.19026
1	121	74	121.881	74.3878	0.962872
1	121	74	118.983	74.0764	2.01803
1	121	74	122.176	73.2618	1.38814
1	121	74	121.389	75.7015	1.74535
1	121	74	120.748	77.9422	3.95024
1	121	74	123.255	73.1963	2.39355
1	121	74	119.817	73.5316	1.2728
1	121	74	120.092	74.4429	1.00982
1	121	74	121.509	75.786	1.85724
1	121	74	119.129	76.3342	2.99139
1	121	74	124.197	74.4714	3.23127
1	121	74	121.218	74.5563	0.59729
1	121	74	118.888	75.8753	2.82433
1	121	74	123.824	73.3897	2.88908
1	121	74	119.208	73.419	1.88378
1	121	74	122.657	74.462	1.71979
1	121	74	122.376	74.3237	1.41385
1	121	74	124.13	75.2747	3.38002
1	121	74	119.733	74.0669	1.26834
1	121	74	119.978	75.0349	1.45435
1	121	74	120.756	72.6534	1.36844
1	121	74	122.485	73.567	1.54728
1	121	74	124.044	73.8766	3.04637
1	121	74	123.774	74.18	2.7795
1	121	74	123.656	73.6058	2.68523
1	121	74	121.461	75.3546	1.43091
1	121	74	122.658	74.2751	1.68094
1	121	74	122.043	75.5788	1.8921
1	121	74	122.435	75.807	2.30776
1	121	74	117.176	79.1685	6.42952
1	121	74	121.99	73.7691	1.01668
1	121	74	120.251	75.1256	1.35187
1	121	74	123.065	75.0114	2.29981
1	121	74	120.224	76.9905	3.08947
1	121	74	122.236	72.784	1.73361
1	121	74	122.327	75.1455	1.75286
1	121	74	122.772	77.4672	3.89388
1	121	74	118.716	74.7203	2.39532
1	121	74	124.522	74.4476	3.54997
1	121	74	122.855	74.8212	2.0285
1	121	74	119.218	75.0412	2.06399
1	121	74	120.347	77.8711	3.9258
1	121	74	119.221	74.5314	1.8566
1	121	74	120.635	74.6138	0.71415
1	121	74	118.043	83.4664	9.91734
1	121	74	121.713	72.0734	2.05421
1	121	74	123.795	73.7753	2.80406
1	121	74	120.238	75.3673	1.56543
1	121	74	120.666	73.8834	0.353349
1	121	74	121.266	77.0561	3.0676
1	121	74	121.785	74.4528	0.906483
1	121	74	122.262	77.1358	3.3801
1	121	74	119.04	73.378	2.05615
1	121	74	120.804	73.859	0.241144
1	121	74	121.799	73.5816	0.901922
1	121	74	120.726	77.4103	3.4213
1	121	74	119.499	75.0703	1.84339
1	121	74	123.813	75.7988	3.33881
1	121	74	120.615	77.9201	3.93898
1	121	74	124.304	74.1719	3.30879
1	121	74	119.468	75.7857	2.35282
1	121	74	103.525	84.9052	20.5987
1	121	74	122.123	77.3939	3.57489
1	121	74	119.772	74.752	1.44014
1	121	74	123.87	74.1808	2.87586
1	121	74	117.915	79.6649	6.45056
1	121	74	120.182	73.7856	0.845214
1	121	74	122.014	73.6731	1.0653
1	121	74	119.474	76.1341	2.62378
1	121	74	119.365	74.9495	1.89053
1	121	74	141.727	84.9822	23.4564
1	121	74	120.282	72.4474	1.71035
1	121	74	123.263	75.0938	2.51354
1	121	74	121.896	77.2909	3.41063
1	121	74	119.442	76.6013	3.03233
1	121	74	120.851	72.7839	1.22518
1	121	74	121.437	75.2661	1.3394
1	121	74	120.39	74.7689	0.981629
1	121	74	122.494	73.3292	1.63733
1	121	74	119.747	74.2752	1.28325
1	121	74	118.59	76.766	3.66836
1	121	74	122.709	76.6954	3.19166
1	121	74	122.175	75.0045	1.54615
1	121	74	121.842	76.2217	2.37571
1	121	74	119.302	76.2635	2.82955
1	121	74	119.653	74.5314	1.44776
1	121	74	122.414	76.3273	2.72292
1	121	74	123.628	73.9011	2.6301
1	121	74	121.94	74.9775	1.3559
1	121	74	116.457	74.7486	4.60397
1	121	74	120.54	75.1927	1.27851
1	121	74	115.007	83.1345	10.9251
1	121	74	122.2	72.921	1.61409
1	121	74	141.838	85.9744	24.0333
1	121	74	125.218	75.1211	4.36482
1	121	74	121.325	74.8137	0.876288
1	121	74	120.279	73.6195	0.815648
1	121	74	124.157	74.0029	3.15705
1	121	74	119.868	72.9091	1.57218
1	121	74	120.387	75.5468	1.66387
1	121	74	120.719	74.709	0.762541
1	121	74	122.189	77.8796	4.05766
1	121	74	121.044	74.8878	0.88887
1	121	74	121.433	74.1053	0.445771
1	121	74	120.23	74.9068	1.18976
1	121	74	120.132	75.4346	1.67678
1	121	74	120.643	75.3118	1.35958
1	121	74	120.92	73.4621	0.543808
