1	121	74	121.215	74.1815	0.281217
1	121	74	121.446	74.017	0.446104
1	121	74	120.743	73.7325	0.370713
1	121	74	121.321	73.7741	0.392881
1	121	74	121.305	74.4105	0.511601
1	121	74	120.88	74.1452	0.188077
1	121	74	120.794	74.4455	0.490795
1	121	74	117.92	80.9611	7.61219
1	121	74	120.902	74.2795	0.296218
1	121	74	120.632	74.4483	0.579794
1	121	74	121.618	74.1047	0.626735
1	121	74	121.219	73.75	0.332138
1	121	74	121.439	74.2092	0.485941
1	121	74	120.964	74.5612	0.562351
1	121	74	121.156	74.4928	0.516772
1	121	74	121.483	74.3613	0.603065
1	121	74	121.295	74.5901	0.659548
1	121	74	120.729	74.5732	0.633977
1	121	74	121.016	74.0043	0.0164908
1	121	74	121.486	74.1562	0.510294
1	121	74	117.984	72.9008	3.21036
1	121	74	120.899	73.9576	0.109656
1	121	74	121.239	74.3796	0.448557
1	121	74	118.73	78.9028	5.40279
1	121	74	120.405	74.3506	0.690653
1	121	74	120.525	74.247	0.535188
1	121	74	121.544	74.0954	0.55205
1	121	74	120.881	74.0664	0.136107
1	121	74	121.082	74.1963	0.212799
1	121	74	121.32	74.1575	0.356969
1	121	74	122.616	76.382	2.87823
1	121	74	121.026	73.6982	0.302982
1	121	74	121.39	73.957	0.391981
1	121	74	121.247	74.8223	0.858691
1	121	74	120.549	74.4543	0.640324
1	121	74	118.626	73.4139	2.44546
1	121	74	120.763	74.023	0.23824
1	121	74	121.714	74.2371	0.752451
1	121	74	121.03	73.7421	0.259614
1	121	74	121.32	74.2206	0.388834
1	121	74	121.418	74.4825	0.638159
1	121	74	99.27	97.438	31.9614
1	121	74	121.657	74.2584	0.706135
1	121	74	121.1	74.8386	0.844579
1	121	74	121.282	74.7383	0.790145
1	121	74	119.331	73.817	1.67862
1	121	74	120.859	74.4803	0.500452
1	121	74	121.663	74.3063	0.730391
1	121	74	121.462	74.3154	0.559442
1	121	74	121.462	74.4088	0.617104
1	121	74	121.653	74.0383	0.654006
1	121	74	120.715	74.142	0.318704
1	121	74	121.602	74.4678	0.762788
1	121	74	120.976	74.0067	0.0250297
1	121	74	121.343	74.2744	0.439636
1	121	74	121.385	74.1836	0.426179
1	121	74	122.989	76.3926	3.11168
1	121	74	120.846	74.7519	0.767492
1	121	74	104.968	91.2737	23.5669
1	121	74	104.231	89.7039	22.974
1	121	74	120.761	74.0965	0.257412
1	121	74	121.369	74.1235	0.388764
1	121	74	121.346	74.3999	0.52868
1	121	74	122.129	75.596	1.95507
1	121	74	118.675	78.9683	5.48544
1	121	74	121.454	74.1256	0.471481
1	121	74	121.783	74.1705	0.800991
1	121	74	120.808	74.2926	0.350115
1	121	74	120.785	74.5246	0.567077
1	121	74	121.252	74.1747	0.306293
1	121	74	121.419	74.6025	0.733832
1	121	74	120.915	74.5561	0.562653
1	121	74	121.147	74.5262	0.5464
1	121	74	120.53	74.5193	0.700073
1	121	74	121.253	74.1325	0.285987
1	121	74	121.036	74.3363	0.338225
1	121	74	121.406	74.5209	0.660391
1	121	74	120.642	74.5569	0.662188
1	121	74	121.306	74.4544	0.547703
1	121	74	121.256	74.0006	0.256069
1	121	74	121.37	74.1937	0.417275
1	121	74	121.17	74.1501	0.227011
1	121	74	121.321	74.1793	0.367327
1	121	74	121.194	74.0485	0.199771
1	121	74	120.975	74.2985	0.299555
1	121	74	120.616	74.2396	0.452539
1	121	74	120.916	73.6726	0.338094
1	121	74	121.063	74.015	0.0646359
1	121	74	120.93	74.7661	0.769327
1	121	74	121.036	73.8757	0.129341
1	121	74	121.504	74.4805	0.696473
1	121	74	121.271	74.4901	0.560245
1	121	74	120.69	74.3914	0.499494
1	121	74	120.822	74.0562	0.18691
1	121	74	120.787	74.3841	0.439337
1	121	74	120.873	73.8897	0.168515
1	121	74	120.953	74.1192	0.12808
1	121	74	121.073	74.6681	0.672086
1	121	74	120.842	74.3492	0.383445
1	121	74	121.219	74.5845	0.62403
1	121	74	121.058	74.5231	0.526301
1	121	74	120.83	74.3627	0.400436
1	121	74	121.107	73.9232	0.13203
1	121	74	121.009	74.2921	0.292175
1	121	74	121.092	73.9583	0.100706
1	121	74	120.955	74.0571	0.0725326
1	121	74	120.776	74.1533	0.271463
1	121	74	121.386	74.5799	0.696529
1	121	74	121.232	74.0241	0.232844
1	121	74	120.655	74.4007	0.529045
1	121	74	120.707	74.3111	0.427178
1	121	74	120.905	74.3843	0.395893
1	121	74	129.16	79.9247	10.0837
1	121	74	120.653	74.5765	0.673104
1	121	74	120.811	74.1937	0.270752
1	121	74	120.91	74.1998	0.219018
1	121	74	123.006	75.8643	2.73861
1	121	74	121.298	74.1888	0.352792
1	121	74	121.003	73.855	0.145047
1	121	74	121.139	74.4588	0.479297
1	121	74	121.585	74.4065	0.712388
1	121	74	120.766	74.2305	0.328199
1	121	74	120.492	74.4812	0.69965
1	121	74	120.876	74.2976	0.32251
1	121	74	121.125	74.0636	0.140199
1	121	74	121.118	74.0594	0.131996
1	121	74	121.532	74.5826	0.789253
1	121	74	120.825	74.6463	0.669629
1	121	74	121.37	74.2009	0.420945
1	121	74	121.202	74.435	0.479755
1	121	74	120.962	74.0446	0.0585584
1	121	74	120.939	74.3137	0.319611
1	121	74	123.094	76.0958	2.96258
1	121	74	120.832	73.9006	0.194769
1	121	74	118.107	72.7985	3.13217
1	121	74	121.078	74.5973	0.602325
1	121	74	120.692	74.1856	0.359647
1	121	74	120.631	74.49	0.613228
1	121	74	122.258	74.4382	1.33212
1	121	74	121.249	74.545	0.599208
1	121	74	121.135	74.6034	0.618263
1	121	74	120.843	73.7903	0.261791
1	121	74	121.345	74.2502	0.426084
1	121	74	120.794	74.0081	0.206468
1	121	74	120.815	74.5067	0.539507
1	121	74	121.605	74.1278	0.618365
1	121	74	121.381	74.3448	0.513935
1	121	74	121.582	74.4911	0.761913
1	121	74	121.112	74.7159	0.724664
1	121	74	120.601	74.2677	0.480825
1	121	74	121.643	74.4159	0.765555
1	121	74	120.862	74.3418	0.368567
1	121	74	120.682	76.8872	2.90469
1	121	74	121.222	74.1206	0.25228
1	121	74	120.916	74.3374	0.347741
1	121	74	120.82	74.4694	0.502732
1	121	74	120.879	74.0457	0.129355
1	121	74	120.734	73.9804	0.266371
1	121	74	121.115	74.3101	0.330744
1	121	74	121.043	74.3108	0.313731
1	121	74	121.273	74.4235	0.503727
1	121	74	120.998	74.3874	0.387448
1	121	74	121.222	74.8522	0.880636
1	121	74	121.427	74.4917	0.65131
1	121	74	120.593	74.5739	0.703624
1	121	74	120.871	74.2636	0.29359
1	121	74	121.338	74.0695	0.344661
1	121	74	118.423	79.0769	5.69364
1	121	74	119.815	73.3034	1.3743
1	121	74	121.661	74.3964	0.770692
1	121	74	121.528	74.5138	0.736987
1	121	74	120.715	74.557	0.625651
1	121	74	121.361	74.7584	0.840122
1	121	74	120.733	74.0443	0.27036
1	121	74	121.422	74.0306	0.423257
1	121	74	120.919	74.0333	0.0879802
1	121	74	121.304	74.6047	0.676677
1	121	74	121.312	73.9194	0.322288
1	121	74	121.45	74.329	0.557334
1	121	74	119.629	73.2558	1.56006
1	121	74	121.121	73.9015	0.156041
1	121	74	120.538	74.6234	0.776107
1	121	74	121.19	74.0531	0.197071
1	121	74	121.327	74.3461	0.475824
1	121	74	120.996	74.2064	0.206424
1	121	74	121.017	74.2108	0.211515
1	121	74	120.949	73.7841	0.221977
1	121	74	120.585	74.2282	0.473698
1	121	74	120.903	73.8895	0.146951
1	121	74	120.752	74.2866	0.379068
1	121	74	120.833	74.2258	0.280798
1	121	74	121.706	74.2471	0.74821
1	121	74	121.329	74.7068	0.779557
1	121	74	121.551	74.4383	0.70429
1	121	74	120.923	73.862	0.157885
1	121	74	120.625	74.53	0.649447
1	121	74	121.508	74.3088	0.594503
1	121	74	120.939	74.108	0.123892
1	121	74	121.078	74.3637	0.371841
1	121	74	120.922	73.7007	0.309439
1	121	74	121.064	74.122	0.137822
1	121	74	121.342	73.9204	0.351448
1	121	74	121.367	74.703	0.792983
1	121	74	121.327	74.7681	0.834895
1	121	74	121.177	74.084	0.195721
1	121	74	135.752	84.4497	18.0784
1	121	74	121.107	74.2995	0.318007
1	121	74	120.874	74.0071	0.126598
1	121	74	120.572	74.4345	0.609611
1	121	74	121.214	74.604	0.640743
1	121	74	120.605	74.1989	0.441949
1	121	74	120.723	74.7064	0.758949
1	121	74	99.3572	80.0649	22.4765
1	121	74	120.932	74.7002	0.703495
1	121	74	121.451	74.4552	0.640502
1	121	74	121.064	74.3976	0.402735
1	121	74	120.558	74.2311	0.498937
1	121	74	121.296	74.361	0.466927
1	121	74	121.324	74.713	0.783393
1	121	74	120.8	74.1055	0.226138
1	121	74	121.086	73.8131	0.205704
1	121	74	121.013	73.594	0.406203
1	121	74	120.832	74.6068	0.629697
1	121	74	121.448	74.2598	0.517906
1	121	74	120.825	74.605	0.629694
1	121	74	120.845	74.0965	0.182307
1	121	74	121.322	74.4532	0.555815
1	121	74	120.958	73.9394	0.0736592
1	121	74	121.005	74.7204	0.72039
1	121	74	120.958	74.6769	0.678224
1	121	74	121.325	74.1434	0.354923
1	121	74	122	76.3383	2.54307
1	121	74	121.362	74.6421	0.737101
1	121	74	97.9843	97.4377	32.8489
1	121	74	121.256	73.9001	0.274945
1	121	74	120.534	74.2854	0.546876
1	121	74	93.4346	55.341	33.2868
1	121	74	121.262	73.7693	0.348725
1	121	74	121.266	74.2573	0.369903
1	121	74	120.833	74.2612	0.310027
1	121	74	120.554	74.3377	0.559228
1	121	74	101.25	83.9821	22.1289
1	121	74	121.063	74.6133	0.616549
1	121	74	99.5055	97.438	31.8018
1	121	74	120.954	74.0486	0.0665529
1	121	74	120.903	74.3367	0.350356
1	121	74	121.017	74.4867	0.487026
1	121	74	121.026	74.7806	0.781068
1	121	74	120.832	74.3681	0.404575
1	121	74	121.288	74.32	0.43044
1	121	74	120.992	74.4043	0.404345
1	121	74	120.933	73.7396	0.26886
1	121	74	121.041	74.2779	0.280835
1	121	74	121.35	74.3942	0.527453
1	121	74	120.802	74.6726	0.701041
1	121	74	121.036	74.2513	0.253848
1	121	74	120.564	74.5541	0.705088
1	121	74	120.79	73.8646	0.249901
1	121	74	121.743	74.085	0.748238
1	121	74	121.599	74.071	0.603368
1	121	74	121.936	72.453	1.80796
1	121	74	120.815	74.7844	0.805935
1	121	74	121.363	73.8865	0.379986
1	121	74	120.761	73.7443	0.349843
1	121	74	121.036	74.8641	0.864867
1	121	74	120.685	73.9457	0.320046
1	121	74	120.551	74.505	0.675625
1	121	74	121.152	73.916	0.173558
1	121	74	121.52	74.2535	0.578788
1	121	74	121.281	74.0889	0.294612
1	121	74	121.272	74.1031	0.290481
1	121	74	120.973	74.1585	0.16074
1	121	74	121.282	74.2734	0.39296
1	121	74	121.024	74.224	0.225344
1	121	74	120.997	74.7871	0.78709
1	121	74	120.665	74.2362	0.410277
1	121	74	121.472	73.9868	0.472485
1	121	74	101.583	97.4385	30.4364
1	121	74	120.926	73.8816	0.139518
1	121	74	120.982	73.7252	0.275377
1	121	74	121.03	74.2119	0.214032
1	121	74	120.677	74.6161	0.695682
1	121	74	120.69	73.9126	0.322345
1	121	74	121.373	74.6424	0.74294
1	121	74	120.924	74.2192	0.232108
1	121	74	121.292	74.6659	0.727107
1	121	74	121.089	74.1868	0.206704
1	121	74	121.451	74.1105	0.464776
1	121	74	121.772	74.1872	0.79418
1	121	74	120.721	73.9863	0.278857
1	121	74	121.315	74.1177	0.336046
1	121	74	121.096	74.8769	0.882198
1	121	74	120.441	74.5196	0.763374
1	121	74	120.959	74.2118	0.215789
1	121	74	120.982	73.6509	0.34955
1	121	74	121.479	74.4435	0.652591
1	121	74	120.941	74.3954	0.399834
1	121	74	120.712	74.3963	0.489913
1	121	74	121.021	73.904	0.0982203
1	121	74	121.483	74.3369	0.588684
1	121	74	121.082	74.3678	0.376958
1	121	74	121.228	74.2122	0.311497
1	121	74	121.152	73.8494	0.214231
1	121	74	121.052	73.9812	0.0554721
1	121	74	121.242	74.937	0.967593
1	121	74	120.953	74.7163	0.717783
1	121	74	121.337	74.1541	0.370529
1	121	74	118.678	79.6725	6.12924
1	121	74	121.44	74.1808	0.475275
1	121	74	121.448	73.9873	0.448055
1	121	74	121.197	74.2107	0.288639
1	121	74	120.754	74.6902	0.732771
1	121	74	120.813	74.6543	0.680471
1	121	74	120.946	74.2853	0.290276
1	121	74	121.057	74.0338	0.0664167
1	121	74	120.548	74.5131	0.68381
1	121	74	121.348	74.7163	0.796279
1	121	74	120.389	77.0026	3.06412
1	121	74	120.697	74.6313	0.700404
1	121	74	121.263	74.4284	0.502617
1	121	74	121.095	74.6914	0.697931
1	121	74	120.68	74.5422	0.629776
1	121	74	121.172	74.6887	0.709937
1	121	74	124.766	76.603	4.57774
1	121	74	121.512	74.0522	0.514632
1	121	74	120.856	74.6036	0.620539
1	121	74	121.582	74.1213	0.594706
1	121	74	108.342	96.8255	26.1003
1	121	74	121.331	74.1073	0.347564
1	121	74	120.91	74.3781	0.3886
1	121	74	121.072	74.4205	0.426678
1	121	74	121.764	74.1338	0.775805
1	121	74	120.962	74.4037	0.405438
1	121	74	124.165	75.877	3.67997
1	121	74	121.033	74.7498	0.750527
1	121	74	121.027	73.7884	0.21331
1	121	74	120.831	74.3114	0.354514
1	121	74	120.699	74.0036	0.300858
1	121	74	120.521	74.2818	0.555575
1	121	74	121.19	74.7738	0.796848
1	121	74	103.543	87.5094	22.0738
1	121	74	120.547	74.1546	0.478754
1	121	74	107.692	65.6945	15.6875
1	121	74	121.052	74.8287	0.830348
1	121	74	121.093	74.3483	0.360436
1	121	74	121.123	74.9195	0.927752
1	121	74	121.304	74.1572	0.342232
1	121	74	120.709	73.9167	0.302734
1	121	74	121.39	74.3295	0.510352
1	121	74	121.359	74.0967	0.371823
1	121	74	121.033	74.6063	0.607182
1	121	74	120.683	74.03	0.318552
1	121	74	121.004	73.9006	0.0995103
1	121	74	120.887	74.3426	0.360718
1	121	74	120.965	74.6792	0.680124
1	121	74	120.727	74.0239	0.273628
1	121	74	120.519	74.2566	0.545437
1	121	74	121.523	74.4303	0.677281
1	121	74	120.515	74.5411	0.726929
1	121	74	120.824	74.4966	0.527052
1	121	74	121.271	74.6285	0.684298
1	121	74	111.33	92.5841	20.9492
1	121	74	120.83	74.1203	0.208549
1	121	74	121.114	72.8921	1.11368
1	121	74	120.986	73.6937	0.306618
1	121	74	120.732	74.6129	0.669131
1	121	74	121.162	74.4866	0.512921
1	121	74	98.355	97.4378	32.5903
1	121	74	117.413	80.477	7.40401
1	121	74	120.684	74.5203	0.608694
1	121	74	121.17	73.9659	0.173359
1	121	74	118.16	72.72	3.11551
1	121	74	121.509	74.0769	0.514924
1	121	74	120.925	73.8869	0.135433
1	121	74	121.007	74.8396	0.839659
1	121	74	121.116	74.9376	0.944724
1	121	74	121.543	74.3584	0.650824
1	121	74	120.881	74.5868	0.598814
1	121	74	120.848	74.4834	0.506645
1	121	74	120.672	74.3564	0.484343
1	121	74	121.065	74.1688	0.180894
1	121	74	121.57	74.0614	0.573145
1	121	74	120.054	76.9252	3.07441
1	121	74	121.256	74.5061	0.56703
1	121	74	121.159	73.8169	0.242785
1	121	74	121.173	74.471	0.501783
1	121	74	120.64	74.5592	0.664881
1	121	74	119.008	73.2766	2.11957
1	121	74	121.139	74.1039	0.17344
1	121	74	120.95	74.3479	0.351525
1	121	74	120.461	74.3977	0.669529
1	121	74	120.535	74.1628	0.49221
1	121	74	121.29	74.5301	0.604222
1	121	74	120.982	74.2303	0.231004
1	121	74	105.142	90.0322	22.55
1	121	74	120.978	74.5976	0.598027
1	121	74	101.571	97.4385	30.4442
1	121	74	120.744	74.0051	0.256132
1	121	74	121.526	74.3653	0.640165
1	121	74	120.765	74.5616	0.608925
1	121	74	121.427	73.9706	0.428494
1	121	74	107.118	94.2983	24.5913
1	121	74	121.119	74.6638	0.674383
1	121	74	121.5	73.9986	0.499918
1	121	74	121.467	74.1384	0.48681
1	121	74	121.322	74.3357	0.4652
1	121	74	120.5	74.2232	0.547797
1	121	74	121.044	73.6941	0.309126
1	121	74	121.283	73.8704	0.311722
1	121	74	105.137	91.6018	23.6955
1	121	74	119.343	73.235	1.82475
1	121	74	121.495	74.2459	0.552923
1	121	74	120.941	74.427	0.431064
1	121	74	137.566	84.4085	19.5643
1	121	74	123.965	76.891	4.14145
1	121	74	121.153	73.755	0.288887
1	121	74	121.453	74.6403	0.784559
1	121	74	121.023	74.2232	0.224384
1	121	74	121.069	74.8137	0.816591
1	121	74	121.567	74.3798	0.682818
1	121	74	120.717	73.5942	0.494773
1	121	74	120.98	74.1842	0.185304
1	121	74	121.473	74.4679	0.665646
1	121	74	120.111	74.3624	0.960478
1	121	74	120.409	74.5205	0.787743
1	121	74	120.951	73.8544	0.153723
1	121	74	120.914	74.0423	0.0957623
1	121	74	121.058	74.4969	0.500307
1	121	74	120.925	74.0756	0.106242
1	121	74	120.641	74.314	0.476622
1	121	74	121.23	74.7663	0.80022
1	121	74	120.933	73.8077	0.203633
1	121	74	120.785	74.1183	0.245187
1	121	74	120.618	74.2881	0.478103
1	121	74	121.584	74.2422	0.631854
1	121	74	121.225	74.321	0.391959
1	121	74	120.737	74.0855	0.276913
1	121	74	120.759	74.2754	0.366277
1	121	74	121.402	74.7378	0.840328
1	121	74	121.021	73.8369	0.164426
1	121	74	120.585	74.4367	0.602235
1	121	74	121.187	74.4611	0.49742
1	121	74	120.868	74.1237	0.180886
1	121	74	121.017	74.0081	0.0185518
1	121	74	120.872	74.6935	0.705182
1	121	74	105.452	91.6928	23.5539
1	121	74	121.123	74.3379	0.359696
1	121	74	121.032	74.1087	0.113315
1	121	74	121.576	74.027	0.57659
1	121	74	121.429	73.9858	0.429359
1	121	74	121.173	74.4866	0.516375
1	121	74	120.915	73.7827	0.233388
1	121	74	121.234	74.3844	0.450046
1	121	74	121.401	74.3167	0.511257
1	121	74	121.019	74.5846	0.584954
1	121	74	100.99	97.4384	30.8181
1	121	74	120.946	74.6637	0.665899
1	121	74	120.889	74.5868	0.59725
1	121	74	120.996	74.2534	0.253387
1	121	74	120.995	74.3913	0.391356
1	121	74	120.521	74.5295	0.713862
1	121	74	122.246	76.4488	2.74772
1	121	74	120.748	73.8043	0.319368
1	121	74	120.913	74.2281	0.244232
1	121	74	118.437	72.9627	2.76459
1	121	74	121.163	74.1884	0.24909
1	121	74	120.59	74.3806	0.559226
1	121	74	120.61	74.6407	0.749886
1	121	74	121.417	73.8614	0.439305
1	121	74	104.302	89.158	22.5521
1	121	74	121.689	74.2327	0.727214
1	121	74	120.907	74.0294	0.097096
1	121	74	121.231	74.2849	0.367025
1	121	74	120.905	74.5454	0.55364
1	121	74	120.986	73.707	0.293372
1	121	74	120.563	74.635	0.770813
1	121	74	120.95	74.3584	0.361879
1	121	74	120.693	74.4241	0.523838
1	121	74	121.11	73.8894	0.156118
1	121	74	120.888	73.6209	0.395378
1	121	74	120.985	74.8202	0.820379
1	121	74	128.144	79.005	8.72258
1	121	74	121.144	74.7775	0.790786
1	121	74	120.758	74.1309	0.275277
1	121	74	121.504	74.4438	0.671899
1	121	74	120.666	74.1722	0.37581
1	121	74	121.178	74.44	0.47475
1	121	74	121.54	74.3446	0.640886
1	121	74	120.499	74.5495	0.743781
1	121	74	121.017	74.552	0.552269
1	121	74	121.489	74.6379	0.804063
1	121	74	120.993	74.2663	0.266431
1	121	74	121.33	74.0881	0.341195
1	121	74	120.58	74.3994	0.579321
1	121	74	121.078	73.991	0.0787903
1	121	74	121.371	74.1971	0.420138
1	121	74	121.386	74.0877	0.395376
1	121	74	120.837	74.1569	0.2263
1	121	74	120.993	74.0808	0.0810768
1	121	74	121.071	74.4453	0.450895
1	121	74	121.187	74.8283	0.849264
1	121	74	122.747	74.7321	1.89439
1	121	74	120.867	74.2542	0.286815
1	121	74	99.1427	80.4653	22.7935
1	121	74	121.089	74.4406	0.449431
1	121	74	120.914	74.2523	0.266673
1	121	74	121.084	74.4301	0.438167
1	121	74	120.934	74.2461	0.254799
1	121	74	120.901	74.1863	0.210966
1	121	74	120.651	74.5532	0.653876
1	121	74	120.727	74.6292	0.685959
1	121	74	121.337	74.1061	0.352919
1	121	74	120.679	74.5696	0.653605
1	121	74	121.15	73.9053	0.177183
1	121	74	121.468	74.212	0.513912
1	121	74	120.886	74.2062	0.23561
1	121	74	136.087	84.2491	18.2393
1	121	74	121.041	73.7747	0.228998
1	121	74	121.612	74.0903	0.618448
1	121	74	121.186	74.5695	0.59896
1	121	74	136.494	84.4423	18.684
1	121	74	121.143	74.1778	0.228412
1	121	74	120.836	74.3348	0.372814
1	121	74	121.495	76.3062	2.35881
1	121	74	120.776	74.6351	0.673394
1	121	74	120.766	73.9578	0.23816
1	121	74	99.2159	97.438	31.9982
1	121	74	121.506	74.0655	0.510572
1	121	74	121.325	74.5482	0.637552
1	121	74	121.218	74.6106	0.648416
1	121	74	121.427	74.3915	0.57895
1	121	74	121.189	73.9145	0.207062
1	121	74	121.423	74.0935	0.433566
1	121	74	120.867	74.3212	0.347543
1	121	74	121.211	74.3386	0.398753
1	121	74	120.834	74.248	0.298116
1	121	74	121.239	74.0795	0.252016
1	121	74	120.631	74.1373	0.393763
1	121	74	118.395	79.3613	5.96084
1	121	74	121.003	74.7389	0.738938
1	121	74	121.38	74.3534	0.518738
1	121	74	121.158	73.7457	0.299248
1	121	74	120.669	74.359	0.488105
1	121	74	120.974	74.2363	0.237732
1	121	74	119.185	78.5765	4.92312
1	121	74	121.081	73.7999	0.215789
1	121	74	103.156	87.505	22.3785
1	121	74	120.838	74.449	0.477402
1	121	74	121.624	74.2264	0.664242
1	121	74	120.429	74.412	0.704401
1	121	74	121.35	74.0299	0.35149
1	121	74	118.244	78.8085	5.54218
1	121	74	120.888	74.4642	0.477565
1	121	74	120.944	74.3646	0.36882
1	121	74	121.741	74.2461	0.780474
1	121	74	121.334	75.2524	1.29632
1	121	74	121.263	74.2161	0.340517
1	121	74	121.044	74.3877	0.390214
1	121	74	121.523	74.3493	0.629127
1	121	74	120.89	74.119	0.161762
1	121	74	121.282	74.1539	0.32163
1	121	74	121.39	74.0959	0.402062
1	121	74	118.529	72.819	2.73836
1	121	74	121.032	74.7673	0.76798
1	121	74	120.816	74.4713	0.50604
1	121	74	120.547	74.2987	0.542424
1	121	74	120.644	74.4013	0.536641
1	121	74	120.742	74.1497	0.297847
1	121	74	120.731	74.0138	0.269753
1	121	74	120.774	73.8359	0.279619
1	121	74	121.434	74.3945	0.586777
1	121	74	121.387	74.1321	0.409176
1	121	74	121.269	73.9135	0.282805
1	121	74	120.959	73.9866	0.042772
1	121	74	121.308	74.0591	0.313322
1	121	74	120.83	74.1449	0.223596
1	121	74	120.629	74.6042	0.708785
1	121	74	121.505	74.0622	0.508692
1	121	74	120.99	74.1026	0.103132
1	121	74	121.31	74.5661	0.645462
1	121	74	120.925	74.0443	0.0869943
1	121	74	120.843	74.0055	0.157427
1	121	74	121.413	74.7181	0.828142
1	121	74	121.487	74.1123	0.500132
1	121	74	120.849	72.4001	1.60704
1	121	74	120.967	73.9928	0.0339826
1	121	74	121.537	74.3563	0.644335
1	121	74	118.811	72.9046	2.4478
1	121	74	121.412	73.9647	0.413269
1	121	74	121.477	74.1713	0.50685
1	121	74	120.683	74.2334	0.393754
1	121	74	118.51	73.3082	2.58403
1	121	74	120.774	74.26	0.344248
1	121	74	120.993	74.0088	0.0111763
1	121	74	121.735	74.2122	0.764552
1	121	74	101.57	97.4385	30.4447
1	121	74	121.187	73.9762	0.188371
1	121	74	120.769	73.9757	0.232191
1	121	74	121.311	74.4169	0.520147
1	121	74	121.615	74.2889	0.679944
1	121	74	121.162	74.4235	0.45347
1	121	74	121.526	74.4492	0.691914
1	121	74	98.0153	97.4377	32.8272
1	121	74	121.37	74.1218	0.389391
1	121	74	120.548	74.0522	0.455165
1	121	74	106.968	94.4971	24.8403
1	121	74	118.461	72.8895	2.77095
1	121	74	121.436	74.3764	0.575979
1	121	74	121.392	74.1812	0.432121
1	121	74	121.303	74.6945	0.757613
1	121	74	121.226	74.0718	0.237427
1	121	74	121.508	74.0349	0.509612
1	121	74	121.113	74.8331	0.840759
1	121	74	120.453	73.8077	0.579497
1	121	74	120.979	74.1728	0.174102
1	121	74	121.144	74.1294	0.19342
1	121	74	120.601	74.5225	0.657322
1	121	74	121.005	74.2434	0.243435
1	121	74	121.007	74.3951	0.39513
1	121	74	105.319	91.1312	23.2244
1	121	74	120.706	74.5531	0.626381
1	121	74	117.908	80.2756	6.99613
1	121	74	120.794	74.4469	0.492086
1	121	74	121.262	74.8602	0.899281
1	121	74	120.78	74.4883	0.535585
1	121	74	120.98	73.7634	0.23742
1	121	74	121.074	74.4554	0.461408
1	121	74	120.915	74.4063	0.415172
1	121	74	121.127	74.689	0.700616
1	121	74	120.717	74.4532	0.534482
1	121	74	120.994	74.3554	0.35547
1	121	74	120.61	74.302	0.493138
1	121	74	120.716	74.3454	0.447382
1	121	74	120.834	74.0497	0.173276
1	121	74	120.899	73.861	0.171982
1	121	74	121.375	73.9293	0.38178
1	121	74	121.178	74.8025	0.82195
1	121	74	121.178	73.9732	0.180358
1	121	74	121.075	73.7704	0.241571
1	121	74	100.41	97.4382	31.198
1	121	74	120.765	74.0981	0.254476
1	121	74	120.643	74.531	0.640097
1	121	74	121.167	74.6016	0.624437
1	121	74	120.931	73.7641	0.245832
1	121	74	121.207	74.8639	0.88837
1	121	74	120.386	74.0365	0.614597
1	121	74	120.707	74.1083	0.312532
1	121	74	101.339	83.0386	21.6387
1	121	74	121.145	73.8792	0.188386
1	121	74	120.852	74.6174	0.634876
1	121	74	136.97	84.5275	19.1275
1	121	74	120.862	74.2144	0.255069
1	121	74	120.562	74.2131	0.487011
1	121	74	121.273	74.1392	0.306011
1	121	74	120.788	73.9435	0.219347
1	121	74	121.62	74.0988	0.627368
1	121	74	121.267	74.2646	0.37597
1	121	74	121.221	74.411	0.466722
1	121	74	120.914	74.1655	0.186626
1	121	74	121.064	74.5101	0.514129
1	121	74	121.381	74.1304	0.402953
1	121	74	120.778	74.2984	0.372111
1	121	74	120.603	74.3926	0.558542
1	121	74	121.549	74.1308	0.564081
1	121	74	120.53	74.2351	0.525097
1	121	74	120.748	74.0263	0.253473
1	121	74	118.904	73.4575	2.16467
1	121	74	118.309	73.138	2.82534
1	121	74	120.505	74.1391	0.514102
1	121	74	92.8667	55.1592	33.8594
1	121	74	120.941	74.315	0.320477
1	121	74	121.231	74.2647	0.351309
1	121	74	121.403	74.2156	0.457289
1	121	74	121.099	74.6317	0.639336
1	121	74	120.64	74.3741	0.519037
1	121	74	120.832	74.4358	0.467181
1	121	74	121.445	73.9218	0.451324
1	121	74	121.198	74.4875	0.526031
1	121	74	124.95	77.2259	5.09994
1	121	74	121.019	74.7511	0.751363
1	121	74	121.379	74.4067	0.555628
1	121	74	120.96	74.8073	0.808308
1	121	74	120.969	74.6002	0.600987
1	121	74	120.606	74.1536	0.422653
1	121	74	120.999	74.0936	0.0936239
1	121	74	121.597	74.3992	0.717756
1	121	74	121.081	74.1443	0.165267
1	121	74	121.189	73.9944	0.18917
1	121	74	121.249	74.3053	0.393673
1	121	74	121.293	74.1836	0.346131
1	121	74	136.633	84.4792	18.8203
1	121	74	121.429	73.9724	0.429809
1	121	74	120.871	73.7303	0.299038
1	121	74	121.311	74.7345	0.797701
1	121	74	106.721	94.2649	24.7901
1	121	74	101.516	97.4385	30.4792
1	121	74	120.897	74.0283	0.106952
1	121	74	120.696	74.2498	0.393283
1	121	74	121.113	73.9524	0.12274
1	121	74	121.536	74.1031	0.545333
1	121	74	121.384	73.9478	0.387151
1	121	74	120.913	74.8732	0.877523
1	121	74	121.558	74.0937	0.565573
1	121	74	120.688	74.438	0.537696
1	121	74	120.839	74.4145	0.444841
1	121	74	121.3	74.5986	0.66942
1	121	74	120.655	74.2306	0.415278
1	121	74	121.19	73.883	0.222892
1	121	74	121.153	74.0935	0.179211
1	121	74	121.315	74.7492	0.812736
1	121	74	119.41	78.366	4.64668
1	121	74	121.457	74.4775	0.660886
1	121	74	121.21	74.3881	0.44136
1	121	74	121.061	74.0633	0.0880263
1	121	74	120.584	74.6295	0.754575
1	121	74	119.559	76.9576	3.28981
1	121	74	136.565	84.2928	18.6605
1	121	74	104.468	89.202	22.4593
1	121	74	120.832	74.7504	0.768939
1	121	74	121.999	75.7855	2.0459
1	121	74	120.984	73.7762	0.224406
1	121	74	120.843	73.8075	0.248201
1	121	74	121.416	74.015	0.416749
1	121	74	120.953	74.7247	0.726233
1	121	74	121.096	74.7726	0.778472
1	121	74	124.676	76.6977	4.55939
1	121	74	120.937	74.6913	0.694097
1	121	74	120.764	74.3854	0.452081
1	121	74	120.5	74.5556	0.747519
1	121	74	120.89	74.3636	0.379955
1	121	74	121.061	74.2516	0.258959
1	121	74	121.087	74.1087	0.138965
1	121	74	120.992	74.0033	0.00864799
1	121	74	120.863	74.0456	0.144451
1	121	74	120.948	74.6975	0.699406
1	121	74	101.349	83.529	21.8398
1	121	74	100.698	83.2906	22.3271
1	121	74	121.061	74.2507	0.257971
1	121	74	121.193	73.8199	0.264277
1	121	74	120.74	74.3839	0.463862
1	121	74	121.459	74.1272	0.476167
1	121	74	120.896	74.3839	0.397902
1	121	74	101.009	97.4384	30.806
1	121	74	117.942	79.3153	6.13193
1	121	74	121.635	74.2696	0.689834
1	121	74	121.033	74.6219	0.622788
1	121	74	118.993	79.092	5.47329
1	121	74	99.0987	97.438	32.0781
1	121	74	120.665	74.2625	0.425294
1	121	74	121.043	74.543	0.544728
1	121	74	121.037	74.4364	0.438036
1	121	74	121.355	74.5457	0.651184
1	121	74	120.979	73.9988	0.0209824
1	121	74	120.979	74.1313	0.132949
1	121	74	121.369	74.4111	0.552372
1	121	74	121.478	74.4649	0.667101
1	121	74	121.071	73.7963	0.215849
1	121	74	108.308	96.6866	25.9955
1	121	74	121.232	74.8232	0.85521
1	121	74	120.994	74.3509	0.350908
1	121	74	120.764	74.5843	0.630009
1	121	74	120.655	74.0809	0.354053
1	121	74	121.296	73.919	0.307163
1	121	74	121.077	74.4807	0.486809
1	121	74	121.511	74.3751	0.634059
1	121	74	121.186	74.0147	0.186212
1	121	74	121.136	74.868	0.878578
1	121	74	120.94	74.4787	0.482439
1	121	74	121.063	74.3633	0.368635
1	121	74	120.982	73.9886	0.0213032
1	121	74	121.139	74.3652	0.39068
1	121	74	121.016	74.2307	0.23123
1	121	74	121.279	74.8282	0.873801
1	121	74	120.764	74.012	0.23652
1	121	74	120.963	74.014	0.0396688
1	121	74	121.578	74.2225	0.61974
1	121	74	121.526	74.599	0.797436
1	121	74	101.505	97.4385	30.4863
1	121	74	120.78	74.6906	0.724819
1	121	74	120.991	73.7086	0.291527
1	121	74	121.773	74.1551	0.788596
1	121	74	120.929	74.52	0.524767
1	121	74	120.926	74.4571	0.463
1	121	74	121.354	74.2514	0.434347
1	121	74	121.062	74.8576	0.859839
1	121	74	136.922	84.6158	19.1364
1	121	74	121.056	73.706	0.299281
1	121	74	120.627	74.6217	0.725074
1	121	74	120.744	74.3737	0.452743
1	121	74	120.979	74.3922	0.392755
1	121	74	121.389	74.3147	0.500196
1	121	74	121.146	74.1373	0.200503
1	121	74	121.31	74.0444	0.31308
1	121	74	120.822	73.8886	0.210295
1	121	74	108.585	96.8547	26.0091
1	121	74	121.127	74.71	0.721242
1	121	74	121.15	73.8238	0.231125
1	121	74	120.905	74.297	0.311759
1	121	74	121.068	74.3801	0.386106
1	121	74	117.772	79.6611	6.5169
1	121	74	119.426	73.381	1.69123
1	121	74	129.011	79.6893	9.82547
1	121	74	120.706	74.1212	0.318358
1	121	74	120.777	74.4668	0.51716
1	121	74	120.795	74.2533	0.325747
1	121	74	121.376	74.0464	0.378673
1	121	74	121.307	73.7765	0.379497
1	121	74	120.779	73.9493	0.22712
1	121	74	121.608	74.2147	0.645058
1	121	74	100.106	97.4382	31.3991
1	121	74	121.323	74.502	0.597167
1	121	74	121.173	74.3418	0.382908
1	121	74	121.325	73.9376	0.330966
1	121	74	120.719	74.4781	0.554818
1	121	74	121.368	74.4026	0.545539
1	121	74	120.498	74.2074	0.542781
1	121	74	120.92	74.0619	0.101369
1	121	74	120.875	74.0122	0.125632
1	121	74	121.091	74.5716	0.578766
1	121	74	121.388	74.205	0.43923
1	121	74	121.736	74.1945	0.761005
1	121	74	120.96	74.4529	0.454646
1	121	74	120.695	74.6117	0.683439
1	121	74	120.672	74.5341	0.626635
1	121	74	120.607	74.1991	0.440159
1	121	74	121.219	73.9415	0.226644
1	121	74	120.736	74.0328	0.2657
1	121	74	121.047	74.0761	0.0892775
1	121	74	121.334	74.2708	0.429747
1	121	74	120.857	74.4158	0.439733
1	121	74	120.65	74.3513	0.495599
1	121	74	120.946	74.7177	0.719749
1	121	74	120.846	74.4662	0.490857
1	121	74	121.328	74.1524	0.361249
1	121	74	120.932	74.2158	0.226119
1	121	74	121.667	74.1208	0.67766
1	121	74	120.845	73.8611	0.20778
1	121	74	120.979	74.3791	0.379696
1	121	74	120.855	74.0503	0.153613
1	121	74	121.265	73.9612	0.267859
1	121	74	122.051	74.7639	1.29909
1	121	74	117.838	72.8246	3.37305
1	121	74	121.524	74.1107	0.536023
1	121	74	121.022	74.6653	0.665614
1	121	74	123.72	76.7981	3.90248
1	121	74	121.01	73.9801	0.022307
1	121	74	121.053	74.2557	0.261203
1	121	74	120.861	73.6782	0.35057
1	121	74	120.671	74.2851	0.435653
1	121	74	121.489	74.6046	0.777678
1	121	74	121.616	74.3522	0.709609
1	121	74	120.605	74.2891	0.489699
1	121	74	120.591	74.5493	0.684825
1	121	74	124.002	77.0939	4.3108
1	121	74	120.804	74.6557	0.684318
1	121	74	122.65	76.4553	2.95823
1	121	74	121.021	73.7676	0.233412
1	121	74	121.359	74.1069	0.374264
1	121	74	120.933	74.1936	0.204993
1	121	74	120.991	73.8898	0.110623
1	121	74	121.282	73.8705	0.310729
1	121	74	121.207	74.0734	0.219514
1	121	74	121.363	74.2837	0.460834
1	121	74	120.512	74.3059	0.575568
1	121	74	99.4923	80.0065	22.3307
1	121	74	121.444	74.6771	0.809579
1	121	74	121.255	74.0994	0.273779
1	121	74	120.848	74.0401	0.157394
1	121	74	120.618	76.9843	3.0087
1	121	74	120.782	74.2343	0.319929
1	121	74	121.268	73.8864	0.290961
1	121	74	121.678	74.1671	0.698756
1	121	74	121.23	74.3306	0.4028
1	121	74	120.592	74.5563	0.689921
1	121	74	120.894	73.9746	0.109059
1	121	74	121.367	74.2285	0.432228
1	121	74	120.89	74.0619	0.125948
1	121	74	121.306	72.806	1.23255
1	121	74	121.06	73.7158	0.290364
1	121	74	120.781	74.7562	0.787292
1	121	74	121.325	73.9063	0.337856
1	121	74	118.299	78.855	5.55575
1	121	74	121.198	74.768	0.792985
1	121	74	120.942	74.2484	0.25495
1	121	74	120.763	74.4484	0.50705
1	121	74	119.045	79.3121	5.66026
1	121	74	120.463	74.1587	0.560118
1	121	74	98.949	97.4379	32.1805
1	121	74	120.613	74.5071	0.638166
1	121	74	121.804	74.3607	0.881067
1	121	74	121.239	74.6432	0.686198
1	121	74	121.549	74.0131	0.549177
1	121	74	121.423	74.4183	0.59507
1	121	74	122.636	76.5355	3.01763
1	121	74	120.654	74.4526	0.569676
1	121	74	120.951	74.7702	0.771746
1	121	74	121.145	74.6547	0.670575
1	121	74	121.406	74.2982	0.504078
1	121	74	136.78	84.4035	18.901
1	121	74	121.051	73.8731	0.136866
1	121	74	120.87	74.6349	0.648203
1	121	74	118.256	72.7015	3.03565
1	121	74	120.65	74.4081	0.537661
1	121	74	121.016	74.1183	0.119354
1	121	74	135.983	84.8011	18.4703
1	121	74	120.903	74.2653	0.282508
1	121	74	120.547	74.46	0.645616
1	121	74	100.564	97.4383	31.0966
1	121	74	121.197	74.1018	0.221836
1	121	74	121.294	73.9852	0.294148
1	121	74	121.551	74.4384	0.703908
1	121	74	121.086	74.3891	0.398515
1	121	74	120.957	74.3885	0.390876
1	121	74	120.603	74.2709	0.480392
1	121	74	121.134	74.7729	0.78449
1	121	74	107.407	94.5633	24.6501
1	121	74	120.93	73.9411	0.0914681
1	121	74	73.5523	87.5052	49.3323
1	121	74	121.237	74.591	0.636735
1	121	74	103.25	86.8677	21.9238
1	121	74	120.678	74.0729	0.32988
1	121	74	121.17	74.4469	0.478044
1	121	74	104.986	90.4849	22.983
1	121	74	108.243	96.7397	26.0737
1	121	74	120.346	77.1508	3.21797
1	121	74	120.934	74.4555	0.460194
1	121	74	120.998	74.5827	0.582746
1	121	74	120.747	74.5957	0.647251
1	121	74	121.324	74.4142	0.526088
1	121	74	120.614	74.5758	0.693352
1	121	74	120.866	74.2359	0.271245
1	121	74	120.995	74.1968	0.196846
1	121	74	121.352	74.4939	0.606671
1	121	74	120.437	74.5142	0.762709
1	121	74	120.979	74.7485	0.748831
1	121	74	121.161	74.3812	0.413745
1	121	74	121.364	74.5307	0.643581
1	121	74	121.038	73.7794	0.223802
1	121	74	120.967	74.0254	0.0413425
1	121	74	121.274	74.1218	0.300091
1	121	74	120.759	74.4416	0.503164
1	121	74	121.262	74.5225	0.584441
1	121	74	121.191	74.2071	0.281648
1	121	74	123.743	76.359	3.61773
1	121	74	121.574	74.149	0.593064
1	121	74	121.637	74.2466	0.683278
1	121	74	120.786	74.0986	0.236056
1	121	74	120.682	74.2042	0.377865
1	121	74	121.384	74.1736	0.421076
1	121	74	121.135	74.4171	0.438494
1	121	74	121.159	74.2069	0.261122
1	121	74	120.905	73.8255	0.198558
1	121	74	103.959	88.1604	22.1567
1	121	74	120.629	74.104	0.385023
1	121	74	120.866	74.3748	0.397955
1	121	74	120.779	74.3572	0.42024
1	121	74	120.926	74.6336	0.637841
1	121	74	120.567	74.3184	0.537328
1	121	74	101.471	83.5152	21.7235
1	121	74	120.879	74.4939	0.508418
1	121	74	120.959	74.7632	0.764319
1	121	74	101.985	97.4386	30.1814
1	121	74	121.024	74.5066	0.507191
1	121	74	121.024	74.1699	0.171591
1	121	74	121.727	74.2596	0.772043
1	121	74	121.459	73.9431	0.462113
1	121	74	121.003	73.8776	0.122488
1	121	74	129.18	79.9578	10.12
1	121	74	123.164	76.2979	3.15615
1	121	74	120.632	74.5636	0.672933
1	121	74	121.849	76.161	2.32168
1	121	74	121.502	74.0816	0.508106
1	121	74	120.678	73.9465	0.326646
1	121	74	121.691	74.295	0.750983
1	121	74	121.314	74.6272	0.701466
1	121	74	121.046	73.6256	0.377254
1	121	74	121.066	74.2603	0.268411
1	121	74	121.13	73.9238	0.150566
1	121	74	121.317	74.2176	0.384118
1	121	74	120.761	74.3526	0.426035
1	121	74	121.092	74.2937	0.307937
1	121	74	120.744	74.588	0.641263
1	121	74	120.864	74.7695	0.781444
1	121	74	120.447	74.3922	0.677673
1	121	74	122.571	74.7808	1.75389
1	121	74	121.135	74.1394	0.194359
1	121	74	121.28	74.1014	0.297478
1	121	74	121.047	74.284	0.287903
1	121	74	120.822	74.3536	0.395725
1	121	74	121.236	74.6833	0.722768
1	121	74	120.756	74.3818	0.453251
1	121	74	121.162	74.515	0.539961
1	121	74	121.033	74.4306	0.431871
1	121	74	121.355	74.5337	0.641059
1	121	74	120.775	74.102	0.246891
1	121	74	121.012	74.3745	0.374711
1	121	74	120.847	74.6991	0.715631
1	121	74	121.002	74.7195	0.719531
1	121	74	118.521	79.3726	5.91677
