1	121	74	120.574	75.1118	1.19049
1	121	74	120.15	74.0014	0.849806
1	121	74	120.925	74.8594	0.862724
1	121	74	121.138	74.4966	0.515332
1	121	74	120.177	75.0172	1.30836
1	121	74	121.223	75.0549	1.07829
1	121	74	109.305	95.8765	24.8063
1	121	74	120.53	74.15	0.493522
1	121	74	120.278	75.4568	1.62607
1	121	74	120.321	74.4396	0.808558
1	121	74	120.422	73.5907	0.708503
1	121	74	122.263	74.3809	1.31873
1	121	74	121.778	73.7252	0.824724
1	121	74	122.708	73.9255	1.7092
1	121	74	121.402	74.9442	1.02611
1	121	74	137.615	85.0295	19.9426
1	121	74	107.496	94.5822	24.6169
1	121	74	121.697	74.5957	0.916788
1	121	74	120.777	73.8084	0.294253
1	121	74	120.458	75.0834	1.21121
1	121	74	120.736	73.6086	0.471867
1	121	74	119.662	74.7803	1.54892
1	121	74	120.47	73.9808	0.530523
1	121	74	119.626	75.1379	1.78435
1	121	74	120.485	73.9676	0.516173
1	121	74	121.13	74.3386	0.362664
1	121	74	121.077	73.9577	0.088023
1	121	74	121.465	75.7589	1.81921
1	121	74	121.783	75.3072	1.52377
1	121	74	122.083	74.9692	1.45308
1	121	74	121.283	74.9488	0.989996
1	121	74	136.156	84.9913	18.7217
1	121	74	121.634	74.1084	0.643612
1	121	74	121.545	74.6582	0.854362
1	121	74	120.779	73.8157	0.287637
1	121	74	121.77	74.3049	0.828256
1	121	74	120.813	73.9203	0.203568
1	121	74	122.573	73.8999	1.57657
1	121	74	98.4597	97.4378	32.5176
1	121	74	120.842	75.2207	1.23094
1	121	74	120.83	74.577	0.601442
1	121	74	120.415	75.1635	1.3022
1	121	74	121.617	75.2414	1.38628
1	121	74	121.043	73.5735	0.428756
1	121	74	119.655	74.4433	1.41638
1	121	74	120.9	74.4609	0.471602
1	121	74	121.513	74.287	0.587408
1	121	74	122.058	74.8093	1.3324
1	121	74	120.815	73.3419	0.683552
1	121	74	121.843	74.1329	0.853072
1	121	74	121.931	74.2653	0.967806
1	121	74	122.012	74.4036	1.0898
1	121	74	121.974	75.0612	1.44045
1	121	74	121.611	75.7958	1.89674
1	121	74	115.992	72.2879	5.29255
1	121	74	119.581	78.3203	4.54726
1	121	74	119.951	74.3254	1.09861
1	121	74	120.13	75.4223	1.66713
1	121	74	120.79	75.238	1.25572
1	121	74	122.808	73.687	1.83442
1	121	74	127.325	77.9625	7.46355
1	121	74	121.501	75.5082	1.58931
1	121	74	104.631	88.5005	21.8683
1	121	74	120.321	74.2315	0.717394
1	121	74	113.229	89.1532	17.0298
1	121	74	120.693	75.6087	1.63768
1	121	74	120.673	74.7033	0.775695
1	121	74	120.757	75.3235	1.34565
1	121	74	100.735	97.4383	30.9846
1	121	74	121.085	74.511	0.518002
1	121	74	122.367	74.2208	1.38451
1	121	74	110.39	93.7312	22.403
1	121	74	119.666	74.1274	1.34003
1	121	74	109.06	96.5965	25.557
1	121	74	119.409	75.2417	2.0181
1	121	74	121.346	75.3807	1.42332
1	121	74	120.638	73.9561	0.364251
1	121	74	121.065	74.7972	0.799796
1	121	74	121.615	75.5046	1.62559
1	121	74	121.171	75.2499	1.26154
1	121	74	120.989	74.0166	0.0201411
1	121	74	121.5	74.0571	0.503191
1	121	74	120.846	74.3942	0.423359
1	121	74	121.9	74.6027	1.08299
1	121	74	121.693	74.0243	0.693836
1	121	74	122.129	74.9122	1.4517
1	121	74	120.585	74.5819	0.714778
1	121	74	120.951	74.7164	0.718053
1	121	74	121.928	75.6169	1.86436
1	121	74	120.56	74.311	0.539091
1	121	74	103.44	97.4389	29.2871
1	121	74	120.798	74.5344	0.571207
1	121	74	120.738	74.5332	0.594313
1	121	74	121.751	75.9953	2.13188
1	121	74	121.759	73.9359	0.761255
1	121	74	121.41	75.4488	1.50575
1	121	74	120.874	74.3616	0.382908
1	121	74	121.005	73.1399	0.860103
1	121	74	121.87	74.7981	1.18083
1	121	74	120.956	76.0148	2.01523
1	121	74	104.374	88.9307	22.3463
1	121	74	121.679	74.7247	0.993456
1	121	74	104.659	97.4391	28.573
1	121	74	120.942	73.0574	0.944365
1	121	74	120.829	75.5091	1.51869
1	121	74	122.057	74.4566	1.15151
1	121	74	121.039	73.1433	0.857604
1	121	74	120.941	73.53	0.473749
1	121	74	121.163	75.1015	1.11347
1	121	74	121.335	73.6899	0.456434
1	121	74	119.835	74.455	1.25077
1	121	74	104.402	90.6911	23.5389
1	121	74	121.143	74.2538	0.291126
1	121	74	122.534	74.6209	1.6551
1	121	74	120.506	74.2091	0.536687
1	121	74	120.584	73.4845	0.662632
1	121	74	121.13	75.1537	1.16102
1	121	74	120.655	74.9885	1.04709
1	121	74	120.401	74.7121	0.930794
1	121	74	121.407	73.3476	0.769109
1	121	74	121.979	74.8403	1.28996
1	121	74	120.483	73.1899	0.96084
1	121	74	122.121	73.9718	1.1217
1	121	74	124.814	75.2621	4.01713
1	121	74	119.671	74.2733	1.3571
1	121	74	120.833	73.9602	0.171541
1	121	74	106.49	90.9204	22.2902
1	121	74	122.14	73.9517	1.14118
1	121	74	122.991	74.6072	2.08117
1	121	74	121.41	73.9577	0.411722
1	121	74	120.464	73.497	0.735263
1	121	74	120.526	73.9581	0.475959
1	121	74	121.351	73.9631	0.352793
1	121	74	122.009	74.3278	1.06068
1	121	74	121.591	74.641	0.871754
1	121	74	121.198	73.9989	0.197686
1	121	74	121.909	73.5244	1.02591
1	121	74	122.173	74.8576	1.45348
1	121	74	120.724	75.0532	1.08877
1	121	74	121.069	74.8162	0.819079
1	121	74	122.652	73.5839	1.70346
1	121	74	120.896	74.8044	0.811079
1	121	74	121.244	74.3921	0.461596
1	121	74	122.29	73.9257	1.2925
1	121	74	121.577	74.8574	1.03363
1	121	74	116.209	72.7067	4.96244
1	121	74	120.219	75.2774	1.4971
1	121	74	121.483	73.4153	0.758544
1	121	74	121.971	75.3364	1.65185
1	121	74	44.836	97.4263	79.6853
1	121	74	120.567	75.5105	1.57133
1	121	74	120.32	75.4126	1.56762
1	121	74	121.678	75.31	1.47495
1	121	74	121.857	75.2357	1.50356
1	121	74	121.896	74.3963	0.980119
1	121	74	121.043	74.6877	0.689059
1	121	74	120.647	74.366	0.508404
1	121	74	120.811	74.0686	0.201089
1	121	74	121.157	76.7057	2.71022
1	121	74	119.81	74.4238	1.26296
1	121	74	121.587	75.5028	1.61338
1	121	74	120.864	74.2485	0.283113
1	121	74	121.059	74.6786	0.681135
1	121	74	100.392	83.3182	22.6165
1	121	74	121.035	73.6587	0.343128
1	121	74	121.198	74.6962	0.723857
1	121	74	120.771	74.7271	0.762223
1	121	74	121.776	74.1707	0.794543
1	121	74	121.66	73.5619	0.792293
1	121	74	121.847	74.8265	1.18373
1	121	74	122.047	75.2473	1.62819
1	121	74	120.463	73.7705	0.584159
1	121	74	103.024	97.4388	29.5385
1	121	74	122.59	76.6243	3.06813
1	121	74	107.53	94.219	24.2948
1	121	74	104.636	89.3583	22.4424
1	121	74	121.778	73.7365	0.820962
1	121	74	102.849	97.4387	29.6452
1	121	74	122.217	74.3566	1.26811
1	121	74	120.616	75.1982	1.25817
1	121	74	121.212	75.0601	1.08116
1	121	74	121.268	74.2077	0.339069
1	121	74	106.951	95.1727	25.4097
1	121	74	121.58	75.5101	1.61758
1	121	74	120.359	74.2925	0.704669
1	121	74	120.094	73.8061	0.926826
1	121	74	121.762	74.565	0.948473
1	121	74	125.494	76.6573	5.2211
1	121	74	120.983	75.7039	1.70402
1	121	74	135.255	83.6974	17.241
1	121	74	121.772	73.8855	0.780827
1	121	74	120.554	74.7645	0.885238
1	121	74	102.34	97.4386	29.9595
1	121	74	121.36	75.5865	1.62696
1	121	74	122.209	74.2754	1.2399
1	121	74	121.096	75.1798	1.18371
1	121	74	105.459	91.4696	23.3815
1	121	74	119.225	73.597	1.81981
1	121	74	121	74.2114	0.211417
1	121	74	121.307	74.4038	0.507132
1	121	74	101.302	82.3751	21.405
1	121	74	108.039	97.4144	26.7626
1	121	74	121.816	74.5339	0.974872
1	121	74	120.066	74.5004	1.06002
1	121	74	109.899	94.4988	23.3119
1	121	74	138.569	84.7618	20.6027
1	121	74	119.843	74.6213	1.31299
1	121	74	123.928	78.2102	5.12836
1	121	74	121.59	73.7167	0.654303
1	121	74	120.631	74.1223	0.388942
1	121	74	122.801	74.7174	1.93884
1	121	74	120.342	75.1719	1.34393
1	121	74	121.511	74.5173	0.726853
1	121	74	121.267	75.3451	1.37142
1	121	74	108.144	96.6611	26.0539
1	121	74	121.572	74.5491	0.792808
1	121	74	122.208	74.2406	1.23207
1	121	74	121.735	75.6739	1.82817
1	121	74	120.511	75.3691	1.45386
1	121	74	105.487	90.816	22.8787
1	121	74	120.83	73.1087	0.907435
1	121	74	121.216	74.3781	0.435435
1	121	74	120.705	75.3152	1.34786
1	121	74	121.917	74.8799	1.27093
1	121	74	120.327	73.819	0.697089
1	121	74	120.422	79.0602	5.09304
1	121	74	120.683	75.6255	1.6561
1	121	74	122.61	73.9439	1.61147
1	121	74	120.98	73.0499	0.950318
1	121	74	107.506	93.4325	23.6581
1	121	74	108.665	97.3237	26.3846
1	121	74	121.438	73.5976	0.594596
1	121	74	121.456	73.5108	0.668849
1	121	74	121.905	73.5588	1.00726
1	121	74	121.958	75.1186	1.47276
1	121	74	106.447	93.4907	24.3244
1	121	74	121.102	75.8187	1.82155
1	121	74	119.524	74.3988	1.529
1	121	74	122.516	73.7925	1.53059
1	121	74	122.204	74.7194	1.40212
1	121	74	119.49	76.8272	3.20503
1	121	74	120.391	75.6884	1.79503
1	121	74	120.75	74.8135	0.85108
1	121	74	121.494	73.8509	0.51575
1	121	74	120.908	73.7109	0.303298
1	121	74	119.583	74.8088	1.63163
1	121	74	121.38	75.369	1.42067
1	121	74	121.686	74.7379	1.00726
1	121	74	121.783	73.846	0.797815
1	121	74	120.362	75.4795	1.61104
1	121	74	121.137	73.2969	0.716274
1	121	74	119.284	74.522	1.79401
1	121	74	120.888	73.5681	0.446213
1	121	74	120.582	75.2702	1.33726
1	121	74	120.574	74.0066	0.425895
1	121	74	120.251	75.2397	1.4485
1	121	74	120.825	74.4238	0.458624
1	121	74	119.05	72.891	2.24295
1	121	74	122.442	72.5568	2.03987
1	121	74	121.608	75.3725	1.50127
1	121	74	119.924	75.4498	1.80552
1	121	74	122.217	74.5229	1.3245
1	121	74	121.116	74.4074	0.42365
1	121	74	120.444	74.1591	0.578018
1	121	74	120.072	74.9908	1.35781
1	121	74	105.971	91.402	22.9933
1	121	74	120.872	75.3044	1.31068
1	121	74	121.814	73.8425	0.829109
1	121	74	122.632	74.635	1.75148
1	121	74	121.368	74.7276	0.815153
1	121	74	121.647	74.0128	0.647015
1	121	74	119.676	75.3406	1.88418
1	121	74	120.767	75.3167	1.33704
1	121	74	122.019	73.9773	1.01965
1	121	74	121.27	74.7566	0.803425
1	121	74	120.562	73.4066	0.737523
1	121	74	120.424	75.1381	1.27567
1	121	74	95.0157	55.4879	31.9043
1	121	74	121.042	74.2753	0.278502
1	121	74	119.911	74.9647	1.45472
1	121	74	120.826	73.7297	0.321698
1	121	74	117.825	74.0911	3.17642
1	121	74	120.04	74.6352	1.15113
1	121	74	121.547	74.0749	0.551854
1	121	74	120.269	75.4781	1.64918
1	121	74	121.132	74.6939	0.706409
1	121	74	121.971	74.8921	1.31857
1	121	74	121.109	74.0903	0.141209
1	121	74	120.299	73.9018	0.707536
1	121	74	121	74.8965	0.896542
1	121	74	121.649	73.671	0.727903
1	121	74	104.717	90.2238	22.9861
1	121	74	122.316	74.8863	1.58702
1	121	74	121.468	74.2819	0.545961
1	121	74	122.506	74.0439	1.50631
1	121	74	122.683	74.0853	1.68487
1	121	74	120.064	74.4215	1.02693
1	121	74	122.089	74.0407	1.08975
1	121	74	120.563	74.9327	1.02983
1	121	74	118.196	72.6666	3.1045
1	121	74	119.827	75.1371	1.63339
1	121	74	120.2	73.9774	0.79992
1	121	74	122.3	73.7065	1.3326
1	121	74	121.26	75.6597	1.67989
1	121	74	120.566	74.4537	0.627933
1	121	74	122.122	74.627	1.28503
1	121	74	121.352	74.1265	0.374242
1	121	74	104.829	90.7001	23.2465
1	121	74	120.161	73.6628	0.904364
1	121	74	120.658	74.882	0.94582
1	121	74	121.252	72.9738	1.05678
1	121	74	121.602	73.906	0.60909
1	121	74	121.488	74.7602	0.9034
1	121	74	119.918	74.5122	1.19743
1	121	74	120.397	74.7145	0.934853
1	121	74	115.713	71.6617	5.78117
1	121	74	121.42	73.919	0.427628
1	121	74	121.961	75.7566	2.0025
1	121	74	120.424	74.572	0.811524
1	121	74	121.995	75.0771	1.4665
1	121	74	105.584	90.2174	22.3752
1	121	74	121.09	76.0195	2.02156
1	121	74	121.629	73.5839	0.75456
1	121	74	137.052	83.2758	18.5392
1	121	74	121.216	74.6968	0.729613
1	121	74	121.18	75.0135	1.02943
1	121	74	103.84	89.2726	22.9722
1	121	74	121.05	73.8921	0.119073
1	121	74	119.888	79.1019	5.22157
1	121	74	120.511	75.1775	1.27485
1	121	74	103.336	89.4319	23.4556
1	121	74	121.462	76.1013	2.15147
1	121	74	118.287	73.0084	2.88829
1	121	74	100.02	97.4382	31.4564
1	121	74	120.292	75.5897	1.74031
1	121	74	134.129	84.9037	17.066
1	121	74	122.042	75.3949	1.74134
1	121	74	122.991	74.3106	2.01483
1	121	74	120.161	75.4632	1.68662
1	121	74	121.691	75.35	1.51652
1	121	74	121.484	74.964	1.07846
1	121	74	121.646	74.5521	0.850051
1	121	74	121.119	73.6675	0.353129
1	121	74	121.366	75.299	1.34957
1	121	74	121.318	74.4608	0.559918
1	121	74	120.399	74.3013	0.671993
1	121	74	99.5571	97.4381	31.767
1	121	74	121.046	74.176	0.181939
1	121	74	121.023	75.7857	1.7858
1	121	74	120.56	73.8142	0.478039
1	121	74	122.484	74.177	1.495
1	121	74	121.379	74.9411	1.01454
1	121	74	100.915	83.6735	22.2935
1	121	74	122.168	74.2575	1.19569
1	121	74	122.126	73.8249	1.13975
1	121	74	96.805	97.4375	33.6855
1	121	74	118.926	74.2602	2.08996
1	121	74	120.907	75.6648	1.66742
1	121	74	120.511	74.5833	0.760968
1	121	74	120.957	74.7801	0.781314
1	121	74	121.269	74.0898	0.283983
1	121	74	120.848	73.4466	0.573843
1	121	74	122.294	73.9842	1.29377
1	121	74	98.4704	97.4378	32.5103
1	121	74	121.918	75.0696	1.4096
1	121	74	121.962	75.3122	1.62735
1	121	74	121.311	74.336	0.458136
1	121	74	120.44	75.0894	1.22488
1	121	74	121.942	74.1521	0.954403
1	121	74	121.702	74.4602	0.839251
1	121	74	121.831	75.4885	1.7048
1	121	74	121.174	73.4739	0.553931
1	121	74	119.342	72.7012	2.10594
1	121	74	119.91	73.9785	1.09029
1	121	74	120.293	74.8584	1.11235
1	121	74	121.695	74.9726	1.19554
1	121	74	121.785	74.0639	0.787888
1	121	74	121.293	74.0635	0.299693
1	121	74	119.646	73.5061	1.44107
1	121	74	120.686	74.1392	0.34378
1	121	74	120.939	75.5411	1.54229
1	121	74	122.182	74.2104	1.20064
1	121	74	122.71	74.4206	1.76049
1	121	74	120.181	74.239	0.853313
1	121	74	107.028	93.5564	24.035
1	121	74	121.46	75.3657	1.44108
1	121	74	121.682	75.1908	1.37219
1	121	74	122.199	75.1405	1.65453
1	121	74	120.941	75.4548	1.456
1	121	74	121.054	74.1219	0.133161
1	121	74	120.698	74.6781	0.74224
1	121	74	120.041	75.2112	1.54474
1	121	74	121.917	74.1213	0.925473
1	121	74	120.316	73.86	0.697746
1	121	74	120.211	75.4251	1.62905
1	121	74	115.329	71.651	6.13805
1	121	74	120.999	75.7791	1.77911
1	121	74	119.941	75.2871	1.66705
1	121	74	120.734	73.1861	0.856439
1	121	74	122.291	73.5479	1.3676
1	121	74	123.357	75.1388	2.618
1	121	74	99.4103	80.2912	22.4876
1	121	74	120.459	73.3774	0.82497
1	121	74	106.86	95.0729	25.3772
1	121	74	121.006	75.0884	1.08837
1	121	74	122.094	76.5691	2.79218
1	121	74	121.348	75.0162	1.07404
1	121	74	121.756	73.8613	0.769066
1	121	74	119.543	75.1677	1.8672
1	121	74	122.024	74.4164	1.10524
1	121	74	122.04	73.925	1.04255
1	121	74	122.802	74.2223	1.81593
1	121	74	120.407	73.2212	0.978833
1	121	74	122.005	74.3891	1.07768
1	121	74	122.518	74.1427	1.5249
1	121	74	121.34	74.4785	0.587156
1	121	74	123.824	74.8823	2.95855
1	121	74	122.387	73.8332	1.39721
1	121	74	121.153	74.8579	0.871459
1	121	74	121.423	74.4686	0.631056
1	121	74	121.632	73.1329	1.07325
1	121	74	122.637	74.2626	1.65823
1	121	74	124.791	76.6817	4.6438
1	121	74	108.624	96.7975	25.94
1	121	74	121.195	74.3261	0.37991
1	121	74	119.784	74.7773	1.44312
1	121	74	120.167	75.6641	1.86075
1	121	74	104.422	89.0299	22.3766
1	121	74	122.169	73.9622	1.16984
1	121	74	121.868	74.3456	0.934587
1	121	74	120.426	75.1712	1.30428
1	121	74	120.159	75.7765	1.96549
1	121	74	121.121	75.0604	1.06726
1	121	74	120.716	74.276	0.396253
1	121	74	122.189	74.8189	1.44364
1	121	74	121.779	73.7392	0.821666
1	121	74	122.014	74.6061	1.18099
1	121	74	121.388	75.3297	1.38511
1	121	74	122.327	74.2723	1.35498
1	121	74	120.582	73.8733	0.436698
1	121	74	122.065	75.1025	1.5329
1	121	74	122.41	73.8854	1.41464
1	121	74	122.461	75.0362	1.79102
1	121	74	122.932	74.3433	1.96273
1	121	74	99.6644	97.4381	31.6946
1	121	74	122.233	73.8596	1.24098
1	121	74	119.585	75.3646	1.96562
1	121	74	121.704	74.1705	0.724585
1	121	74	121.089	74.9557	0.959789
1	121	74	122.111	73.4885	1.22352
1	121	74	121.2	74.4773	0.517346
1	121	74	120.668	75.3486	1.38877
1	121	74	120.543	73.9105	0.465358
1	121	74	121.733	73.7351	0.779409
1	121	74	120.922	75.1805	1.18311
1	121	74	122.462	74.548	1.56123
1	121	74	121.532	74.8116	0.970282
1	121	74	119.75	74.9911	1.59512
1	121	74	120.678	73.9642	0.323608
1	121	74	120.732	75.5861	1.60852
1	121	74	120.959	74.0976	0.105917
1	121	74	120.889	73.745	0.278247
1	121	74	121.477	74.3226	0.575988
1	121	74	121.055	74.2465	0.252631
1	121	74	136.942	84.2863	18.9726
1	121	74	121.495	74.0404	0.49617
1	121	74	120.894	74.4108	0.424361
1	121	74	122.16	74.693	1.35105
1	121	74	120.926	75.1297	1.13206
1	121	74	120.323	74.3188	0.748063
1	121	74	122.827	74.2911	1.84993
1	121	74	108.695	97.4312	26.4656
1	121	74	121.62	75.2701	1.41329
1	121	74	121.331	75.5694	1.60387
1	121	74	122.082	74.1231	1.08879
1	121	74	121.97	74.3578	1.03388
1	121	74	121.802	74.9508	1.24411
1	121	74	100.281	97.4382	31.2831
1	121	74	121.656	74.3576	0.746707
1	121	74	121.628	74.7149	0.951251
1	121	74	120.842	75.5333	1.5414
1	121	74	121.391	74.0165	0.391213
1	121	74	120.331	75.0693	1.26111
1	121	74	120.628	75.8497	1.88672
1	121	74	120.22	75.3713	1.57753
1	121	74	122.432	74.0216	1.43221
1	121	74	120.536	74.7604	0.890714
1	121	74	120.686	75.1973	1.23772
1	121	74	121.277	74.3664	0.459019
1	121	74	120.413	73.5308	0.751498
1	121	74	109.318	96.7182	25.5458
1	121	74	121.054	73.7997	0.207331
1	121	74	119.845	75.2174	1.67828
1	121	74	121.888	75.1916	1.48611
1	121	74	121.521	75.1997	1.30784
1	121	74	105.574	91.1455	23.0633
1	121	74	123.815	75.2394	3.07613
1	121	74	120.106	75.1666	1.46979
1	121	74	121.591	73.9694	0.592136
1	121	74	121.359	73.336	0.755024
1	121	74	121.337	76.0394	2.06714
1	121	74	121.735	74.6684	0.993852
1	121	74	122.099	73.7787	1.12061
1	121	74	122.501	74.102	1.50426
1	121	74	120.519	75.4617	1.53898
1	121	74	121.888	75.1089	1.42086
1	121	74	120.481	74.2746	0.586888
1	121	74	120.098	75.2388	1.53227
1	121	74	120.899	76.1632	2.16556
1	121	74	121.207	75.2225	1.23995
1	121	74	121.332	75.4067	1.44526
1	121	74	99.4373	81.5556	22.8482
1	121	74	120.398	75.5505	1.66326
1	121	74	97.3357	97.4376	33.3064
1	121	74	120.911	75.5933	1.59577
1	121	74	121.067	73.0038	0.998447
1	121	74	121.731	73.7611	0.769449
1	121	74	120.446	73.429	0.795744
1	121	74	121.285	74.7036	0.759082
1	121	74	121.027	74.5974	0.597984
1	121	74	104.659	89.4973	22.5207
1	121	74	121.662	75.6888	1.81397
1	121	74	121.335	74.0219	0.33617
1	121	74	121.762	73.4966	0.91326
1	121	74	121.053	74.7938	0.795572
1	121	74	136.664	84.6441	18.9382
1	121	74	121.873	74.6749	1.10313
1	121	74	121.09	74.2668	0.281531
1	121	74	120.701	73.1295	0.920624
1	121	74	129.409	80.1432	10.414
1	121	74	125.024	76.1419	4.5589
1	121	74	105.312	92.276	24.0856
1	121	74	120.884	75.265	1.27031
1	121	74	120.056	75.1031	1.45179
1	121	74	120.019	74.0094	0.980713
1	121	74	120.201	74.4037	0.894993
1	121	74	120.738	74.2053	0.332712
1	121	74	100.809	82.9169	22.072
1	121	74	122.393	73.9219	1.39489
1	121	74	121.516	74.0513	0.518756
1	121	74	120.651	74.6882	0.771761
1	121	74	121.223	74.3157	0.386342
1	121	74	122.5	74.9435	1.77202
1	121	74	121.558	76.4724	2.53466
1	121	74	120.933	74.1284	0.145085
1	121	74	121.796	75.2941	1.51938
1	121	74	108.017	96.7302	26.1767
1	121	74	108.577	96.646	25.8298
1	121	74	130.564	81.1121	11.9186
1	121	74	122.648	74.2302	1.66386
1	121	74	120.318	75.3998	1.55693
1	121	74	122.382	74.1709	1.39242
1	121	74	103.786	97.4389	29.0808
1	121	74	121.464	74.5935	0.753261
1	121	74	119.833	74.2559	1.19513
1	121	74	121.542	73.3491	0.847193
1	121	74	120.314	74.4145	0.801378
1	121	74	120.816	74.3342	0.381536
1	121	74	121.548	75.0087	1.14782
1	121	74	121.627	73.6625	0.712097
1	121	74	121.926	73.4709	1.06687
1	121	74	114.42	71.6233	6.99599
1	121	74	121.291	75.672	1.69721
1	121	74	103.181	88.6754	23.0846
1	121	74	121.987	73.8361	1.00034
1	121	74	120.552	73.5804	0.614137
1	121	74	119.86	75.1914	1.64905
1	121	74	121.994	73.78	1.01765
1	121	74	120.435	73.564	0.713756
1	121	74	122.407	74.8346	1.63632
1	121	74	121.726	74.5467	0.9087
1	121	74	121.35	74.071	0.357127
1	121	74	121.894	73.4485	1.05043
1	121	74	121.312	73.5505	0.547396
1	121	74	122.55	74.6999	1.70082
1	121	74	120.852	75.7004	1.70678
1	121	74	122.466	74.0657	1.46762
1	121	74	122.872	74.096	1.8745
1	121	74	120.662	73.6471	0.489005
1	121	74	119.501	75.3049	1.9872
1	121	74	120.508	73.4321	0.751037
1	121	74	117.063	73.5128	3.96724
1	121	74	120.181	74.7594	1.1167
1	121	74	120.956	73.7164	0.287026
1	121	74	121.19	75.1167	1.13283
1	121	74	119.779	75.1196	1.65638
1	121	74	120.325	73.1418	1.09179
1	121	74	105.669	90.0456	22.1924
1	121	74	121.785	74.5943	0.984774
1	121	74	119.546	74.8868	1.70314
1	121	74	103.086	87.1217	22.2053
1	121	74	122.607	74.632	1.72644
1	121	74	121.21	74.2014	0.291045
1	121	74	121.992	75.2712	1.61259
1	121	74	121.772	75.1646	1.39713
1	121	74	119.807	74.7602	1.41467
1	121	74	120.488	73.1927	0.95585
1	121	74	120.927	75.547	1.54869
1	121	74	122.416	74.5933	1.53507
1	121	74	119.544	74.4481	1.5231
1	121	74	121.2	74.3958	0.443473
1	121	74	120.768	73.57	0.488714
1	121	74	119.59	74.2496	1.43182
1	121	74	102.061	97.4386	30.1338
1	121	74	121.27	73.219	0.826374
1	121	74	121.387	74.2806	0.47838
1	121	74	121.115	73.3213	0.688485
1	121	74	121.885	73.5239	1.00518
1	121	74	122.089	73.7718	1.11291
1	121	74	119.591	74.0137	1.40904
1	121	74	120.781	75.4415	1.45812
1	121	74	120.581	74.4166	0.591089
1	121	74	121.327	73.4174	0.668194
1	121	74	120.716	74.7965	0.845512
1	121	74	121.762	74.9649	1.22943
1	121	74	103.853	85.8312	20.8326
1	121	74	120.323	74.8344	1.0742
1	121	74	123.939	76.0505	3.58388
1	121	74	120.243	74.2481	0.797036
1	121	74	121.049	76.0028	2.00341
1	121	74	121.579	73.9562	0.580501
1	121	74	121.231	75.5706	1.58746
1	121	74	121.278	75.3044	1.33364
1	121	74	121.107	75.0591	1.06446
1	121	74	122.91	75.6696	2.53691
1	121	74	121.814	73.7964	0.838669
1	121	74	121.308	73.7057	0.425863
1	121	74	120.625	75.1464	1.20608
1	121	74	121.055	74.2434	0.249569
1	121	74	120.96	75.5864	1.58685
1	121	74	121.687	73.4135	0.903513
1	121	74	121.565	74.074	0.5697
1	121	74	121.81	73.8448	0.824686
1	121	74	121.349	73.6425	0.499807
1	121	74	122.301	73.9071	1.30467
1	121	74	121.71	74.0213	0.709917
1	121	74	122.352	74.7868	1.56464
1	121	74	121.63	74.9718	1.15793
1	121	74	122.162	74.8219	1.42295
1	121	74	107.157	96.4936	26.4121
1	121	74	121.208	74.4633	0.507692
1	121	74	117.18	72.4669	4.1159
1	121	74	120.932	73.1682	0.834525
1	121	74	120.685	74.6701	0.740376
1	121	74	119.527	75.0609	1.81519
1	121	74	120.646	74.7337	0.814513
1	121	74	121.095	74.7232	0.729462
1	121	74	105.125	88.6246	21.5845
1	121	74	121.77	73.5867	0.874267
1	121	74	121.415	75.065	1.1429
1	121	74	121.965	73.4576	1.10659
1	121	74	123.372	75.1163	2.62134
1	121	74	120.39	73.7239	0.669413
1	121	74	119.465	74.3954	1.58513
1	121	74	120.285	75.1909	1.38884
1	121	74	121.235	75.6379	1.65464
1	121	74	121.871	75.2781	1.54687
1	121	74	120.238	75.5933	1.76605
1	121	74	121.91	74.1893	0.929097
1	121	74	121.304	74.0435	0.307316
1	121	74	121.695	73.6294	0.787258
1	121	74	121.615	73.9633	0.616246
1	121	74	120.467	75.8004	1.87754
1	121	74	122.396	74.5331	1.49451
1	121	74	121.284	75.4494	1.47691
1	121	74	122.06	74.5014	1.17247
1	121	74	121.006	74.114	0.114148
1	121	74	106.684	92.6647	23.523
1	121	74	116.975	80.6568	7.77904
1	121	74	121.698	75.0444	1.25609
1	121	74	121.526	74.2834	0.597277
1	121	74	121.766	75.4321	1.62418
1	121	74	122.147	74.573	1.28242
1	121	74	121.307	73.7407	0.401996
1	121	74	121.67	73.909	0.676361
1	121	74	122.816	74.2499	1.83318
1	121	74	122.442	74.2979	1.47218
1	121	74	121.666	73.7614	0.707808
1	121	74	127.467	77.4006	7.30653
1	121	74	120.86	72.8473	1.16113
1	121	74	121.626	74.8776	1.07812
1	121	74	121.13	73.4567	0.558732
1	121	74	120.617	74.3491	0.518099
1	121	74	121.749	74.515	0.908775
1	121	74	122.204	75.3022	1.77344
1	121	74	119.897	74.7832	1.35249
1	121	74	122.969	74.2524	1.98473
1	121	74	120.704	74.1838	0.348208
1	121	74	121.901	73.5611	1.00256
1	121	74	121.803	74.0851	0.807063
1	121	74	121.961	73.7126	1.00316
1	121	74	121.482	76.715	2.75736
1	121	74	121.834	75.6911	1.88541
1	121	74	120.97	75.7702	1.77041
1	121	74	122.44	73.9425	1.44087
1	121	74	122.17	74.3406	1.21895
1	121	74	121.349	75.7122	1.7473
1	121	74	122.472	74.7673	1.6601
1	121	74	122.482	74.1535	1.48977
1	121	74	121.568	73.6752	0.653901
1	121	74	108.034	96.5167	25.9829
1	121	74	122.302	74.4403	1.37471
1	121	74	121.736	74.6628	0.990286
1	121	74	118.636	79.4693	5.95817
1	121	74	120.009	74.8997	1.33862
1	121	74	101.672	97.4385	30.3797
1	121	74	101.659	97.4385	30.3884
1	121	74	121.07	74.893	0.895689
1	121	74	120.059	75.4461	1.72514
1	121	74	119.657	74.8156	1.5715
1	121	74	106.465	91.2089	22.5259
1	121	74	120.92	75.1823	1.18501
1	121	74	121.959	75.6079	1.87225
1	121	74	120.845	74.2309	0.277951
1	121	74	121.455	74.1673	0.484927
1	121	74	121.015	74.3398	0.340161
1	121	74	120.083	75.0059	1.36101
1	121	74	122.147	74.2052	1.16536
1	121	74	121.072	74.3116	0.319731
1	121	74	121.822	73.7441	0.861154
1	121	74	120.676	75.5466	1.58011
1	121	74	120.52	74.3214	0.578017
1	121	74	102.789	97.4387	29.682
1	121	74	117.712	80.6783	7.44361
1	121	74	120.422	74.7135	0.918194
1	121	74	119.55	75.189	1.87532
1	121	74	121.141	75.8082	1.8137
1	121	74	120.93	75.0523	1.05463
1	121	74	118.914	73.43	2.1621
1	121	74	135.32	85.1345	18.1391
1	121	74	120.021	74.2733	1.0167
1	121	74	121.619	76.0775	2.16761
1	121	74	120.043	74.7872	1.23913
1	121	74	120.391	74.8033	1.00832
1	121	74	122.031	74.5647	1.17556
1	121	74	121.772	74.4856	0.912405
1	121	74	121.242	74.3583	0.432365
1	121	74	122.49	74.0732	1.49171
1	121	74	100.844	97.4756	30.9416
1	121	74	122.196	75.0433	1.58709
1	121	74	121.508	75.2622	1.36048
1	121	74	121.689	73.2059	1.05135
1	121	74	121.094	75.5273	1.53018
1	121	74	122.284	74.9768	1.61357
1	121	74	121.058	74.3117	0.317139
1	121	74	120.379	75.1907	1.34305
1	121	74	121.153	74.81	0.824293
1	121	74	120.139	75.3737	1.62126
1	121	74	121.135	74.5485	0.5649
1	121	74	120.282	74.1839	0.740828
1	121	74	121.151	75.3103	1.31889
1	121	74	121.21	75.0491	1.06991
1	121	74	120.084	75.4173	1.68763
1	121	74	120.46	75.7628	1.84354
1	121	74	120.753	73.8712	0.278597
1	121	74	121.523	76.5935	2.64566
1	121	74	118.528	74.0321	2.47208
1	121	74	97.8477	97.4377	32.9447
1	121	74	119.957	75.2515	1.62908
1	121	74	121.589	74.4059	0.715481
1	121	74	121.577	75.737	1.83036
1	121	74	120.876	75.6647	1.66929
1	121	74	120.355	74.3461	0.731586
1	121	74	119.885	74.242	1.14072
1	121	74	121.376	74.5175	0.639629
1	121	74	120.79	75.2985	1.31539
1	121	74	121.28	76.4122	2.42835
1	121	74	120.581	74.7625	0.869926
1	121	74	121.247	74.03	0.248533
1	121	74	120.881	74.8041	0.81287
1	121	74	120.41	73.873	0.6038
1	121	74	122.436	74.024	1.43595
1	121	74	121.269	74.099	0.286711
1	121	74	120.318	74.4486	0.816512
1	121	74	120.448	73.6075	0.677641
1	121	74	121.88	75.4769	1.71946
1	121	74	120.858	74.9922	1.0023
1	121	74	122.231	74.6372	1.38626
1	121	74	121.518	75.8808	1.95084
1	121	74	120.135	75.0468	1.35813
1	121	74	120.832	75.7486	1.75659
1	121	74	107.534	97.3913	26.9905
1	121	74	120.289	74.462	0.848085
1	121	74	121.174	74.1367	0.22156
1	121	74	120.734	74.0275	0.267233
1	121	74	121.143	73.7563	0.282466
1	121	74	121.622	73.5438	0.771448
1	121	74	97.5391	97.4376	33.1623
1	121	74	120.811	75.47	1.48213
1	121	74	121.963	74.4978	1.08437
1	121	74	121.221	73.8089	0.292394
1	121	74	121.158	74.8791	0.893183
1	121	74	121.092	74.5245	0.532471
1	121	74	138.017	85.1584	20.3495
1	121	74	120.722	76.0168	2.03586
1	121	74	120.941	75.6192	1.6203
1	121	74	120.92	75.099	1.10185
1	121	74	104.54	90.183	23.0828
1	121	74	120.742	73.3489	0.700425
1	121	74	120.804	73.4083	0.623248
1	121	74	122.659	74.4921	1.73017
1	121	74	122.158	74.4393	1.23827
1	121	74	121.456	75.4421	1.51243
1	121	74	121.718	74.3111	0.782703
1	121	74	121.747	75.6995	1.85635
1	121	74	121.627	75.0044	1.18422
1	121	74	122.418	75.0792	1.78202
1	121	74	121.853	73.7825	0.88061
1	121	74	119.455	80.1318	6.32332
1	121	74	121.819	75.8002	1.97769
1	121	74	121.462	74.3027	0.552528
1	121	74	120.964	74.5393	0.540475
1	121	74	120.318	73.8267	0.703905
1	121	74	120.703	75.306	1.33932
1	121	74	122.447	73.7848	1.46262
1	121	74	121.906	74.7507	1.17699
1	121	74	122.71	74.3218	1.73987
1	121	74	122.745	74.3002	1.77055
1	121	74	122.416	75.5634	2.109
1	121	74	121.463	74.9807	1.08466
1	121	74	121.264	74.1772	0.318191
1	121	74	104.293	90.7103	23.6295
1	121	74	120.147	74.672	1.08568
1	121	74	120.583	74.3793	0.563399
1	121	74	122.3	75.06	1.67717
1	121	74	120.688	74.726	0.790295
1	121	74	120.817	75.1099	1.1248
1	121	74	121.842	74.6071	1.03821
1	121	74	118.357	80.0881	6.63699
1	121	74	120.857	72.8769	1.13221
1	121	74	121.754	75.4573	1.64073
1	121	74	121.909	73.6693	0.967419
1	121	74	120.692	73.0794	0.970921
1	121	74	121.033	73.8536	0.150107
1	121	74	121.972	74.0517	0.973202
1	121	74	122.75	74.3986	1.79498
1	121	74	120.525	74.294	0.558747
1	121	74	119.05	73.2317	2.09634
1	121	74	122.097	74.5915	1.24662
1	121	74	120.533	73.4823	0.697272
1	121	74	122.767	74.302	1.79283
1	121	74	121.567	75.2262	1.35073
1	121	74	120.842	73.282	0.735221
1	121	74	121.181	75.1381	1.15237
1	121	74	106.636	92.2529	23.2268
1	121	74	120.92	74.8045	0.808511
1	121	74	101.883	97.4385	30.2461
1	121	74	121.618	74.082	0.623558
1	121	74	120.637	73.536	0.58937
1	121	74	121.429	75.3411	1.40817
1	121	74	119.885	74.3292	1.16253
1	121	74	123.575	77.587	4.41532
1	121	74	120.256	73.9714	0.744393
1	121	74	120.855	74.3005	0.333694
1	121	74	122.133	74.4539	1.22078
1	121	74	119.891	75.3561	1.75207
1	121	74	121.518	74.2437	0.572554
1	121	74	120.648	73.6254	0.51436
1	121	74	119.969	74.296	1.07257
1	121	74	120.877	74.6323	0.644249
1	121	74	118.784	73.2128	2.35146
1	121	74	122.731	74.4957	1.80035
1	121	74	122.885	74.2168	1.89767
1	121	74	120.893	77.0436	3.04546
1	121	74	121.224	73.3499	0.687585
1	121	74	120.396	74.609	0.857977
1	121	74	121.499	74.8681	1.00103
1	121	74	121.388	73.8579	0.413089
1	121	74	121.28	74.8571	0.901597
1	121	74	122.144	75.8278	2.15633
1	121	74	121.474	74.9991	1.10593
1	121	74	121.645	75.8089	1.92062
1	121	74	120.72	74.1115	0.301797
1	121	74	122.05	75.1511	1.5578
1	121	74	122.649	74.1356	1.65439
1	121	74	120.3	73.4325	0.90134
1	121	74	120.892	73.6816	0.336393
1	121	74	119.505	74.9315	1.76137
1	121	74	120.723	75.5671	1.59138
1	121	74	120.428	74.549	0.792923
1	121	74	107.638	94.3783	24.3683
1	121	74	121.071	74.7139	0.717422
1	121	74	103.57	89.2993	23.1923
1	121	74	107.101	93.5439	23.9825
1	121	74	106.32	90.6976	22.2329
1	121	74	121.796	74.7732	1.10952
1	121	74	103.32	97.4388	29.3594
1	121	74	121.543	75.1623	1.28295
1	121	74	121.561	74.7723	0.954553
1	121	74	122.294	74.3056	1.32911
1	121	74	101.075	97.4384	30.7633
1	121	74	121.463	76.2022	2.25031
1	121	74	125.344	76.926	5.2379
1	121	74	121.897	73.7158	0.941057
1	121	74	121.144	75.8148	1.82055
1	121	74	102.905	97.4388	29.6109
1	121	74	104.667	89.1654	22.2882
1	121	74	123.316	75.944	3.02393
1	121	74	106.062	90.2844	22.0982
1	121	74	121.227	74.5307	0.577104
1	121	74	120.151	73.8551	0.861124
1	121	74	122.386	74.4382	1.45367
1	121	74	120.787	73.6269	0.429404
1	121	74	120.205	74.0625	0.797108
1	121	74	123.647	74.6387	2.72305
1	121	74	122.325	74.0876	1.32832
1	121	74	122.053	74.27	1.08707
1	121	74	120.754	74.6357	0.681645
1	121	74	118.34	72.8203	2.9097
1	121	74	121.369	74.5375	0.652169
1	121	74	107.686	97.3787	26.9038
1	121	74	121.447	74.8075	0.922942
1	121	74	121.795	73.747	0.833952
1	121	74	118.692	73.4285	2.37731
1	121	74	122.304	75.589	2.0554
1	121	74	122.078	74.4282	1.15982
1	121	74	119.357	75.1924	2.02987
1	121	74	121.43	75.1078	1.18819
1	121	74	120.527	74.7872	0.918252
1	121	74	121.273	74.2003	0.338345
1	121	74	119.895	75.2585	1.67454
1	121	74	122.109	73.885	1.11474
1	121	74	121.156	74.3472	0.380857
1	121	74	119.9	73.9195	1.10253
1	121	74	122.431	74.2881	1.45931
1	121	74	117.045	71.7923	4.5293
1	121	74	121.674	76.0256	2.13469
1	121	74	120.699	74.4119	0.50993
1	121	74	120.426	73.694	0.650291
1	121	74	122.028	74.9209	1.38026
1	121	74	123.753	75.8203	3.30042
1	121	74	119.858	75.3868	1.79627
1	121	74	120.798	75.1762	1.19347
1	121	74	108.016	96.652	26.1092
1	121	74	121.281	73.7707	0.362428
1	121	74	121.275	74.7408	0.790282
1	121	74	121.231	75.249	1.27015
1	121	74	121.531	73.604	0.662549
1	121	74	122.238	73.7902	1.25529
1	121	74	120.512	73.614	0.62186
1	121	74	119.957	75.1149	1.52695
1	121	74	121.069	74.5699	0.574056
1	121	74	121.906	75.1577	1.47032
1	121	74	120.334	74.2444	0.709542
1	121	74	119.439	75.2116	1.97617
1	121	74	121.78	74.7087	1.0536
1	121	74	121.503	74.1065	0.51413
1	121	74	120.964	75.9474	1.94773
1	121	74	120.256	73.5274	0.881298
1	121	74	120.513	74.7554	0.898543
1	121	74	120.492	75.0642	1.17915
1	121	74	120.511	73.5091	0.692595
1	121	74	117.597	71.7305	4.09014
1	121	74	120.271	75.2725	1.46643
1	121	74	119.902	75.2046	1.63023
1	121	74	121.2	75.4747	1.48816
1	121	74	121.292	73.7928	0.35777
1	121	74	121.839	74.0019	0.838848
1	121	74	96.1815	97.4374	34.136
1	121	74	120.64	75.5636	1.6044
1	121	74	121.332	74.7312	0.803229
1	121	74	121.434	74.7519	0.868049
1	121	74	120.327	77.3354	3.40259
1	121	74	122.062	73.928	1.06449
1	121	74	119.982	74.1145	1.02442
1	121	74	121.328	75.8529	1.88172
1	121	74	120.557	75.449	1.51522
1	121	74	119.429	74.9295	1.82534
1	121	74	119.826	74.3164	1.21552
1	121	74	121.321	73.561	0.544049
1	121	74	120.875	74.0088	0.124829
1	121	74	121.635	73.4117	0.86533
1	121	74	120.939	73.0762	0.925793
1	121	74	122.455	74.8666	1.69331
1	121	74	89.7765	54.3425	36.8961
1	121	74	120.548	74.7516	0.876986
1	121	74	120.506	74.7728	0.916917
1	121	74	119.356	75.0063	1.92788
1	121	74	119.556	75.0042	1.75876
1	121	74	121.087	73.3704	0.635597
1	121	74	121.48	74.5138	0.703244
1	121	74	120.439	74.8165	0.990825
1	121	74	121.982	75.2256	1.57064
1	121	74	122.133	74.9122	1.45422
1	121	74	120.894	73.4642	0.546185
1	121	74	121.979	74.2624	1.01349
1	121	74	120.692	74.1262	0.332519
1	121	74	120.835	75.9186	1.92568
1	121	74	121.05	75.7705	1.77116
1	121	74	121.085	73.7536	0.260646
1	121	74	137.439	84.7083	19.619
1	121	74	122.588	73.6595	1.62366
1	121	74	121.152	75.3195	1.32821
1	121	74	120.533	74.1486	0.489804
1	121	74	120.513	74.2297	0.538182
1	121	74	120.968	74.3667	0.368108
1	121	74	120.902	74.7292	0.735701
1	121	74	121.269	73.7096	0.395575
1	121	74	121.323	75.7726	1.80187
1	121	74	122.214	74.6872	1.39519
