1	121	74	120.763	74.6129	0.657132
1	121	74	120.82	73.9994	0.179732
1	121	74	121.492	74.1138	0.504926
1	121	74	121.105	74.1061	0.149063
1	121	74	121.421	74.4331	0.603819
1	121	74	121.584	74.2337	0.629008
1	121	74	121.21	74.0183	0.210891
1	121	74	121.109	74.2022	0.229758
1	121	74	121.293	74.6894	0.749226
1	121	74	121.237	73.9977	0.237213
1	121	74	120.99	73.8725	0.127824
1	121	74	120.852	74.765	0.779146
1	121	74	121.068	73.7654	0.244389
1	121	74	121.425	74.1809	0.46219
1	121	74	121.277	74.4152	0.498945
1	121	74	121.037	73.7401	0.262604
1	121	74	120.742	74.2025	0.327827
1	121	74	121.176	74.6838	0.705999
1	121	74	120.946	74.0288	0.0611916
1	121	74	120.812	74.3941	0.436853
1	121	74	121.238	74.3491	0.422241
1	121	74	120.661	74.309	0.458658
1	121	74	120.613	74.4238	0.574099
1	121	74	121.322	73.9159	0.332573
1	121	74	120.649	74.0254	0.351791
1	121	74	121.408	74.1943	0.452316
1	121	74	121.553	74.0249	0.553272
1	121	74	120.474	74.3774	0.647533
1	121	74	121.36	74.44	0.568302
1	121	74	120.961	74.7311	0.732143
1	121	74	121.247	74.0866	0.262119
1	121	74	121.085	74.8411	0.845341
1	121	74	121.62	74.07	0.624099
1	121	74	120.493	74.4348	0.667929
1	121	74	121.18	74.4608	0.494788
1	121	74	120.513	74.2491	0.547243
1	121	74	120.852	73.6113	0.41602
1	121	74	121.107	74.7561	0.763655
1	121	74	121.369	74.2034	0.421427
1	121	74	121.423	74.4017	0.583146
1	121	74	121.555	74.2572	0.612168
1	121	74	121.016	74.4004	0.400725
1	121	74	120.854	74.6578	0.673769
1	121	74	121.002	74.0722	0.0722658
1	121	74	121.053	74.0267	0.0594847
1	121	74	120.807	74.0889	0.212695
1	121	74	120.483	74.5447	0.750949
1	121	74	121.221	74.2735	0.351562
1	121	74	120.524	74.1744	0.506729
1	121	74	121.255	74.0476	0.259531
1	121	74	120.76	74.2703	0.361451
1	121	74	121.579	74.2633	0.636003
1	121	74	121.002	74.1809	0.180937
1	121	74	121.136	74.0303	0.139744
1	121	74	120.67	74.039	0.332072
1	121	74	121.27	74.3884	0.473216
1	121	74	121.319	74.4482	0.550061
1	121	74	121.483	74.3373	0.589336
1	121	74	121.289	73.9267	0.297778
1	121	74	121.466	74.5398	0.713098
1	121	74	121.126	74.2324	0.264177
1	121	74	120.607	74.5274	0.657689
1	121	74	120.737	74.527	0.589126
1	121	74	120.982	74.0421	0.0458182
1	121	74	121.052	74.2797	0.284378
1	121	74	121.591	74.0576	0.594064
1	121	74	120.816	74.2651	0.322743
1	121	74	120.587	74.4169	0.587069
1	121	74	121.172	74.4127	0.447073
1	121	74	121.328	74.6728	0.748628
1	121	74	120.939	73.9604	0.0727625
1	121	74	121.108	74.7613	0.768936
1	121	74	120.958	74.1617	0.167065
1	121	74	120.633	74.3895	0.535356
1	121	74	121.111	74.2156	0.242678
1	121	74	121.27	74.0573	0.275604
1	121	74	120.739	74.6689	0.717916
1	121	74	120.894	74.2506	0.272094
1	121	74	120.936	74.6512	0.654414
1	121	74	120.912	74.3346	0.345892
1	121	74	121.285	74.1786	0.336754
1	121	74	121.302	74.7847	0.840685
1	121	74	121.163	74.0116	0.163741
1	121	74	120.816	74.4628	0.497835
1	121	74	120.735	74.401	0.480705
1	121	74	120.732	74.6742	0.72558
1	121	74	121.408	74.3206	0.519128
1	121	74	120.853	73.8886	0.184814
1	121	74	120.738	74.069	0.27049
1	121	74	121.005	74.5856	0.585657
1	121	74	121.181	73.895	0.20925
1	121	74	120.719	74.252	0.377158
1	121	74	121.178	73.7569	0.301295
1	121	74	121.249	74.3996	0.470982
1	121	74	120.827	74.404	0.43944
1	121	74	121.054	73.7381	0.267489
1	121	74	121.437	74.3326	0.549102
1	121	74	120.905	74.6759	0.682447
1	121	74	121.24	73.9554	0.244444
1	121	74	121.458	74.1594	0.485207
1	121	74	121.383	74.4124	0.562569
1	121	74	120.807	74.3455	0.395597
1	121	74	121.197	73.8539	0.245414
1	121	74	121.013	74.4169	0.417045
1	121	74	121.052	74.1774	0.184885
1	121	74	120.789	74.1084	0.236979
1	121	74	121.235	73.8145	0.299009
1	121	74	121.287	73.8167	0.340203
1	121	74	120.983	73.7405	0.260001
1	121	74	120.843	73.9139	0.179313
1	121	74	121.073	74.1839	0.197941
1	121	74	121.447	74.2819	0.528256
1	121	74	121.001	73.8859	0.114073
1	121	74	120.604	74.166	0.429677
1	121	74	120.639	74.3126	0.477686
1	121	74	121.469	74.1971	0.508738
1	121	74	120.596	74.2673	0.484675
1	121	74	121.145	74.1362	0.198645
1	121	74	121.213	74.4096	0.461862
1	121	74	120.722	74.5591	0.624205
1	121	74	121.056	73.9857	0.057521
1	121	74	121.589	74.3767	0.698852
1	121	74	120.751	74.3177	0.403885
1	121	74	121.447	73.9056	0.457219
1	121	74	120.808	74.0447	0.197478
1	121	74	120.911	74.1039	0.136769
1	121	74	121.306	74.1455	0.33848
1	121	74	120.642	74.2141	0.417079
1	121	74	121.286	74.3656	0.464238
1	121	74	120.454	74.5099	0.747361
1	121	74	121.316	74.029	0.317033
1	121	74	120.807	74.4867	0.5234
1	121	74	121.372	74.3859	0.536124
1	121	74	121.461	74.1939	0.500405
1	121	74	120.557	74.451	0.632456
1	121	74	121.19	73.9352	0.200725
1	121	74	121.114	73.8196	0.213367
1	121	74	121.731	74.2749	0.781362
1	121	74	121.282	73.9868	0.282495
1	121	74	120.877	74.4602	0.476352
1	121	74	121.152	74.8841	0.896971
1	121	74	120.719	74.0841	0.293308
1	121	74	120.722	74.3077	0.414444
1	121	74	121.077	74.8092	0.812837
1	121	74	120.733	74.6469	0.699917
1	121	74	120.916	74.1149	0.142564
1	121	74	120.855	74.2129	0.257656
1	121	74	121.014	73.9957	0.0145995
1	121	74	121.301	74.4011	0.501654
1	121	74	120.937	73.6328	0.372516
1	121	74	121.265	73.849	0.304866
1	121	74	121.53	74.1228	0.544442
1	121	74	121.358	74.2019	0.410928
1	121	74	121.398	73.9064	0.408884
1	121	74	121.164	74.0331	0.16776
1	121	74	121.008	74.0828	0.0831811
1	121	74	121.262	74.6331	0.685026
1	121	74	121.533	74.2235	0.577892
1	121	74	121.04	74.2145	0.218247
1	121	74	120.891	74.7549	0.762803
1	121	74	120.682	74.183	0.366986
1	121	74	121.405	74.6332	0.751503
1	121	74	121.559	74.327	0.647268
1	121	74	121.385	74.0491	0.387754
1	121	74	120.839	73.9506	0.167995
1	121	74	121.008	73.8427	0.157542
1	121	74	121.103	74.4681	0.479231
1	121	74	121.732	74.1701	0.751513
1	121	74	120.672	74.2988	0.444026
1	121	74	121.67	74.2833	0.727054
1	121	74	121.158	74.2778	0.319539
1	121	74	121.404	74.2416	0.470461
1	121	74	120.911	74.0375	0.0961918
1	121	74	121.105	73.9039	0.142615
1	121	74	121.138	73.6849	0.343786
1	121	74	121.043	74.6241	0.625562
1	121	74	120.548	74.3848	0.593511
1	121	74	120.508	74.5585	0.744225
1	121	74	121.032	74.7528	0.753489
1	121	74	121.529	74.3861	0.655252
1	121	74	121.383	73.9468	0.387023
1	121	74	120.387	74.4832	0.780131
1	121	74	121.416	74.5067	0.65539
1	121	74	120.812	74.4401	0.478455
1	121	74	121.198	74.2027	0.283227
1	121	74	120.761	73.8697	0.272385
1	121	74	120.861	74.2364	0.274386
1	121	74	120.696	74.1947	0.36134
1	121	74	121.278	74.2028	0.343748
1	121	74	121.533	74.1357	0.54986
1	121	74	121.202	74.2342	0.309041
1	121	74	120.807	74.5432	0.57666
1	121	74	121.075	74.0735	0.104825
1	121	74	120.573	74.2168	0.478712
1	121	74	121.187	74.618	0.645732
1	121	74	121.057	73.7916	0.21612
1	121	74	121.146	74.4805	0.502176
1	121	74	120.645	74.5174	0.627495
1	121	74	121.032	74.0262	0.0409927
1	121	74	121.194	74.9851	1.00398
1	121	74	120.876	74.4156	0.433701
1	121	74	120.813	74.3698	0.414522
1	121	74	121.454	74.2389	0.512591
1	121	74	121.625	74.0432	0.626895
1	121	74	121.078	74.5124	0.518389
1	121	74	121.239	74.218	0.32319
1	121	74	120.98	74.2343	0.235104
1	121	74	121.318	74.5879	0.668454
1	121	74	121.382	74.3285	0.503819
1	121	74	121.123	74.8146	0.823857
1	121	74	120.861	74.4352	0.456926
1	121	74	120.609	74.3133	0.501114
1	121	74	121.686	74.1612	0.70435
1	121	74	121.613	74.5183	0.803144
1	121	74	120.956	74.2061	0.210649
1	121	74	121.251	73.8724	0.281475
1	121	74	121.567	74.5113	0.763216
1	121	74	121.047	74.0408	0.0622542
1	121	74	120.463	74.4334	0.690335
1	121	74	121.112	74.1826	0.214299
1	121	74	121.198	74.3318	0.386195
1	121	74	121.267	74.5059	0.571786
1	121	74	120.78	74.6162	0.654308
1	121	74	121.432	74.514	0.671265
1	121	74	120.68	74.3869	0.502188
1	121	74	121.035	74.6015	0.602484
1	121	74	120.851	73.8787	0.192037
1	121	74	120.354	74.4799	0.805053
1	121	74	121.525	74.1222	0.53932
1	121	74	121.108	74.5939	0.603757
1	121	74	121.039	74.5732	0.574516
1	121	74	120.995	74.3611	0.361117
1	121	74	120.994	74.126	0.126174
1	121	74	120.571	74.3184	0.534535
1	121	74	120.793	74.4818	0.52454
1	121	74	121.273	74.4628	0.537181
1	121	74	121.183	74.2452	0.30622
1	121	74	120.759	74.7164	0.755977
1	121	74	120.846	73.9229	0.172234
1	121	74	121.123	74.3626	0.382814
1	121	74	120.724	74.6366	0.694044
1	121	74	121.08	74.0811	0.114151
1	121	74	120.77	74.307	0.383871
1	121	74	121.113	74.1452	0.183816
1	121	74	120.818	73.7491	0.310167
1	121	74	121.044	74.5222	0.524052
1	121	74	120.713	74.2353	0.37148
1	121	74	120.895	74.1203	0.159457
1	121	74	121.14	74.0764	0.15948
1	121	74	121.042	74.7362	0.737366
1	121	74	120.717	74.7031	0.757866
1	121	74	121.052	74.0894	0.103392
1	121	74	121.32	74.5381	0.626351
1	121	74	121.384	74.5586	0.677739
1	121	74	121.07	74.6954	0.698931
1	121	74	120.985	74.4561	0.456306
1	121	74	120.826	74.4031	0.439057
1	121	74	120.822	73.9805	0.1795
1	121	74	120.962	73.8465	0.158001
1	121	74	121.546	74.5323	0.762614
1	121	74	121.261	74.0765	0.272198
1	121	74	121.32	74.372	0.490929
1	121	74	121.346	73.9561	0.348595
1	121	74	121.022	74.0342	0.0408611
1	121	74	121.359	74.2995	0.467837
1	121	74	120.926	73.808	0.205627
1	121	74	120.604	74.255	0.471289
1	121	74	120.965	74.1404	0.144731
1	121	74	120.882	74.5433	0.55598
1	121	74	120.846	74.5399	0.56151
1	121	74	121.114	74.1878	0.219512
1	121	74	121.448	74.2506	0.513552
1	121	74	121.108	74.5097	0.520957
1	121	74	120.789	74.2826	0.352403
1	121	74	120.322	74.4804	0.830827
1	121	74	121.368	74.5253	0.641398
1	121	74	120.422	74.3237	0.662827
1	121	74	120.576	74.4672	0.630828
1	121	74	121.248	73.9607	0.25117
1	121	74	120.821	74.0155	0.179884
1	121	74	120.625	74.3432	0.50853
1	121	74	120.904	74.1455	0.174526
1	121	74	121.304	74.998	1.04343
1	121	74	121.052	73.8817	0.129119
1	121	74	120.806	74.6345	0.663354
1	121	74	121.107	73.8235	0.206185
1	121	74	121.022	74.1653	0.166695
1	121	74	121.394	74.7625	0.858326
1	121	74	121.627	74.039	0.627807
1	121	74	120.781	74.4107	0.465551
1	121	74	120.939	74.735	0.737516
1	121	74	120.528	74.4347	0.641458
1	121	74	121.045	74.7782	0.779531
1	121	74	121.369	74.0556	0.373074
1	121	74	120.833	74.0162	0.168127
1	121	74	120.99	73.9553	0.0458679
1	121	74	120.641	74.2963	0.465249
1	121	74	120.997	74.6358	0.635783
1	121	74	121.172	74.7757	0.794521
1	121	74	121.112	74.362	0.378807
1	121	74	120.858	74.246	0.284123
1	121	74	121.141	74.1324	0.193275
1	121	74	121.151	74.557	0.577086
1	121	74	121.284	74.5506	0.619396
1	121	74	121.686	74.3547	0.772119
1	121	74	121.106	74.3242	0.341102
1	121	74	121.339	74.3345	0.476367
1	121	74	120.653	74.4665	0.581268
1	121	74	121.543	74.4004	0.674822
1	121	74	121.209	73.8228	0.274066
1	121	74	121.432	74.067	0.437417
1	121	74	121.312	74.4126	0.517364
1	121	74	121.426	74.3898	0.577426
1	121	74	120.936	73.9082	0.111822
1	121	74	120.773	74.4581	0.511247
1	121	74	121.123	73.9541	0.131495
1	121	74	121.124	74.1548	0.19844
1	121	74	121.162	74.8698	0.884801
1	121	74	120.975	74.2707	0.271818
1	121	74	121.419	74.384	0.568195
1	121	74	121.26	73.9659	0.262601
1	121	74	121.192	74.3679	0.415092
1	121	74	120.807	73.8931	0.220189
1	121	74	121.038	74.6088	0.609919
1	121	74	121.261	74.3078	0.403741
1	121	74	120.742	74.3627	0.445101
1	121	74	120.866	74.6575	0.671126
1	121	74	120.898	73.9675	0.106864
1	121	74	120.845	74.6849	0.702243
1	121	74	121.412	74.3701	0.553954
1	121	74	121.36	74.3561	0.506345
1	121	74	121.248	74.2468	0.350207
1	121	74	121.185	73.7516	0.309532
1	121	74	121.092	73.8109	0.210173
1	121	74	121.45	74.5505	0.711177
1	121	74	120.894	73.9052	0.142134
1	121	74	121.049	74.431	0.433735
1	121	74	121.255	74.6928	0.738085
1	121	74	121.011	74.6605	0.660549
1	121	74	121.217	73.9645	0.22022
1	121	74	121.117	73.7586	0.268196
1	121	74	120.54	74.5255	0.698394
1	121	74	121.405	74.7605	0.861819
1	121	74	121.286	73.9247	0.29589
1	121	74	121.467	74.4628	0.657653
1	121	74	120.69	74.4185	0.520738
1	121	74	121.275	74.1963	0.337736
1	121	74	121.227	74.4132	0.47144
1	121	74	121.42	74.4647	0.626316
1	121	74	120.974	73.8264	0.175568
1	121	74	121.185	74.7718	0.793763
1	121	74	121.162	74.5765	0.598916
1	121	74	121.026	74.7285	0.728935
1	121	74	120.81	74.3873	0.431222
1	121	74	120.958	74.7612	0.762381
1	121	74	121.022	74.1809	0.182299
1	121	74	120.953	74.1598	0.166521
1	121	74	121.42	74.1954	0.463062
1	121	74	120.97	74.02	0.0360453
1	121	74	121.493	74.3545	0.606978
1	121	74	121.308	74.5921	0.667388
1	121	74	120.594	74.5169	0.657135
1	121	74	121.067	74.1736	0.186147
1	121	74	120.803	74.1056	0.223138
1	121	74	120.811	74.1231	0.225193
1	121	74	121.286	74.5103	0.58485
1	121	74	121.349	74.6205	0.712055
1	121	74	121.015	74.0918	0.0930004
1	121	74	121.028	74.4918	0.492592
1	121	74	121.064	74.0576	0.0863146
1	121	74	120.775	74.1274	0.258701
1	121	74	121.615	74.2939	0.681767
1	121	74	120.924	74.4696	0.475766
1	121	74	121.147	73.7589	0.282254
1	121	74	120.756	74.3307	0.410786
1	121	74	120.45	74.2903	0.621526
1	121	74	121.222	73.8824	0.251155
1	121	74	120.998	74.1658	0.165822
1	121	74	121.501	74.0102	0.500621
1	121	74	120.969	73.9296	0.0767346
1	121	74	120.686	74.2611	0.408744
1	121	74	120.712	74.0968	0.303848
1	121	74	121.211	74.3526	0.410741
1	121	74	121.027	73.9714	0.0393236
1	121	74	120.966	74.4806	0.481778
1	121	74	121.363	73.9939	0.36355
1	121	74	120.952	73.6322	0.370852
1	121	74	120.465	74.4664	0.709388
1	121	74	121.241	74.4922	0.548264
1	121	74	120.896	74.2034	0.228327
1	121	74	121.444	74.0656	0.448685
1	121	74	120.992	73.9529	0.0477128
1	121	74	121.426	74.1369	0.447118
1	121	74	120.616	74.087	0.394175
1	121	74	120.427	74.3805	0.68813
1	121	74	120.817	74.3292	0.376569
1	121	74	121.266	74.0264	0.267406
1	121	74	121.423	74.3593	0.554669
1	121	74	120.47	74.4932	0.724168
1	121	74	120.857	73.6017	0.423112
1	121	74	121.351	74.1599	0.385479
1	121	74	120.866	74.3164	0.343576
1	121	74	121.142	74.9549	0.96538
1	121	74	120.941	73.7135	0.292607
1	121	74	120.984	74.5043	0.504566
1	121	74	120.778	74.0396	0.225219
1	121	74	121.408	74.5002	0.645675
1	121	74	121.447	74.1219	0.463284
1	121	74	120.99	74.1583	0.158586
1	121	74	121.244	74.6965	0.738017
1	121	74	121.205	73.9744	0.206232
1	121	74	120.969	74.4594	0.460498
1	121	74	121.426	74.6208	0.752957
1	121	74	121.005	73.8599	0.140209
1	121	74	121.021	74.088	0.0905261
1	121	74	121.045	74.657	0.658535
1	121	74	121.711	74.3057	0.773906
1	121	74	121.433	74.1297	0.451997
1	121	74	120.611	74.4401	0.587193
1	121	74	121.138	74.201	0.243511
1	121	74	121.194	74.4594	0.498708
1	121	74	121.338	74.7364	0.810453
1	121	74	121.674	74.2005	0.703056
1	121	74	121.606	74.3894	0.720593
1	121	74	120.664	74.1631	0.373063
1	121	74	121.757	74.1891	0.780325
1	121	74	120.821	74.3033	0.352281
1	121	74	120.846	73.9578	0.159712
1	121	74	120.882	74.5285	0.541501
1	121	74	121.046	74.5387	0.540663
1	121	74	120.843	73.999	0.156957
1	121	74	120.768	73.7553	0.337009
1	121	74	121.148	74.3465	0.3769
1	121	74	121.099	73.9489	0.111197
1	121	74	120.908	73.9142	0.126132
1	121	74	120.72	74.6811	0.736555
1	121	74	121.207	74.2443	0.320469
1	121	74	121.124	74.0565	0.136588
1	121	74	120.895	74.6025	0.611531
1	121	74	121.273	74.1106	0.294875
1	121	74	121.594	74.1753	0.61888
1	121	74	121.14	74.3295	0.357865
1	121	74	121.169	73.9536	0.174777
1	121	74	120.942	74.5823	0.585174
1	121	74	121.096	73.97	0.100226
1	121	74	120.808	74.4629	0.501207
1	121	74	121.612	74.0245	0.612288
1	121	74	121.332	74.7615	0.830949
1	121	74	121.478	74.3473	0.590755
1	121	74	120.98	73.8542	0.147121
1	121	74	121.11	74.9238	0.930376
1	121	74	121.474	74.0782	0.480062
1	121	74	120.837	74.4665	0.494034
1	121	74	120.977	74.0609	0.0650503
1	121	74	121.386	74.1285	0.406862
1	121	74	120.895	74.7116	0.719311
1	121	74	120.544	74.3539	0.577281
1	121	74	121.07	74.5622	0.566561
1	121	74	121.575	74.2207	0.616044
1	121	74	121.292	74.4655	0.549509
1	121	74	120.577	74.1145	0.437993
1	121	74	121.336	74.4644	0.573032
1	121	74	120.547	74.5702	0.728146
1	121	74	121.206	74.0698	0.217964
1	121	74	121.497	74.0894	0.50516
1	121	74	121.386	74.4851	0.619906
1	121	74	121.348	74.6208	0.711479
1	121	74	120.985	74.4472	0.447395
1	121	74	121.263	74.0311	0.265118
1	121	74	120.996	73.7552	0.24482
1	121	74	121.43	73.9684	0.431219
1	121	74	120.818	73.8319	0.247639
1	121	74	120.782	74.7864	0.816051
1	121	74	120.827	73.9155	0.192828
1	121	74	120.786	74.3411	0.402799
1	121	74	121.146	74.611	0.628196
1	121	74	121.15	73.9913	0.150295
1	121	74	121.009	74.3205	0.320593
1	121	74	121.046	74.4064	0.409026
1	121	74	120.807	74.1673	0.255145
1	121	74	120.858	73.837	0.216373
1	121	74	120.872	73.6211	0.399923
1	121	74	121.312	74.2265	0.385503
1	121	74	120.586	74.6902	0.804551
1	121	74	121.077	74.4429	0.449497
1	121	74	120.63	74.0973	0.382183
1	121	74	121.322	73.9626	0.324481
1	121	74	120.821	74.2801	0.332449
1	121	74	121.223	74.8207	0.85052
1	121	74	120.741	74.3223	0.413597
1	121	74	121.057	74.5058	0.509038
1	121	74	121.379	73.9265	0.386374
1	121	74	120.848	73.9196	0.171688
1	121	74	121.189	74.5336	0.565895
1	121	74	120.731	73.8704	0.29825
1	121	74	121.004	74.1549	0.15491
1	121	74	121.187	74.3025	0.355437
1	121	74	121.216	74.9808	1.00426
1	121	74	120.745	74.0187	0.256128
1	121	74	121.295	74.6887	0.749242
1	121	74	120.859	74.4207	0.443688
1	121	74	121.076	74.1959	0.210062
1	121	74	120.449	74.5029	0.746319
1	121	74	120.811	74.566	0.596815
1	121	74	121.128	74.7042	0.715652
1	121	74	120.719	73.9281	0.289984
1	121	74	121.555	74.57	0.795861
1	121	74	121.047	74.8064	0.80774
1	121	74	121.412	74.4514	0.61096
1	121	74	121.207	74.5869	0.62244
1	121	74	121.624	74.3802	0.73089
1	121	74	121.493	74.5164	0.713832
1	121	74	121.26	74.5579	0.61552
1	121	74	121.189	74.0375	0.192898
1	121	74	121.268	74.5638	0.624061
1	121	74	121.019	73.7113	0.28932
1	121	74	121.071	74.581	0.585268
1	121	74	120.812	74.2797	0.337016
1	121	74	121.38	74.3988	0.550743
1	121	74	120.636	74.3482	0.503755
1	121	74	121.024	74.6408	0.641281
1	121	74	121.644	74.1017	0.652078
1	121	74	121.315	74.5056	0.595748
1	121	74	120.589	74.1317	0.43133
1	121	74	121.652	74.2216	0.688494
1	121	74	121.07	74.3422	0.349206
1	121	74	121.058	73.9711	0.0644798
1	121	74	121.117	73.8868	0.162993
1	121	74	121.262	74.2872	0.388776
1	121	74	121.408	73.9371	0.412329
1	121	74	121.309	74.7323	0.794987
1	121	74	120.671	74.0924	0.341547
1	121	74	121.177	73.9319	0.189722
1	121	74	120.351	74.4149	0.77049
1	121	74	120.477	74.4896	0.716504
1	121	74	121.311	74.3758	0.488071
1	121	74	120.779	74.2294	0.318585
1	121	74	120.69	74.7322	0.795187
1	121	74	121.118	73.7168	0.306868
1	121	74	120.736	74.5496	0.609561
1	121	74	120.974	74.1617	0.163818
1	121	74	120.818	73.7548	0.305544
1	121	74	120.995	74.5269	0.526927
1	121	74	121.231	74.3352	0.40724
1	121	74	121.699	74.3774	0.794133
1	121	74	121.34	74.1404	0.368313
1	121	74	121.423	74.5511	0.694433
1	121	74	121.109	74.0981	0.146663
1	121	74	120.921	74.8969	0.900382
1	121	74	120.795	74.2318	0.309469
1	121	74	121.077	74.9007	0.904002
1	121	74	121.413	74.084	0.421745
1	121	74	121.185	73.9658	0.188231
1	121	74	121.027	74.5631	0.563683
1	121	74	120.773	73.9825	0.228007
1	121	74	121.144	74.0841	0.166347
1	121	74	120.709	74.2786	0.40318
1	121	74	121.331	73.9843	0.331321
1	121	74	121.105	74.1768	0.205605
1	121	74	120.785	73.8352	0.270718
1	121	74	121.441	74.364	0.572067
1	121	74	121.05	74.2504	0.255405
1	121	74	121.128	74.4652	0.482607
1	121	74	121.502	74.3343	0.60277
1	121	74	120.713	74.3554	0.456913
1	121	74	121.303	73.7775	0.37573
1	121	74	121.534	74.3903	0.6613
1	121	74	120.947	74.2996	0.304284
1	121	74	121.083	74.2772	0.289493
1	121	74	121.358	74.6062	0.703859
1	121	74	121.137	73.967	0.140933
1	121	74	121.182	74.9286	0.946203
1	121	74	120.744	74.5411	0.598782
1	121	74	120.514	74.3684	0.609526
1	121	74	121.189	74.2738	0.332489
1	121	74	121.12	74.0939	0.152421
1	121	74	120.575	74.3635	0.55905
1	121	74	121.196	74.0678	0.207648
1	121	74	120.935	74.3719	0.377536
1	121	74	120.961	74.4051	0.406967
1	121	74	121.419	74.3131	0.523121
1	121	74	121.06	74.6173	0.620159
1	121	74	120.895	73.6974	0.320385
1	121	74	120.996	74.6859	0.685915
1	121	74	120.907	74.0165	0.0947144
1	121	74	121.427	74.5743	0.715459
1	121	74	121.269	74.7858	0.830585
1	121	74	121.402	74.5918	0.715515
1	121	74	121.115	75.0145	1.02109
1	121	74	121.462	74.6278	0.779459
1	121	74	120.887	73.711	0.310389
1	121	74	121.402	74.1715	0.436886
1	121	74	120.949	73.9558	0.0678405
1	121	74	120.616	74.5046	0.633883
1	121	74	120.953	74.4672	0.469563
1	121	74	120.908	74.3995	0.409853
1	121	74	120.42	74.3409	0.673068
1	121	74	121.407	73.8658	0.428546
1	121	74	121.016	73.9893	0.0189078
1	121	74	121.285	74.5277	0.599618
1	121	74	121.042	73.8207	0.184055
1	121	74	121.237	73.9157	0.251624
1	121	74	120.644	74.6764	0.764289
1	121	74	121.253	74.1476	0.29255
1	121	74	120.749	74.1603	0.297793
1	121	74	121.272	74.3328	0.430088
1	121	74	120.792	74.4839	0.526675
1	121	74	121.403	74.333	0.523135
1	121	74	120.507	74.3941	0.631507
1	121	74	121.522	74.0523	0.524462
1	121	74	120.83	74.7311	0.750562
1	121	74	121.235	74.182	0.297366
1	121	74	121.574	74.4477	0.727778
1	121	74	121.538	74.0457	0.540235
1	121	74	120.828	74.3705	0.408405
1	121	74	121.649	74.4002	0.7627
1	121	74	121.054	74.4146	0.418008
1	121	74	121.052	74.7538	0.755543
1	121	74	120.927	74.4523	0.458117
1	121	74	121.217	74.5893	0.62796
1	121	74	121.551	73.9793	0.551365
1	121	74	121.108	73.7331	0.287938
1	121	74	120.737	73.9052	0.279839
1	121	74	121.005	73.9696	0.0308401
1	121	74	121.286	74.0051	0.286412
1	121	74	121.323	74.1233	0.345984
1	121	74	121.298	74.4306	0.523711
1	121	74	120.874	74.1662	0.208526
1	121	74	121.158	74.2623	0.306009
1	121	74	121.339	74.3312	0.473857
1	121	74	120.873	74.3336	0.356946
1	121	74	121.097	74.3207	0.334986
1	121	74	121.472	74.3457	0.584776
1	121	74	121.288	74.3632	0.46327
1	121	74	121.172	74.5861	0.610779
1	121	74	120.996	73.9296	0.0704948
1	121	74	121.201	73.8994	0.224534
1	121	74	121.003	74.7539	0.75387
1	121	74	121.048	74.0193	0.052046
1	121	74	121.358	74.3116	0.474382
1	121	74	121.258	74.7508	0.793817
1	121	74	121.305	73.8429	0.343452
1	121	74	121.377	74.3488	0.513669
1	121	74	120.866	74.4068	0.428224
1	121	74	121.207	74.0432	0.211835
1	121	74	121.203	74.455	0.498318
1	121	74	121.344	74.7378	0.8139
1	121	74	121.012	73.8528	0.147643
1	121	74	120.987	74.1117	0.112453
1	121	74	121.047	74.2156	0.220738
1	121	74	121.437	74.5434	0.697369
1	121	74	120.804	74.2053	0.283856
1	121	74	121.38	74.7099	0.805372
1	121	74	121.269	74.4828	0.552848
1	121	74	120.686	74.053	0.318472
1	121	74	120.999	73.8816	0.118354
1	121	74	120.788	73.9954	0.212163
1	121	74	120.904	74.3011	0.31598
1	121	74	120.918	74.4613	0.468521
1	121	74	120.884	74.2968	0.318735
1	121	74	121.2	74.106	0.226454
1	121	74	121.176	74.6543	0.677542
1	121	74	120.737	74.2686	0.375977
1	121	74	120.857	73.8411	0.214014
1	121	74	120.443	74.5144	0.758405
1	121	74	120.888	73.7795	0.247294
1	121	74	120.998	74.0276	0.0277199
1	121	74	121.508	74.3307	0.606061
1	121	74	121.562	74.0968	0.570326
1	121	74	121.094	74.7439	0.749823
1	121	74	121.322	73.9231	0.330791
1	121	74	120.733	74.1582	0.309914
1	121	74	121.178	74.5669	0.594034
1	121	74	120.865	74.2836	0.314094
1	121	74	121.208	74.2948	0.360664
1	121	74	120.795	74.3584	0.412977
1	121	74	120.741	74.0809	0.271767
1	121	74	120.845	74.3781	0.408777
1	121	74	121.161	74.1756	0.238047
1	121	74	120.798	73.8758	0.237235
1	121	74	120.849	74.1796	0.234554
1	121	74	120.949	74.6378	0.639876
1	121	74	120.897	74.1936	0.219184
1	121	74	121.262	74.615	0.668515
1	121	74	120.812	74.4226	0.462509
1	121	74	120.553	74.4994	0.670301
1	121	74	120.861	74.4198	0.442307
1	121	74	121.639	74.1255	0.651257
1	121	74	120.933	73.7698	0.239787
1	121	74	120.911	74.1544	0.178325
1	121	74	121.478	74.2542	0.541172
1	121	74	121.539	74.3178	0.625837
1	121	74	121.224	74.8419	0.871223
1	121	74	121.607	74.2944	0.674519
1	121	74	121.135	74.0255	0.137321
1	121	74	121.075	74.476	0.481975
1	121	74	121.442	74.1619	0.470581
1	121	74	120.872	74.6214	0.634398
1	121	74	121.594	74.3935	0.712428
1	121	74	120.847	74.2383	0.282971
1	121	74	121.192	74.3678	0.414753
1	121	74	121.147	74.5551	0.574155
1	121	74	121.045	74.0567	0.0720784
1	121	74	121.012	74.874	0.874105
1	121	74	120.851	74.5666	0.585833
1	121	74	121.021	73.9269	0.0760081
1	121	74	120.639	74.4975	0.614593
1	121	74	121.23	74.6425	0.682493
1	121	74	120.599	74.2811	0.490081
1	121	74	120.863	74.2494	0.284314
1	121	74	121.5	74.2083	0.541791
1	121	74	121.054	74.2256	0.231973
1	121	74	120.625	74.0982	0.388081
1	121	74	121.086	74.5289	0.535948
1	121	74	120.834	74.4366	0.467169
1	121	74	120.908	73.8122	0.209026
1	121	74	120.841	74.2237	0.274274
1	121	74	121.297	73.9285	0.305752
1	121	74	121.513	74.1624	0.537637
1	121	74	121.271	74.5272	0.592699
1	121	74	121.298	73.8399	0.338582
1	121	74	121.517	73.9359	0.521448
1	121	74	121.017	74.2772	0.277735
1	121	74	121.569	74.2135	0.608024
1	121	74	121.313	74.2853	0.423706
1	121	74	121.396	74.1602	0.427091
1	121	74	120.561	74.2444	0.50285
1	121	74	121.637	74.1759	0.66056
1	121	74	121.48	74.6452	0.804377
1	121	74	121.252	74.3537	0.43415
1	121	74	120.786	74.4996	0.543419
1	121	74	120.757	74.6631	0.706179
1	121	74	121.199	74.6378	0.668163
1	121	74	121.28	74.1233	0.306155
1	121	74	121.083	74.4236	0.431698
1	121	74	121.183	74.5985	0.626025
1	121	74	120.89	74.1357	0.174688
1	121	74	121.481	74.5359	0.720283
1	121	74	121.45	74.4877	0.663285
1	121	74	120.86	74.2647	0.299297
1	121	74	120.865	74.846	0.856717
1	121	74	121.355	74.3069	0.469347
1	121	74	120.894	73.9157	0.135424
1	121	74	120.789	73.9148	0.227137
1	121	74	121.04	74.2696	0.272574
1	121	74	120.672	74.4113	0.526048
1	121	74	120.866	73.8364	0.211497
1	121	74	121.532	74.4112	0.672573
1	121	74	120.881	74.2039	0.235991
1	121	74	120.895	74.1116	0.152979
1	121	74	120.844	74.7437	0.759963
1	121	74	120.998	74.81	0.809973
1	121	74	121.354	74.6916	0.77676
1	121	74	121.171	74.4311	0.463815
1	121	74	121.346	74.3806	0.514429
1	121	74	120.378	74.5325	0.818594
1	121	74	121.333	74.4036	0.523435
1	121	74	120.558	74.5663	0.718429
1	121	74	120.825	74.5054	0.534972
1	121	74	121.264	74.2675	0.37582
1	121	74	121.157	74.7142	0.731152
1	121	74	120.955	73.8237	0.181939
1	121	74	120.726	74.0907	0.28897
1	121	74	120.826	73.9768	0.175962
1	121	74	120.41	74.506	0.77708
1	121	74	121.133	74.3202	0.346774
1	121	74	121.17	74.6188	0.641767
1	121	74	121.587	74.2338	0.632292
1	121	74	120.937	74.6044	0.607768
1	121	74	120.919	74.3793	0.387813
1	121	74	120.839	74.2823	0.325106
1	121	74	120.736	74.5647	0.623244
1	121	74	121.226	74.7334	0.767313
1	121	74	120.772	73.9297	0.238706
1	121	74	121.04	74.1473	0.152635
1	121	74	120.569	74.1849	0.468816
1	121	74	121.172	74.5566	0.582566
1	121	74	121.259	74.5544	0.612135
1	121	74	120.765	74.5459	0.594248
1	121	74	120.959	74.3417	0.344061
1	121	74	121.317	74.2428	0.399233
1	121	74	120.6	74.0993	0.41191
1	121	74	121.351	74.3172	0.473123
1	121	74	120.598	74.2306	0.463458
1	121	74	121.148	74.561	0.58023
1	121	74	121.045	74.4094	0.411837
1	121	74	121.207	74.0995	0.229461
1	121	74	121.352	74.4979	0.609593
1	121	74	121.148	74.0236	0.149418
1	121	74	120.655	74.642	0.728942
1	121	74	120.87	74.1182	0.175522
1	121	74	120.721	74.4071	0.493296
1	121	74	121.237	74.3896	0.455805
1	121	74	121.353	74.3344	0.486069
1	121	74	121.238	74.6612	0.702598
1	121	74	121.23	74.5925	0.635356
1	121	74	120.983	74.5658	0.566072
1	121	74	121.711	74.2139	0.742078
1	121	74	120.821	74.0379	0.182729
1	121	74	121.147	74.5414	0.561029
1	121	74	121.362	74.5115	0.626385
1	121	74	121.222	74.6029	0.642333
1	121	74	121.178	73.9748	0.179879
1	121	74	121.18	74.0305	0.182246
1	121	74	121.196	73.9027	0.218503
1	121	74	121.088	74.8658	0.870265
1	121	74	121.262	74.5839	0.640033
1	121	74	121.385	73.9794	0.385335
1	121	74	120.517	74.4023	0.62838
1	121	74	120.925	74.2402	0.251697
1	121	74	121.083	73.8735	0.151315
1	121	74	121.04	74.0094	0.0408274
1	121	74	121.102	74.6468	0.654816
1	121	74	120.947	74.0765	0.0931799
1	121	74	120.883	74.115	0.164292
1	121	74	120.793	73.9813	0.20774
1	121	74	120.85	73.7999	0.250015
1	121	74	121.187	74.8256	0.84647
1	121	74	121.284	74.0728	0.293469
1	121	74	120.811	74.7304	0.754373
1	121	74	121.356	74.2753	0.449643
1	121	74	120.989	74.7478	0.747922
1	121	74	121.096	74.4806	0.490181
1	121	74	120.858	73.9795	0.143334
1	121	74	120.641	74.1487	0.388631
1	121	74	120.871	74.7047	0.716466
1	121	74	120.595	74.2942	0.500302
1	121	74	121.194	74.1672	0.256468
1	121	74	121	74.296	0.295988
1	121	74	120.944	73.8128	0.195318
1	121	74	120.885	73.7275	0.295856
1	121	74	121.513	74.5147	0.726566
1	121	74	121.281	74.5316	0.601399
1	121	74	120.533	74.431	0.635636
1	121	74	121.641	74.2319	0.681229
1	121	74	121.192	74.8552	0.876354
1	121	74	120.824	74.4278	0.462489
1	121	74	120.937	74.3863	0.391317
1	121	74	120.99	74.4895	0.489581
1	121	74	121.491	74.1549	0.515263
1	121	74	121.094	73.9819	0.0956849
1	121	74	121.487	74.2861	0.564973
1	121	74	121.312	74.0365	0.314575
1	121	74	120.751	74.3983	0.469631
1	121	74	121.118	74.5203	0.533586
1	121	74	120.77	74.398	0.459473
1	121	74	121.467	74.4817	0.670729
1	121	74	120.937	74.4983	0.502216
1	121	74	121.239	74.3914	0.4587
1	121	74	121.251	74.6517	0.698234
1	121	74	120.96	74.4578	0.459536
1	121	74	121.129	74.2897	0.317326
1	121	74	120.787	74.3793	0.435107
1	121	74	120.947	73.964	0.0643911
1	121	74	121.458	74.2367	0.515679
1	121	74	121.125	74.1596	0.202613
1	121	74	120.441	74.4647	0.727129
1	121	74	120.913	74.0375	0.0943392
1	121	74	121.055	74.5009	0.503879
1	121	74	120.729	74.0398	0.274119
1	121	74	120.796	74.1527	0.254527
1	121	74	121.041	74.6709	0.67215
1	121	74	121.704	74.2433	0.744438
1	121	74	121.204	74.2487	0.32145
1	121	74	120.708	74.5112	0.588911
1	121	74	121.023	73.7572	0.243869
1	121	74	121.066	73.9063	0.114867
1	121	74	121.357	74.4112	0.544498
1	121	74	120.966	74.4134	0.414762
1	121	74	120.939	74.0568	0.0833793
1	121	74	120.977	74.2948	0.295748
1	121	74	121.139	74.6019	0.617628
1	121	74	121.353	74.3985	0.532513
1	121	74	121.484	74.0175	0.4839
1	121	74	120.528	74.2969	0.557492
1	121	74	120.945	74.6359	0.638225
1	121	74	121.09	74.347	0.358454
1	121	74	120.965	73.8599	0.144346
1	121	74	120.76	73.986	0.240863
1	121	74	120.656	74.0038	0.344045
1	121	74	121.157	74.6336	0.652706
1	121	74	120.722	74.304	0.412278
1	121	74	121.114	74.7218	0.730852
1	121	74	121.323	74.7853	0.849015
1	121	74	120.801	73.8123	0.273405
1	121	74	120.83	74.3551	0.393777
1	121	74	121.016	74.6023	0.602457
1	121	74	121.074	74.4995	0.50494
1	121	74	121.152	73.9185	0.172358
1	121	74	121.03	74.0914	0.0962361
1	121	74	120.931	74.6793	0.682715
1	121	74	121.684	74.2084	0.71496
1	121	74	120.669	74.5026	0.601889
1	121	74	121.274	74.7325	0.781916
1	121	74	120.939	74.292	0.298365
1	121	74	121.541	74.2025	0.577281
1	121	74	120.959	74.1798	0.184546
1	121	74	120.503	74.473	0.68591
1	121	74	120.75	74.0201	0.251099
1	121	74	121.208	74.2696	0.340489
1	121	74	120.628	74.5846	0.692743
1	121	74	121.288	74.0491	0.292095
1	121	74	120.825	74.1642	0.240179
1	121	74	120.898	73.9583	0.110619
1	121	74	121.17	74.7016	0.722025
1	121	74	121.227	74.9002	0.92833
1	121	74	120.773	74.397	0.457383
1	121	74	120.687	74.5839	0.662664
1	121	74	121.302	74.6439	0.711411
1	121	74	120.909	74.7472	0.752682
1	121	74	121.416	74.2886	0.506511
1	121	74	121.223	74.8458	0.874812
1	121	74	121.281	74.5513	0.618868
1	121	74	120.813	74.2432	0.306862
1	121	74	121.665	74.1634	0.684909
1	121	74	121.211	73.9038	0.232268
1	121	74	120.886	74.7032	0.71238
1	121	74	121.45	74.0739	0.456486
1	121	74	120.737	74.0932	0.279166
1	121	74	120.756	74.7052	0.74613
1	121	74	120.705	74.1	0.311686
1	121	74	120.81	74.0991	0.214525
1	121	74	120.999	74.413	0.412964
1	121	74	120.953	73.9132	0.0986702
1	121	74	120.925	74.2801	0.290065
1	121	74	121.184	74.8368	0.856845
1	121	74	120.952	74.4943	0.496591
1	121	74	121.392	74.452	0.598638
1	121	74	121.527	74.3575	0.636397
1	121	74	120.959	74.534	0.53557
1	121	74	121.33	74.397	0.51612
1	121	74	120.545	74.2437	0.515944
1	121	74	121.758	74.2008	0.784092
1	121	74	121.026	74.6618	0.662305
1	121	74	120.702	74.7409	0.798621
1	121	74	121.449	74.2172	0.498673
1	121	74	120.873	74.1014	0.162298
1	121	74	121.192	74.3292	0.381093
1	121	74	120.966	74.2993	0.301138
1	121	74	121.353	74.3804	0.518992
1	121	74	121.104	74.0422	0.112531
1	121	74	121.196	74.3388	0.391581
1	121	74	121.058	74.146	0.156938
1	121	74	120.725	74.2339	0.360633
1	121	74	121.457	74.0594	0.460822
1	121	74	121.548	74.2629	0.608003
1	121	74	121.344	74.2129	0.404292
1	121	74	121.177	74.2389	0.297248
1	121	74	121.11	74.3676	0.383564
1	121	74	121.311	74.3242	0.449106
1	121	74	121.785	74.2036	0.811017
1	121	74	121.408	74.3384	0.529812
1	121	74	120.929	74.4923	0.497419
1	121	74	121.167	74.0767	0.183396
1	121	74	120.762	73.8975	0.259155
1	121	74	120.729	73.9773	0.271916
1	121	74	121.211	74.6478	0.681166
1	121	74	121.298	74.6214	0.689314
1	121	74	121.426	74.2188	0.478792
1	121	74	121.009	74.6156	0.615691
1	121	74	121.049	74.5545	0.556667
1	121	74	120.815	74.4052	0.445438
1	121	74	121.395	74.1097	0.410409
1	121	74	121.071	74.5735	0.577847
1	121	74	121.539	74.4772	0.720275
1	121	74	121.121	74.0815	0.146239
1	121	74	120.897	74.4809	0.491755
1	121	74	121.498	74.1398	0.517079
1	121	74	121.259	74.792	0.833211
1	121	74	120.93	74.0354	0.0781547
1	121	74	121.438	73.9473	0.440798
1	121	74	120.487	74.3845	0.640956
1	121	74	120.961	74.2866	0.289196
1	121	74	121.29	74.8614	0.908883
1	121	74	121.421	74.4817	0.639618
1	121	74	121.162	74.1058	0.193161
1	121	74	121.258	73.9266	0.26822
1	121	74	120.918	74.1763	0.194289
1	121	74	121.734	74.1506	0.748865
1	121	74	120.585	74.6326	0.756424
1	121	74	121.435	74.1445	0.458131
1	121	74	121.315	74.133	0.342328
1	121	74	121.165	74.8832	0.898484
1	121	74	120.99	74.27	0.270198
1	121	74	120.686	73.9536	0.317427
1	121	74	120.601	74.2519	0.471772
1	121	74	120.88	74.6446	0.655632
1	121	74	120.598	74.3058	0.504765
1	121	74	121.349	74.5846	0.680861
1	121	74	120.919	73.9695	0.0862693
1	121	74	120.882	74.1882	0.222082
1	121	74	120.98	74.6684	0.668653
1	121	74	120.84	74.5228	0.546766
1	121	74	120.984	73.6645	0.335872
1	121	74	120.882	73.8928	0.159342
1	121	74	120.867	73.82	0.223768
1	121	74	120.768	74.774	0.808059
1	121	74	121.311	74.3162	0.443464
1	121	74	120.974	74.5318	0.532479
1	121	74	120.885	74.543	0.55502
