1	121	74	134.71	77.6909	14.1979
1	121	74	110.085	96.5357	25.0401
1	121	74	134.485	73.3177	13.5021
1	121	74	122.767	85.3629	11.4994
1	121	74	122.964	74.7517	2.10275
1	121	74	108.067	95.7907	25.3398
1	121	74	141.123	86.8598	23.8813
1	121	74	139.566	85.0031	21.5815
1	121	74	125.139	77.2919	5.28842
1	121	74	123.227	88.3117	14.4839
1	121	74	122.909	46.9196	27.1476
1	121	74	138.384	77.8403	17.8029
1	121	74	135.251	81.3572	16.0384
1	121	74	107.513	97.4525	27.0541
1	121	74	96.0399	51.2739	33.7562
1	121	74	125.087	76.5515	4.8181
1	121	74	120.555	75.358	1.42907
1	121	74	128.413	72.5489	7.55343
1	121	74	129.569	72.6474	8.67551
1	121	74	119.153	91.6891	17.7853
1	121	74	140.385	82.5005	21.1671
1	121	74	129.2	80.4863	10.4552
1	121	74	103.612	97.3828	29.1395
1	121	74	105.978	50.6054	27.802
1	121	74	122.97	73.4998	2.03221
1	121	74	120.232	80.3952	6.44114
1	121	74	106.807	90.1753	21.5194
1	121	74	117.354	57.1501	17.2399
1	121	74	118.769	78.1736	4.73236
1	121	74	134.885	83.4508	16.7964
1	121	74	127.13	72.8119	6.24432
1	121	74	135.054	79.1965	14.9843
1	121	74	122.651	87.5774	13.6774
1	121	74	120.223	94.1915	20.2065
1	121	74	133.762	82.6593	15.4224
1	121	74	105.362	45.1723	32.796
1	121	74	84.8985	59.6081	38.8645
1	121	74	95.1852	97.4371	34.867
1	121	74	10.7007	83.1973	110.682
1	121	74	135.021	48.6459	28.9726
1	121	74	121.592	71.5063	2.56313
1	121	74	128.185	77.4076	7.95174
1	121	74	85.0022	66.0544	36.8643
1	121	74	131.303	72.119	10.4738
1	121	74	139.285	55.1568	26.2566
1	121	74	108.611	53.1807	24.2268
1	121	74	136.093	75.546	15.1716
1	121	74	128.271	79.1619	8.91702
1	121	74	117.997	46.09	28.0711
1	121	74	126.199	75.2093	5.33801
1	121	74	45.1629	30.5166	87.419
1	121	74	95.5986	93.5894	32.0776
1	121	74	114.609	79.7437	8.59279
1	121	74	129.06	79.9476	10.0165
1	121	74	121.087	75.525	1.52753
1	121	74	139.196	74.4018	18.2008
1	121	74	113.459	45.3776	29.5992
1	121	74	133.645	77.567	13.1381
1	121	74	87.9315	65.4368	34.1593
1	121	74	135.111	68.9902	14.974
1	121	74	112.432	82.578	12.1242
1	121	74	71.4287	10.6104	80.4708
1	121	74	122.197	94.5123	20.5472
1	121	74	125.058	47.2375	27.0684
1	121	74	122.742	69.9586	4.40086
1	121	74	120.338	91.2498	17.2625
1	121	74	62.5964	54.6553	61.5239
1	121	74	135.202	73.5187	14.2097
1	121	74	123.721	72.1806	3.27331
1	121	74	117.379	77.2949	4.89561
1	121	74	50.8964	34.7536	80.3417
1	121	74	128.59	63.9564	12.5887
1	121	74	122.879	77.1359	3.65587
1	121	74	123.29	85.2164	11.4478
1	121	74	113.072	45.3365	29.7397
1	121	74	130.726	84.4481	14.274
1	121	74	141.586	60.1202	24.8277
1	121	74	112.57	97.4504	24.9197
1	121	74	100.779	56.2708	26.8927
1	121	74	131.879	68.2509	12.3043
1	121	74	117.424	76.0991	4.14621
1	121	74	62.7074	59.9127	59.9707
1	121	74	139.685	84.9979	21.6814
1	121	74	101.492	74.4791	19.5139
1	121	74	132.033	83.2494	14.397
1	121	74	123.938	89.2628	15.543
1	121	74	87.831	65.3366	34.2818
1	121	74	109.07	95.8989	24.9376
1	121	74	122.242	85.8172	11.8823
1	121	74	125.722	90.4647	17.1284
1	121	74	73.158	93.3848	51.62
1	121	74	124.986	78.6939	6.15792
1	121	74	91.4	58.368	33.4741
1	121	74	133.223	72.0529	12.3776
1	121	74	113.456	97.3984	24.5846
1	121	74	139.522	83.5495	20.8388
1	121	74	49.9704	31.594	82.7253
1	121	74	88.0489	65.7023	33.9798
1	121	74	117.725	46.0888	28.1027
1	121	74	139.541	70.891	18.7997
1	121	74	104.67	97.4391	28.5667
1	121	74	119.777	74.1063	1.22728
1	121	74	88.1269	65.5844	33.9332
1	121	74	119.767	90.1561	16.2031
1	121	74	114.521	95.6199	22.57
1	121	74	127.44	62.4032	13.2652
1	121	74	116.154	76.8598	5.62678
1	121	74	139.196	70.7366	18.4867
1	121	74	116.547	45.8771	28.4733
1	121	74	117.326	46.0041	28.2359
1	121	74	109.071	80.6352	13.6503
1	121	74	105.72	48.9017	29.3838
1	121	74	125.364	91.4786	18.0151
1	121	74	94.657	55.1497	32.3927
1	121	74	97.2621	94.0511	31.073
1	121	74	118.098	81.7503	8.27587
1	121	74	130.895	80.4802	11.8282
1	121	74	127.32	49.4006	25.3984
1	121	74	113.266	45.3366	29.6885
1	121	74	136.68	72.5171	15.7498
1	121	74	116.777	77.6724	5.59672
1	121	74	111.955	89.4887	17.9362
1	121	74	138.775	86.0884	21.4961
1	121	74	95.3853	95.8052	33.639
1	121	74	121.759	75.4232	1.61309
1	121	74	121.932	46.7424	27.2736
1	121	74	125.553	47.2852	27.0999
1	121	74	123.344	84.8117	11.0628
1	121	74	118.387	97.4121	23.5574
1	121	74	100.018	50.7329	31.3304
1	121	74	97.164	54.2406	30.9611
1	121	74	119.917	73.7701	1.10669
1	121	74	131.651	56.3886	20.5818
1	121	74	128.96	75.6832	8.13604
1	121	74	112.515	45.2142	30.0102
1	121	74	140.28	71.0803	19.4995
1	121	74	118.952	64.3892	9.82668
1	121	74	104.766	54.9598	25.0214
1	121	74	115.763	45.7509	28.7305
1	121	74	127.802	70.2191	7.78221
1	121	74	115.515	45.7092	28.8176
1	121	74	127.567	80.8346	9.47835
1	121	74	112.297	45.1736	30.1116
1	121	74	117.304	83.1735	9.88998
1	121	74	112.478	91.8541	19.7836
1	121	74	139.692	84.0597	21.227
1	121	74	139.132	74.7908	18.1497
1	121	74	114.65	97.4145	24.2603
1	121	74	52.463	38.7215	77.0836
1	121	74	132.764	76.9453	12.1267
1	121	74	132.206	74.5467	11.219
1	121	74	135.354	76.9929	14.6631
1	121	74	110.724	69.6945	11.1414
1	121	74	71.3499	10.6656	80.476
1	121	74	125.894	66.3849	9.05198
1	121	74	104.637	97.1336	28.3357
1	121	74	57.6309	43.9117	70.1495
1	121	74	106.48	97.4395	27.5724
1	121	74	131.927	80.4897	12.7091
1	121	74	54.3838	35.4975	76.9426
1	121	74	141.601	78.9932	21.198
1	121	74	123.277	73.349	2.36823
1	121	74	127.586	75.5511	6.76612
1	121	74	114.171	45.5011	29.3058
1	121	74	138.354	68.4258	18.2273
1	121	74	119.41	86.3437	12.4457
1	121	74	118.235	83.6598	10.0477
1	121	74	130.446	56.6089	19.791
1	121	74	117.235	45.9623	28.2893
1	121	74	117.937	78.4817	5.42812
1	121	74	136.928	78.8394	16.6467
1	121	74	99.7465	97.1065	31.3946
1	121	74	87.2176	46.2828	43.6978
1	121	74	123.308	77.4466	4.14812
1	121	74	135.248	76.0982	14.402
1	121	74	117.983	79.4005	6.18615
1	121	74	113.091	68.5172	9.62387
1	121	74	141.094	83.3438	22.1598
1	121	74	117.175	45.9621	28.2976
1	121	74	139.697	75.0778	18.7285
1	121	74	127.781	54.5488	20.5991
1	121	74	135.119	89.3946	20.8885
1	121	74	134.216	72.5466	13.2955
1	121	74	115.938	45.7514	28.6986
1	121	74	119.101	46.3038	27.7612
1	121	74	119.35	46.347	27.7021
1	121	74	100.623	49.8058	31.6318
1	121	74	122.875	93.4107	19.501
1	121	74	85.3051	66.1527	36.5473
1	121	74	40.6307	24.5004	94.3898
1	121	74	134.394	71.6746	13.5942
1	121	74	110.521	95.7702	24.1607
1	121	74	84.6594	66.3128	37.1447
1	121	74	87.4803	65.6685	34.5396
1	121	74	120.573	74.6695	0.79392
1	121	74	118.184	60.3624	13.9253
1	121	74	115.228	81.081	9.13516
1	121	74	114.301	97.4868	24.4235
1	121	74	104.79	69.6491	16.7833
1	121	74	115.76	45.7509	28.731
1	121	74	117.582	76.7369	4.37865
1	121	74	111.92	93.6529	21.649
1	121	74	115.161	66.4193	9.56879
1	121	74	141.351	78.9655	20.9484
1	121	74	126.973	73.6521	5.9828
1	121	74	113.347	89.5474	17.3287
1	121	74	52.2517	37.9977	77.6047
1	121	74	127.044	75.2726	6.17609
1	121	74	71.475	10.5216	80.5123
1	121	74	132.064	52.323	24.3371
1	121	74	137.514	76.7285	16.7375
1	121	74	142.073	86.2244	24.3617
1	121	74	122.366	66.7662	7.36162
1	121	74	133.695	73.4416	12.7068
1	121	74	112.42	45.2141	30.0373
1	121	74	124.783	76.9341	4.78757
1	121	74	130.21	77.442	9.83253
1	121	74	134.847	70.7871	14.2151
1	121	74	105.263	97.4392	28.232
1	121	74	100.789	55.4698	27.42
1	121	74	123.833	73.4817	2.8803
1	121	74	87.129	65.4501	34.9335
1	121	74	78.689	20.9686	67.8421
1	121	74	103.681	76.4229	17.4874
1	121	74	101.624	96.6559	29.8113
1	121	74	127.383	83.3403	11.3132
1	121	74	138.252	55.8361	25.0509
1	121	74	88.2399	65.5652	33.8285
1	121	74	121.993	74.8287	1.29307
1	121	74	124.253	72.7883	3.47145
1	121	74	121.419	74.2202	0.472937
1	121	74	122.761	78.8814	5.18947
1	121	74	107.251	94.8904	25.0089
1	121	74	139.185	59.4652	23.2803
1	121	74	122.092	71.0227	3.17125
1	121	74	117.625	46.0468	28.1562
1	121	74	119.725	88.9157	14.9701
1	121	74	123.615	82.1494	8.55872
1	121	74	123.944	47.0561	27.1043
1	121	74	119.262	88.2146	14.3205
1	121	74	71.3605	10.5291	80.5768
1	121	74	86.34	65.69	35.6423
1	121	74	115.612	82.2441	9.84856
1	121	74	133.5	64.2477	15.8546
1	121	74	129.9	80.0353	10.7531
1	121	74	128.042	71.3499	7.52444
1	121	74	141.941	82.3578	22.5476
1	121	74	104.511	87.759	21.4754
1	121	74	132.072	89.7937	19.2882
1	121	74	99.0378	91.0527	27.8053
1	121	74	137.305	84.6936	19.4985
1	121	74	133.298	71.6153	12.5273
1	121	74	129.473	85.4078	14.2103
1	121	74	114.284	84.3485	12.3366
1	121	74	139.404	86.1585	22.0577
1	121	74	103.028	79.3282	18.7451
1	121	74	137.107	75.3359	16.162
1	121	74	114.123	84.0688	12.1934
1	121	74	116.165	91.7881	18.4334
1	121	74	122.58	74.0057	1.58049
1	121	74	114.686	83.4471	11.3629
1	121	74	123.296	77.2796	4.00343
1	121	74	119.174	60.2759	13.845
1	121	74	119.228	46.3045	27.7521
1	121	74	139.852	73.012	18.8774
1	121	74	112.174	45.1735	30.1474
1	121	74	125.972	81.4181	8.93046
1	121	74	99.086	48.8812	33.3343
1	121	74	128.502	73.4945	7.51881
1	121	74	114.046	78.3643	8.21006
1	121	74	112.243	92.1733	20.173
1	121	74	101.534	97.4385	30.468
1	121	74	124.098	71.0505	4.2773
1	121	74	122.53	91.0604	17.1288
1	121	74	127.374	87.2725	14.7237
1	121	74	118.701	80.7422	7.12332
1	121	74	125.228	75.6619	4.54301
1	121	74	139.232	72.8731	18.2666
1	121	74	116.539	97.4434	23.864
1	121	74	118.696	88.5037	14.6856
1	121	74	134.089	72.5013	13.1743
1	121	74	129.556	72.1603	8.75119
1	121	74	118.868	78.1479	4.66378
1	121	74	121.389	88.799	14.8041
1	121	74	136.232	85.6162	19.1563
1	121	74	98.2359	93.1925	29.7751
1	121	74	106.138	81.4661	16.6322
1	121	74	111.97	82.4504	12.367
1	121	74	121.588	46.6976	27.3087
1	121	74	141.894	82.1031	22.4098
1	121	74	123.75	72.0379	3.37813
1	121	74	61.0128	44.6262	66.7928
1	121	74	122.547	78.2153	4.49022
1	121	74	86.329	65.707	35.649
1	121	74	115.204	92.0314	18.9399
1	121	74	86.8137	65.8165	35.1522
1	121	74	121.181	73.3384	0.685965
1	121	74	122.504	71.3583	3.04
1	121	74	126.046	81.8716	9.34987
1	121	74	129.603	71.7677	8.88837
1	121	74	100.539	55.6422	27.489
1	121	74	137.108	59.5153	21.6624
1	121	74	135.137	77.4872	14.5612
1	121	74	123.884	93.8306	20.0392
1	121	74	100.549	70.2629	20.79
1	121	74	125.128	73.305	4.18655
1	121	74	141.093	83.3239	22.1512
1	121	74	92.9542	68.215	28.6362
1	121	74	96.7276	97.4375	33.7411
1	121	74	113.385	60.6153	15.3994
1	121	74	141.363	75.2243	20.3999
1	121	74	124.125	72.7774	3.35545
1	121	74	113.076	81.1152	10.6496
1	121	74	105.069	82.6155	18.1111
1	121	74	104.276	84.3297	19.6572
1	121	74	137.842	78.2434	17.3684
1	121	74	138.772	86.0134	21.4515
1	121	74	137.194	78.0059	16.6817
1	121	74	111.711	97.4856	25.2557
1	121	74	111.288	96.9655	24.9346
1	121	74	110.722	97.4918	25.642
1	121	74	126.604	80.212	8.36595
1	121	74	128.53	91.9846	19.4974
1	121	74	101.582	49.7085	31.0986
1	121	74	109.226	95.8558	24.8254
1	121	74	118.388	76.9675	3.95324
1	121	74	119.628	70.0281	4.20222
1	121	74	107.766	52.9209	24.8893
1	121	74	139.128	83.5894	20.5082
1	121	74	141.477	86.9653	24.2363
1	121	74	125.035	93.367	19.7829
1	121	74	123.672	75.5708	3.09974
1	121	74	122.771	78.4236	4.76485
1	121	74	60.4991	45.6575	66.8106
1	121	74	141.269	81.0646	21.4645
1	121	74	139.51	87.6443	22.995
1	121	74	103.653	83.6881	19.8692
1	121	74	120.359	76.8611	2.932
1	121	74	131.354	83.2024	13.8523
1	121	74	87.8952	87.1981	35.6387
1	121	74	40.7878	24.3905	94.3139
1	121	74	29.5568	38.1597	98.216
1	121	74	128.664	75.8399	7.88217
1	121	74	105.544	85.2335	19.1068
1	121	74	127.868	65.6607	10.8031
1	121	74	142.187	81.6673	22.5314
1	121	74	123.892	78.8263	5.62634
1	121	74	122.907	76.2077	2.91737
1	121	74	126.443	80.2505	8.28813
1	121	74	137.341	74.9518	16.3685
1	121	74	133.499	82.4231	15.0724
1	121	74	119.919	76.002	2.27531
1	121	74	115.645	45.7505	28.7526
1	121	74	119.298	46.3049	27.7474
1	121	74	137.089	60.0314	21.3066
1	121	74	133.086	50.9117	26.0605
1	121	74	120.726	46.523	27.4783
1	121	74	99.5435	97.4381	31.7761
1	121	74	90.5335	97.4399	38.44
1	121	74	114.184	84.5693	12.5764
1	121	74	137.471	86.2434	20.5231
1	121	74	87.0045	65.9598	34.9334
1	121	74	141.604	82.5818	22.3195
1	121	74	132.37	79.338	12.5603
1	121	74	84.1966	66.3301	37.5941
1	121	74	130.628	76.9926	10.0826
1	121	74	129.899	76.7705	9.32056
1	121	74	105.605	45.1723	32.6809
1	121	74	119.103	76.6249	3.23879
1	121	74	87.7868	65.6753	34.2406
1	121	74	114.751	45.584	29.0949
1	121	74	133.167	82.8948	15.072
1	121	74	133.265	74.5455	12.2767
1	121	74	117.606	84.8573	11.3753
1	121	74	97.3406	58.7317	28.1582
1	121	74	109.969	70.163	11.6788
1	121	74	89.4215	23.4763	59.5806
1	121	74	138.876	64.6771	20.1612
1	121	74	124.862	77.3803	5.13257
1	121	74	123.213	71.9341	3.02716
1	121	74	125.814	75.4025	5.01372
1	121	74	141.09	71.7193	20.219
1	121	74	117.781	46.0891	28.096
1	121	74	130.427	80.2241	11.2968
1	121	74	137.785	72.3214	16.8684
1	121	74	114.111	45.4601	29.3596
1	121	74	119.059	73.3596	2.04346
1	121	74	119.735	71.8041	2.53402
1	121	74	125.025	62.7214	11.9752
1	121	74	133.776	71.3505	13.0481
1	121	74	118.215	78.5933	5.37139
1	121	74	86.1193	65.7219	35.8496
1	121	74	112.21	45.1735	30.137
1	121	74	141.369	84.6086	22.966
1	121	74	115.132	92.9924	19.8783
1	121	74	101.029	47.088	33.5126
1	121	74	103.81	65.2338	19.2963
1	121	74	85.1547	66.0829	36.7092
1	121	74	127.103	91.3532	18.395
1	121	74	134.508	74.2979	13.5113
1	121	74	123.86	74.4929	2.90258
1	121	74	126.863	77.7425	6.95585
1	121	74	137.669	78.7195	17.3239
1	121	74	120.199	75.2682	1.49983
1	121	74	91.7463	52.6939	36.1902
1	121	74	121.418	53.4477	20.5565
1	121	74	102.81	97.483	29.7037
1	121	74	139.863	69.4134	19.4127
1	121	74	98.0943	46.0503	36.1366
1	121	74	119.699	72.3676	2.08753
1	121	74	140.346	73.7148	19.3483
1	121	74	118.029	82.5642	9.06505
1	121	74	120.294	85.8165	11.8376
1	121	74	128.355	72.1136	7.59317
1	121	74	119.023	96.1706	22.2586
1	121	74	115.719	85.9231	13.0404
1	121	74	132.364	77.2776	11.8274
1	121	74	123.728	87.9125	14.1775
1	121	74	124.493	80.686	7.54335
1	121	74	126.273	92.4307	19.1702
1	121	74	112.733	97.4213	24.8376
1	121	74	125.601	78.4029	6.3686
1	121	74	138.539	65.8668	19.3335
1	121	74	108.683	52.054	25.1664
1	121	74	136.507	71.691	15.6779
1	121	74	87.683	91.9305	37.8355
1	121	74	131.515	75.2705	10.5913
1	121	74	139.968	84.6308	21.7443
1	121	74	128.288	91.3939	18.859
1	121	74	90.1941	88.4134	34.011
1	121	74	122.862	84.0721	10.2428
1	121	74	124.225	75.4358	3.53034
1	121	74	126.175	70.3669	6.32321
1	121	74	101.078	97.1126	30.5138
1	121	74	123.122	75.4406	2.56469
1	121	74	103.994	97.439	28.9584
1	121	74	84.406	31.1973	56.3133
1	121	74	140.526	83.2777	21.6182
1	121	74	123.088	67.055	7.25209
1	121	74	123.382	79.8227	6.29114
1	121	74	117.255	52.3341	21.9872
1	121	74	93.7817	93.2664	33.3471
1	121	74	141.495	69.592	20.9634
1	121	74	95.2028	96.7252	34.3792
1	121	74	117.325	46.0041	28.2361
1	121	74	130.167	64.022	13.5498
1	121	74	119.795	76.6383	2.9003
1	121	74	132.787	83.6353	15.2238
1	121	74	85.7451	66.0645	36.1369
1	121	74	115.602	81.1863	8.98774
1	121	74	134.479	72.9989	13.5164
1	121	74	121.039	67.1701	6.83001
1	121	74	116.425	86.3251	13.1467
1	121	74	133.856	81.2871	14.7777
1	121	74	119.127	46.304	27.7593
1	121	74	120.514	80.2586	6.27749
1	121	74	85.2158	65.0141	36.8952
1	121	74	135.757	79.604	15.7856
1	121	74	105.085	97.4392	28.3317
1	121	74	53.3707	97.4282	71.5723
1	121	74	86.2622	65.7213	35.7106
1	121	74	109.167	74.0047	11.8332
1	121	74	132.642	82.7672	14.574
1	121	74	118.533	84.7783	11.0569
1	121	74	140.818	84.0542	22.2223
1	121	74	128.806	75.8407	8.02028
1	121	74	105.445	88.2404	21.0891
1	121	74	52.0527	97.4279	72.8189
1	121	74	136.6	61.6899	19.8724
1	121	74	121.662	90.3989	16.4123
1	121	74	124.289	74.0393	3.28952
1	121	74	135.89	73.1014	14.9171
1	121	74	104.518	62.5033	20.0953
1	121	74	71.0943	17.3519	75.4956
1	121	74	133.948	76.0866	13.1146
1	121	74	111.328	45.1734	30.406
1	121	74	130.949	64.9665	13.4383
1	121	74	123.438	91.8971	18.0624
1	121	74	133.179	83.3909	15.3792
1	121	74	120.51	92.9362	18.9425
1	121	74	114.23	76.4777	7.20916
1	121	74	117.87	84.1419	10.614
1	121	74	130.803	77.279	10.337
1	121	74	124.43	77.3662	4.80588
1	121	74	121.871	76.9753	3.10002
1	121	74	138.631	72.7379	17.6765
1	121	74	115.797	82.1122	9.63742
1	121	74	116.724	45.919	28.4047
1	121	74	122.317	76.0435	2.43136
1	121	74	117.157	78.5561	5.96064
1	121	74	97.1286	51.3064	32.9369
1	121	74	142.184	84.4201	23.6078
1	121	74	126.672	75.6145	5.89727
1	121	74	117.309	95.3547	21.6714
1	121	74	124.633	47.1478	27.0969
1	121	74	142.093	72.7146	21.132
1	121	74	128.305	92.5503	19.9368
1	121	74	118.782	46.2604	27.8281
1	121	74	119.508	78.352	4.60055
1	121	74	103.498	88.5878	22.7839
1	121	74	131.148	87.6374	16.9986
1	121	74	130.488	75.2495	9.56957
1	121	74	71.0373	10.8672	80.511
1	121	74	121.936	94.7782	20.7993
1	121	74	127.473	82.7431	10.8785
1	121	74	138.683	61.8163	21.4739
1	121	74	124.809	83.3341	10.0814
1	121	74	103.447	87.8076	22.3332
1	121	74	140.868	71.3011	20.0506
1	121	74	72.0596	10.9389	79.824
1	121	74	108.811	45.1729	31.298
1	121	74	137.695	75.3638	16.7503
1	121	74	94.9491	70.1109	26.3396
1	121	74	103.433	97.4389	29.291
1	121	74	139.784	87.3192	23.0272
1	121	74	128.749	88.0631	16.0567
1	121	74	126.387	81.5189	9.24953
1	121	74	58.4219	31.5527	75.6161
1	121	74	113.036	94.9542	22.4166
1	121	74	111.932	94.2087	22.1501
1	121	74	121.9	74.254	0.934701
1	121	74	109.722	62.328	16.2302
1	121	74	122.652	66.0699	8.10035
1	121	74	105.643	97.15	27.7806
1	121	74	114.576	45.5427	29.1733
1	121	74	116.687	84.0485	10.9352
1	121	74	77.5745	86.4708	45.1807
1	121	74	111.29	64.9214	13.2933
1	121	74	43.3525	26.0403	91.2648
1	121	74	127.804	73.1522	6.85659
1	121	74	140.034	84.6605	21.8161
1	121	74	118.038	83.0284	9.50172
1	121	74	141.819	82.5309	22.4992
1	121	74	106.878	71.62	14.321
1	121	74	118.43	46.1752	27.9432
1	121	74	117.133	84.2463	10.9516
1	121	74	107.321	95.7625	25.7048
1	121	74	139.397	85.3112	21.5957
1	121	74	116.908	45.9197	28.3769
1	121	74	122.283	78.5893	4.76536
1	121	74	118.502	77.898	4.62986
1	121	74	118.483	46.1755	27.9382
1	121	74	44.4351	41.8716	83.0326
1	121	74	127.052	77.2077	6.84991
1	121	74	74.1045	11.6162	78.0444
1	121	74	133.108	57.3888	20.5556
1	121	74	115.894	83.8881	11.1285
1	121	74	141.113	63.8455	22.5311
1	121	74	120.174	86.0136	12.042
1	121	74	126.303	94.139	20.8254
1	121	74	86.3499	64.4934	35.9305
1	121	74	127.676	70.4025	7.58365
1	121	74	121.641	50.8899	23.119
1	121	74	119.122	68.8359	5.49501
1	121	74	123.465	87.9214	14.138
1	121	74	124.439	72.7338	3.66503
1	121	74	124.898	73.532	3.92555
1	121	74	141.835	71.6325	20.9687
1	121	74	122.987	74.1216	1.99066
1	121	74	140.471	71.5791	19.6211
1	121	74	133.27	79.7519	13.5509
1	121	74	137.302	73.2024	16.3212
1	121	74	140.623	74.5334	19.6306
1	121	74	140.392	54.9605	27.1761
1	121	74	121.407	70.8991	3.12755
1	121	74	113.834	87.6377	15.4059
1	121	74	115.265	97.4413	24.1327
1	121	74	126.976	74.2938	5.98348
1	121	74	137.139	76.0205	16.2651
1	121	74	112.376	45.1736	30.0887
1	121	74	136.784	78.8902	16.5244
1	121	74	140.572	70.6306	19.8603
1	121	74	117.047	70.4252	5.3297
1	121	74	120.377	76.1193	2.2091
1	121	74	141.273	83.1442	22.2402
1	121	74	82.263	59.5761	41.3352
1	121	74	127.602	71.8446	6.9453
1	121	74	122.751	91.5025	17.5899
1	121	74	124.92	86.1475	12.7644
1	121	74	126.44	93.7891	20.5231
1	121	74	136.572	78.8154	16.2991
1	121	74	116.436	81.491	8.77186
1	121	74	135.569	80.168	15.8211
1	121	74	100.377	93.7096	28.5267
1	121	74	127.249	77.9039	7.36791
1	121	74	124.257	82.4883	9.09176
1	121	74	122.836	90.1431	16.2472
1	121	74	98.5601	96.322	31.6515
1	121	74	85.1878	64.954	36.937
1	121	74	123.955	92.1488	18.3877
1	121	74	84.6828	63.2708	37.869
1	121	74	131.636	71.4051	10.9483
1	121	74	105.93	50.8259	27.6434
1	121	74	81.3152	21.4478	65.853
1	121	74	123.403	84.5639	10.8336
1	121	74	125.002	69.6178	5.93482
1	121	74	96.3533	95.0686	32.4244
1	121	74	127.621	79.3737	8.52712
1	121	74	85.4293	66.063	36.4454
1	121	74	110.69	79.553	11.7103
1	121	74	117.672	70.7607	4.64393
1	121	74	114.368	89.471	16.8327
1	121	74	102.896	97.4388	29.6164
1	121	74	125.266	93.1685	19.6374
1	121	74	140.406	64.5207	21.597
1	121	74	141.643	81.0923	21.827
1	121	74	121.894	76.0966	2.27911
1	121	74	138.325	77.081	17.5973
1	121	74	127.214	88.175	15.4771
1	121	74	141.227	61.6663	23.6904
1	121	74	87.93	90.0452	36.757
1	121	74	133.996	72.4705	13.0861
1	121	74	8.1935	85.316	113.373
1	121	74	86.825	65.9865	35.102
1	121	74	113.232	45.3366	29.6972
1	121	74	137.459	79.2768	17.2844
1	121	74	119.178	73.408	1.91543
1	121	74	78.16	50.6321	48.7989
1	121	74	124.844	84.0509	10.7611
1	121	74	119.634	46.3905	27.6433
1	121	74	138.209	74.4015	17.2132
1	121	74	122.338	46.7877	27.2451
1	121	74	127.248	92.2631	19.3023
1	121	74	101.857	56.1925	26.1448
1	121	74	124.667	77.847	5.31463
1	121	74	119.495	76.259	2.71464
1	121	74	131.127	83.4959	13.8826
1	121	74	99.6409	92.2591	28.0999
1	121	74	136.15	79.7899	16.2184
1	121	74	126.003	92.8264	19.4798
1	121	74	135.155	53.4593	24.9457
1	121	74	86.2623	65.9905	35.6491
1	121	74	141.109	83.0259	22.0419
1	121	74	140.264	81.9067	20.8234
1	121	74	137.577	77.7603	16.9986
1	121	74	131.153	65.0865	13.5102
1	121	74	129.692	93.5766	21.4195
1	121	74	137.408	76.406	16.5831
1	121	74	125.236	88.4469	15.0551
1	121	74	131.468	74.8104	10.4998
1	121	74	113.655	58.9755	16.7238
1	121	74	135.324	58.5502	21.0685
1	121	74	135.926	60.0746	20.4129
1	121	74	135.721	78.4898	15.3904
1	121	74	138.048	81.2815	18.5375
1	121	74	138.005	74.1607	17.0054
1	121	74	139.918	84.5755	21.673
1	121	74	117.462	57.7401	16.6403
1	121	74	135.048	79.1108	14.9487
1	121	74	133.475	64.3189	15.7908
1	121	74	84.9436	65.9109	36.9526
1	121	74	119.585	74.8364	1.64375
1	121	74	129.277	79.2265	9.78912
1	121	74	111.254	46.5011	29.1749
1	121	74	121.317	47.7685	26.2334
1	121	74	114.165	92.0949	19.3428
1	121	74	128.543	59.1547	16.6515
1	121	74	126.752	78.5864	7.35661
1	121	74	92.4928	94.5433	35.1381
1	121	74	127.644	72.7706	6.75708
1	121	74	116.868	83.3306	10.2046
1	121	74	118.649	79.2226	5.72741
1	121	74	86.667	65.6616	35.331
1	121	74	88.2159	65.5646	33.852
1	121	74	96.0447	52.2857	33.0798
1	121	74	123.789	71.3717	3.83258
1	121	74	125.895	68.0796	7.68176
1	121	74	134.865	77.3633	14.267
1	121	74	141.52	82.138	22.0752
1	121	74	114.067	97.2357	24.2479
1	121	74	141.333	83.1451	22.2947
1	121	74	10.7003	83.1808	110.681
1	121	74	123.888	74.2286	2.89748
1	121	74	121.991	72.2653	1.99767
1	121	74	103.651	50.1202	29.5169
1	121	74	110.319	97.2426	25.5793
1	121	74	130.218	81.1968	11.6943
1	121	74	134.92	74.1715	13.9211
1	121	74	117.098	77.3567	5.14732
1	121	74	120.297	71.7038	2.40147
1	121	74	129.906	89.2153	17.6299
1	121	74	136.876	80.9686	17.338
1	121	74	122.938	69.6734	4.74093
1	121	74	130.704	86.6335	15.9305
1	121	74	123.069	78.3625	4.82845
1	121	74	112.069	88.648	17.156
1	121	74	90.5898	21.1671	60.9598
1	121	74	118.274	80.3181	6.88095
1	121	74	130.346	75.3976	9.45015
1	121	74	122.15	70.4201	3.76018
1	121	74	128.385	69.8993	8.44667
1	121	74	138.891	86.0361	21.5627
1	121	74	103.114	97.4388	29.4835
1	121	74	121.709	77.2608	3.33693
1	121	74	114.527	80.2117	8.97149
1	121	74	139.256	71.1623	18.4751
1	121	74	110.628	59.0944	18.1592
1	121	74	119.818	90.3964	16.4389
1	121	74	122.951	76.6242	3.27002
1	121	74	134.75	78.1118	14.3517
1	121	74	117.051	78.6422	6.09497
1	121	74	115.401	75.8898	5.90964
1	121	74	102.098	45.5464	34.16
1	121	74	119.632	90.1755	16.2332
1	121	74	93.984	97.4369	35.7652
1	121	74	113.782	68.7349	8.93393
1	121	74	111.373	96.8803	24.823
1	121	74	139.001	84.1437	20.6621
1	121	74	102.264	92.5183	26.3433
1	121	74	134.32	76.333	13.5225
1	121	74	131.894	84.2067	14.9287
1	121	74	120.31	91.308	17.3217
1	121	74	136.683	78.438	16.2989
1	121	74	141.723	74.1234	20.723
1	121	74	107.446	95.0605	25.0451
1	121	74	130.364	72.4853	9.48565
1	121	74	117.588	46.0467	28.1608
1	121	74	119.312	77.5691	3.94818
1	121	74	137.284	78.8585	16.993
1	121	74	129.932	80.2938	10.9271
1	121	74	120.017	81.2104	7.27708
1	121	74	102.491	92.3188	26.0412
1	121	74	114.329	67.8784	9.05411
1	121	74	140.43	83.0733	21.4441
1	121	74	137.072	78.9842	16.8267
1	121	74	129.358	47.617	27.6754
1	121	74	118.507	78.0264	4.73557
1	121	74	129.296	70.3002	9.0832
1	121	74	113.406	62.6303	13.6728
1	121	74	114.48	45.5425	29.1949
1	121	74	135.679	73.9327	14.6787
1	121	74	125.453	69.5901	6.26676
1	121	74	120.692	72.3742	1.65474
1	121	74	127.696	70.1222	7.73826
1	121	74	108.207	97.2321	26.5216
1	121	74	130.868	79.3066	11.2044
1	121	74	136.225	78.2919	15.8184
1	121	74	115.701	45.7507	28.742
1	121	74	87.9621	65.6411	34.079
1	121	74	84.7132	63.6519	37.7335
1	121	74	124.809	87.4078	13.9384
1	121	74	112.171	81.2125	11.4005
1	121	74	132.908	75.1222	11.9611
1	121	74	132.038	66.2126	13.5084
1	121	74	118.595	73.2687	2.51327
1	121	74	139.34	85.3785	21.5831
1	121	74	128.181	75.9307	7.43571
1	121	74	134.538	77.8321	14.0695
1	121	74	117.546	46.0465	28.1661
1	121	74	119.708	48.5947	25.4381
1	121	74	138.829	71.2946	18.0327
1	121	74	108.025	45.1728	31.6125
1	121	74	85.4364	65.8171	36.4929
1	121	74	121.397	79.3105	5.32529
1	121	74	127.543	81.9508	10.2968
1	121	74	120.03	77.4644	3.59749
1	121	74	117.504	79.3143	6.36126
1	121	74	133.199	81.9403	14.5553
1	121	74	139.341	85.4065	21.5987
1	121	74	127.956	70.1214	7.96382
1	121	74	73.1292	10.5318	79.4974
1	121	74	123.489	69.0904	5.50435
1	121	74	132.396	73.3761	11.4128
1	121	74	110.636	75.5737	10.4826
1	121	74	141.453	82.7994	22.2657
1	121	74	69.127	92.5575	55.0925
1	121	74	115.193	45.6671	28.9219
1	121	74	131.778	77.3726	11.2936
1	121	74	115.581	81.4729	9.23082
1	121	74	122.468	69.6773	4.56509
1	121	74	141.899	81.5947	22.2357
1	121	74	120.398	86.9953	13.0092
1	121	74	132.304	76.8298	11.6527
1	121	74	121.996	72.968	1.43442
1	121	74	103.734	81.5898	18.8603
1	121	74	126.049	66.8131	8.78326
1	121	74	116.905	81.8213	8.82844
1	121	74	138.603	65.063	19.7418
1	121	74	131.602	64.8758	13.9879
1	121	74	132.657	79.7438	12.995
1	121	74	89.2663	56.816	36.0876
1	121	74	77.8956	48.788	49.9363
1	121	74	111.935	45.1735	30.2183
1	121	74	111.803	97.4856	25.2222
1	121	74	101.039	84.9071	22.7466
1	121	74	119.12	46.3039	27.7598
1	121	74	100.245	93.5947	28.5437
1	121	74	122.44	69.654	4.57839
1	121	74	122.929	80.6711	6.9444
1	121	74	135.947	74.6337	14.9608
1	121	74	119.944	77.5358	3.69012
1	121	74	139.563	85.0204	21.5876
1	121	74	46.5012	30.2789	86.3806
1	121	74	110.952	97.4937	25.5524
1	121	74	127.206	77.6125	7.18043
1	121	74	82.1811	21.3981	65.3748
1	121	74	140.116	83.5415	21.3652
1	121	74	114.528	78.4352	7.84563
1	121	74	103.436	54.0298	26.5953
1	121	74	96.3556	64.048	26.578
1	121	74	120.1	78.0193	4.11891
1	121	74	40.246	24.7576	94.5835
1	121	74	135.076	83.3004	16.8711
1	121	74	117.212	76.2389	4.40026
1	121	74	130.783	56.3207	20.2057
1	121	74	6.92048	88.384	114.983
1	121	74	86.5176	65.9785	35.4031
1	121	74	116.847	80.1001	7.37959
1	121	74	127.37	78.546	7.82544
1	121	74	138.86	74.3924	17.8646
1	121	74	102.362	86.3027	22.332
1	121	74	126.026	81.8067	9.2844
1	121	74	96.2904	49.4242	34.8502
1	121	74	116.975	82.9771	9.8382
1	121	74	116.619	93.9606	20.4357
1	121	74	126.963	91.8618	18.831
1	121	74	116.119	82.622	9.90779
1	121	74	129.461	74.1743	8.46323
1	121	74	129.415	73.5082	8.42979
1	121	74	124.952	69.505	5.98524
1	121	74	122.81	76.424	3.02513
1	121	74	101.183	55.2118	27.3075
1	121	74	110.172	97.4788	25.8556
1	121	74	121.987	81.4193	7.48475
1	121	74	131.212	56.0049	20.6909
1	121	74	107.426	95.9963	25.8475
1	121	74	83.2152	20.9113	65.1621
1	121	74	113.548	90.793	18.3722
1	121	74	123.002	76.7594	3.40937
1	121	74	139.756	71.4545	18.9275
1	121	74	136.401	77.7077	15.8406
1	121	74	119.371	77.9442	4.26744
1	121	74	127.316	76.9634	6.97677
1	121	74	126.168	92.8637	19.5589
1	121	74	136.112	79.1056	15.9513
1	121	74	133.329	79.4256	13.4697
1	121	74	118.197	83.1752	9.59387
1	121	74	131.107	67.6396	11.9422
1	121	74	57.7507	97.4291	67.4492
1	121	74	86.8924	64.82	35.3214
1	121	74	112.742	45.2549	29.9077
1	121	74	122.572	83.9605	10.0838
1	121	74	136.025	72.9412	15.0621
1	121	74	139.455	85.263	21.6202
1	121	74	125.468	67.551	7.84567
1	121	74	111.858	45.1735	30.2414
1	121	74	109.782	96.1612	24.8386
1	121	74	136.066	44.8055	32.8528
1	121	74	106.766	72.9619	14.2722
1	121	74	122.241	76.1196	2.45624
1	121	74	125.587	97.495	23.9386
1	121	74	124.546	88.2825	14.7161
1	121	74	119.618	95.6881	21.7321
1	121	74	135.084	82.9266	16.6749
1	121	74	114.054	84.7947	12.8365
1	121	74	87.2619	65.8751	34.7027
1	121	74	121.415	77.3171	3.34295
1	121	74	129.85	78.8703	10.1017
1	121	74	112.539	64.8979	12.4275
1	121	74	133.248	80.2685	13.7585
1	121	74	119.756	84.6772	10.7493
1	121	74	134.837	57.5546	21.4923
1	121	74	125.392	73.0156	4.50108
1	121	74	127.508	84.1193	12.0312
1	121	74	120.114	74.1541	0.899665
1	121	74	116.525	85.5611	12.3969
1	121	74	139.204	73.5228	18.2103
1	121	74	125.944	75.2932	5.11048
1	121	74	122.626	73.1849	1.81893
1	121	74	126.558	68.4594	7.84801
1	121	74	7.36309	87.8587	114.479
1	121	74	122.012	88.0151	14.0516
1	121	74	138.366	71.4602	17.5505
1	121	74	128.344	69.8023	8.45862
1	121	74	132.487	77.8028	12.1
1	121	74	104.264	97.439	28.8008
1	121	74	112.193	45.1735	30.1419
1	121	74	132.003	76.035	11.1898
1	121	74	88.0864	65.4801	33.9985
1	121	74	124.509	72.0642	4.00799
1	121	74	135.524	80.4777	15.9027
1	121	74	100.017	52.3337	30.1612
1	121	74	95.4425	68.1319	26.2225
1	121	74	122.999	70.5731	3.96742
1	121	74	86.49	65.6784	35.4992
1	121	74	123.237	72.9875	2.45569
1	121	74	72.1066	10.8303	79.881
1	121	74	120.68	77.2604	3.27606
1	121	74	115.002	97.4269	24.1826
1	121	74	119.31	77.5677	3.94763
1	121	74	99.2299	95.9936	30.946
1	121	74	114.384	45.5014	29.2566
1	121	74	125.195	93.627	20.0704
1	121	74	122.473	66.4544	7.68801
1	121	74	116.359	75.9364	5.02896
1	121	74	126.001	74.1339	5.00232
1	121	74	119.079	46.2619	27.8045
1	121	74	86.0625	66.3261	35.7704
1	121	74	109.785	81.9636	13.7549
1	121	74	131.386	66.0193	13.0984
1	121	74	107.113	62.9412	17.7524
1	121	74	118.829	46.2606	27.8242
1	121	74	141.945	78.9574	21.5237
1	121	74	123.516	80.7462	7.20014
1	121	74	123.452	68.8083	5.74165
1	121	74	122.577	74.7691	1.75446
1	121	74	129.202	54.833	20.8481
1	121	74	122.207	76.1971	2.50675
1	121	74	124.639	68.8525	6.30395
1	121	74	124.415	85.8952	12.3757
1	121	74	138.105	76.8949	17.3487
1	121	74	115.11	45.6669	28.9388
1	121	74	132.877	74.5075	11.8881
1	121	74	105.302	97.4392	28.2101
1	121	74	129.618	81.0713	11.1481
1	121	74	118.286	46.1329	27.9989
1	121	74	111.139	93.4825	21.8359
1	121	74	87.9765	65.6703	34.0578
1	121	74	114.917	45.5844	29.0594
1	121	74	126.928	74.2038	5.9313
1	121	74	101.626	95.1207	28.6603
1	121	74	98.8148	51.604	31.524
1	121	74	114.911	45.6254	29.0206
1	121	74	118.836	46.2189	27.8652
1	121	74	141.475	70.0585	20.8507
1	121	74	111.805	70.7874	9.74032
1	121	74	85.8228	66.0342	36.0679
1	121	74	103.487	96.2987	28.3539
1	121	74	115.051	71.7609	6.35668
1	121	74	92.9621	55.579	33.5479
1	121	74	141.755	71.651	20.8872
1	121	74	125.069	72.4803	4.34341
1	121	74	122.304	62.2314	11.8407
1	121	74	125.789	69.899	6.30491
1	121	74	132.02	68.4036	12.3593
1	121	74	111.58	45.1734	30.3267
1	121	74	52.0967	38.3994	77.5568
1	121	74	124.702	69.8054	5.5945
1	121	74	140.855	83.6362	22.0697
1	121	74	135.525	82.6799	16.9212
1	121	74	123.051	46.9207	27.1568
1	121	74	88.0714	65.7553	33.945
1	121	74	136.539	69.3319	16.2246
1	121	74	87.5117	65.7834	34.4816
1	121	74	111.294	90.827	19.4255
1	121	74	124.641	80.8844	7.78776
1	121	74	109.609	97.3853	26.0122
1	121	74	118.817	46.2188	27.8668
1	121	74	119.946	72.6526	1.71037
1	121	74	122.081	71.7305	2.51377
1	121	74	86.8959	66.3322	34.9555
1	121	74	97.4089	51.7735	32.4123
1	121	74	72.7844	10.5199	79.7149
1	121	74	98.2386	49.5957	33.3715
1	121	74	127.565	82.1235	10.4447
1	121	74	125.336	71.8169	4.85483
1	121	74	129.857	73.365	8.87987
1	121	74	135.422	72.9905	14.4573
1	121	74	98.6122	96.1924	31.5233
1	121	74	131.652	74.4699	10.6622
1	121	74	137.813	80.7034	18.1005
