1	121	74	134.977	73.2891	13.9955
1	121	74	118.978	83.9025	10.1068
1	121	74	110.356	89.9685	19.1907
1	121	74	120.976	96.0262	22.0262
1	121	74	132.097	71.8692	11.3
1	121	74	94.2435	53.5196	33.695
1	121	74	120.442	74.6769	0.877343
1	121	74	123.807	75.4725	3.17017
1	121	74	133.856	79.2201	13.8755
1	121	74	128.723	80.1225	9.85513
1	121	74	108.339	71.2302	12.9605
1	121	74	88.2572	59.7169	35.7225
1	121	74	126.459	90.5065	17.3859
1	121	74	117.641	45.7977	28.4016
1	121	74	110.937	96.7748	24.8988
1	121	74	133.499	74.0319	12.4989
1	121	74	110.355	97.4746	25.7755
1	121	74	120.147	46.1833	27.8298
1	121	74	66.949	24.3786	73.3743
1	121	74	119.909	77.4439	3.61265
1	121	74	119.014	86.5664	12.7223
1	121	74	132.12	85.8415	16.2441
1	121	74	128.269	80.2627	9.59439
1	121	74	110.324	93.2093	21.9768
1	121	74	96.2402	93.3479	31.4227
1	121	74	87.9557	65.8679	34.0302
1	121	74	128.186	81.208	10.1782
1	121	74	134.417	79.9926	14.6947
1	121	74	128.768	77.7772	8.63754
1	121	74	139.388	83.569	20.7284
1	121	74	131.336	70.2097	11.0095
1	121	74	135.093	76.8795	14.3839
1	121	74	129.719	69.7611	9.69524
1	121	74	142.182	79.026	21.7704
1	121	74	121.314	85.1938	11.1982
1	121	74	121.531	73.2542	0.915599
1	121	74	125.355	67.3717	7.93095
1	121	74	116.692	66.2325	8.88194
1	121	74	117.737	84.1655	10.6764
1	121	74	51.1353	97.4277	73.6881
1	121	74	121.163	89.595	15.5958
1	121	74	120.882	90.0738	16.0742
1	121	74	40.0419	24.8906	94.6887
1	121	74	136.065	72.1402	15.1796
1	121	74	126.357	81.9102	9.55332
1	121	74	116.73	45.6295	28.6901
1	121	74	123.923	77.0901	4.25378
1	121	74	128.119	73.2876	7.15504
1	121	74	120.03	74.5623	1.12086
1	121	74	125.631	91.8512	18.4422
1	121	74	113.782	45.1738	29.7161
1	121	74	119.179	91.1011	17.1978
1	121	74	102.412	97.2035	29.7309
1	121	74	115.822	85.2466	12.3814
1	121	74	111.856	65.256	12.6522
1	121	74	93.0331	73.8758	27.9672
1	121	74	127.094	69.0507	7.85041
1	121	74	125.625	80.4693	7.95226
1	121	74	128.221	75.7748	7.43636
1	121	74	128.48	72.595	7.6105
1	121	74	114.871	45.3792	29.2698
1	121	74	118.832	92.49	18.6167
1	121	74	122.674	74.8532	1.87869
1	121	74	107.424	88.902	20.159
1	121	74	141.304	70.6602	20.5764
1	121	74	116.47	80.4561	7.88708
1	121	74	110.356	93.4008	22.1287
1	121	74	136.717	76.6996	15.9474
1	121	74	125.688	90.8077	17.4494
1	121	74	122.88	86.8175	12.9546
1	121	74	113.98	80.4177	9.51161
1	121	74	118.403	97.4054	23.5491
1	121	74	137.19	75.8319	16.293
1	121	74	78.6643	45.6703	50.94
1	121	74	96.6652	97.4375	33.786
1	121	74	124.645	75.5022	3.94246
1	121	74	133.85	79.3865	13.933
1	121	74	125.87	62.6961	12.3083
1	121	74	132.702	81.7936	14.0599
1	121	74	122.988	75.1298	2.2863
1	121	74	121.729	77.1579	3.24095
1	121	74	125.124	87.5445	14.1584
1	121	74	120.064	46.1829	27.8328
1	121	74	98.1601	52.5657	31.3223
1	121	74	141.2	69.6432	20.6645
1	121	74	116.966	45.7128	28.5733
1	121	74	111.036	94.0613	22.3995
1	121	74	116.867	97.1905	23.5559
1	121	74	120.101	77.4823	3.59656
1	121	74	120.796	46.3128	27.688
1	121	74	123.796	85.2076	11.5511
1	121	74	110.155	96.903	25.341
1	121	74	126.107	70.6379	6.1142
1	121	74	134.194	81.7317	15.2923
1	121	74	142.029	74.3069	21.0317
1	121	74	97.6222	95.8029	31.967
1	121	74	120.325	46.2262	27.782
1	121	74	117.632	79.5055	6.4537
1	121	74	126.26	92.4556	19.1906
1	121	74	106.286	49.1157	28.9092
1	121	74	97.2526	97.4376	33.3656
1	121	74	124.645	46.9335	27.3107
1	121	74	134.947	78.0038	14.5105
1	121	74	130.176	75.9475	9.38021
1	121	74	38.2766	24.7807	96.2585
1	121	74	119.199	83.2667	9.44011
1	121	74	141.464	50.2877	31.3215
1	121	74	96.6878	69.8568	24.6627
1	121	74	94.7822	97.4371	35.1663
1	121	74	130.755	76.2018	10.0006
1	121	74	87.5679	65.2671	34.5539
1	121	74	125.723	47.0715	27.3396
1	121	74	115.38	82.1809	9.92554
1	121	74	91.7179	94.8105	35.9237
1	121	74	132.61	73.1085	11.6441
1	121	74	113.928	60.9223	14.8675
1	121	74	132.714	77.9841	12.373
1	121	74	140.798	54.6696	27.67
1	121	74	119.592	46.1388	27.8968
1	121	74	105.304	77.737	16.1349
1	121	74	128.094	78.8367	8.58626
1	121	74	100.819	97.3816	30.8862
1	121	74	131.699	75.1856	10.7643
1	121	74	140.546	70.7456	19.8147
1	121	74	128.06	79.8748	9.18482
1	121	74	118.737	45.9679	28.1233
1	121	74	111.504	45.1734	30.3504
1	121	74	102.731	97.4387	29.7176
1	121	74	108.276	86.4062	17.7712
1	121	74	105.754	90.3273	22.3388
1	121	74	140.648	71.0972	19.8614
1	121	74	128.112	90.1437	17.641
1	121	74	101.001	50.8374	30.6016
1	121	74	75.9701	11.3154	77.1819
1	121	74	142.022	84.704	23.5906
1	121	74	117.796	89.2794	15.6118
1	121	74	132.5	88.8563	18.787
1	121	74	119.075	75.0934	2.21372
1	121	74	120.835	85.5199	11.521
1	121	74	130.547	71.3574	9.90595
1	121	74	8.75253	84.7724	112.763
1	121	74	115.953	84.0199	11.2193
1	121	74	120.809	97.4091	23.4099
1	121	74	124.658	46.9336	27.3124
1	121	74	128.978	76.7865	8.45027
1	121	74	136.858	77.503	16.2404
1	121	74	114.162	96.6279	23.6385
1	121	74	113.581	92.3351	19.7791
1	121	74	120.423	76.8082	2.86682
1	121	74	100.258	97.4382	31.2985
1	121	74	86.936	66.0239	34.9853
1	121	74	86.6816	66.0855	35.2192
1	121	74	139.702	85.5641	21.9886
1	121	74	131.093	52.2803	23.9501
1	121	74	107.694	88.3138	19.5432
1	121	74	139.936	85.4435	22.1251
1	121	74	118.854	76.2976	3.14361
1	121	74	90.3043	64.4846	32.1368
1	121	74	119.179	84.3169	10.4763
1	121	74	110.429	64.0573	14.512
1	121	74	140.752	85.1796	22.6963
1	121	74	139.663	77.4139	18.9728
1	121	74	100.494	62.6074	23.4578
1	121	74	118.722	46.1443	27.9487
1	121	74	135.782	70.5725	15.1738
1	121	74	87.499	65.7379	34.5048
1	121	74	122.35	95.4062	21.4487
1	121	74	96.743	95.3563	32.3186
1	121	74	122.481	75.9052	2.41298
1	121	74	140.8	85.8933	23.0971
1	121	74	125.817	72.6721	4.99692
1	121	74	140.4	84.9484	22.2761
1	121	74	108.464	87.193	18.1988
1	121	74	98.4154	97.4378	32.5484
1	121	74	142.15	80.7849	22.2121
1	121	74	80.8197	77.6637	40.347
1	121	74	130.169	81.7152	11.9833
1	121	74	116.495	97.4432	23.8721
1	121	74	110.144	80.2311	12.5168
1	121	74	118.569	83.6608	9.96193
1	121	74	129.112	77.8379	8.97428
1	121	74	121.355	73.3357	0.753023
1	121	74	130.756	81.6666	12.408
1	121	74	131.274	73.2399	10.302
1	121	74	100.882	91.7766	26.8468
1	121	74	122.018	75.9079	2.16233
1	121	74	104.157	97.4409	28.8643
1	121	74	128.725	73.237	7.76236
1	121	74	95.083	68.1405	26.5711
1	121	74	125.771	78.7751	6.74979
1	121	74	117.848	77.5154	4.72139
1	121	74	71.0563	10.5798	80.7248
1	121	74	108.903	96.4751	25.5239
1	121	74	117.775	77.3205	4.62898
1	121	74	119.478	74.4844	1.59699
1	121	74	138.232	76.5758	17.4232
1	121	74	136.889	71.4743	16.0883
1	121	74	134.091	76.1149	13.2608
1	121	74	96.7861	64.2182	26.115
1	121	74	129.377	74.444	8.38909
1	121	74	130.794	75.4853	9.90584
1	121	74	99.7015	78.8712	21.8485
1	121	74	119.176	84.4413	10.5994
1	121	74	98.7108	96.2061	31.463
1	121	74	120.062	91.3622	17.3875
1	121	74	139.326	78.5228	18.8755
1	121	74	121.696	58.8933	15.1227
1	121	74	115.78	81.3938	9.05081
1	121	74	137.876	70.8786	17.1624
1	121	74	123.073	69.2562	5.17679
1	121	74	111.087	94.2048	22.5057
1	121	74	119.425	74.0569	1.5765
1	121	74	98.2225	96.1384	31.7635
1	121	74	116.265	86.2909	13.1714
1	121	74	112.902	64.6848	12.3429
1	121	74	121.773	90.8327	16.8504
1	121	74	91.8463	61.4399	31.7442
1	121	74	119.319	46.0957	27.9549
1	121	74	125.587	73.208	4.65464
1	121	74	104.074	82.6461	19.0062
1	121	74	138.819	84.1398	20.5022
1	121	74	140.296	82.4757	21.0752
1	121	74	141.595	83.0563	22.4979
1	121	74	116.327	87.0435	13.8553
1	121	74	73.0033	11.1696	79.0655
1	121	74	129.56	62.4926	14.3423
1	121	74	138.152	86.3357	21.1272
1	121	74	119.825	73.5366	1.26264
1	121	74	130.894	73.2726	9.92097
1	121	74	85.4138	66.1052	36.4514
1	121	74	120.241	77.6943	3.77141
1	121	74	119.427	85.552	11.6587
1	121	74	118.385	80.9468	7.42251
1	121	74	139.394	85.3734	21.6264
1	121	74	116.082	80.6274	8.25313
1	121	74	110.72	45.1733	30.6049
1	121	74	116.606	80.6002	7.92895
1	121	74	139.362	71.4972	18.5321
1	121	74	121.461	72.3427	1.72029
1	121	74	120.125	86.327	12.358
1	121	74	10.6274	83.2259	110.757
1	121	74	129.032	76.9883	8.56987
1	121	74	132.931	69.8131	12.6446
1	121	74	111.829	96.9	24.668
1	121	74	118.625	76.6203	3.53671
1	121	74	99.2814	97.438	31.9537
1	121	74	118.066	78.8566	5.67414
1	121	74	139.598	86.0284	22.1487
1	121	74	84.9281	66.1216	36.9222
1	121	74	111.432	96.8183	24.7433
1	121	74	115.529	96.0036	22.6735
1	121	74	5.9724	87.2827	115.792
1	121	74	119.603	82.6571	8.76906
1	121	74	110.747	45.1733	30.5957
1	121	74	133.924	76.4724	13.1582
1	121	74	38.3086	26.1767	95.5245
1	121	74	114.101	45.2556	29.5608
1	121	74	124.922	79.3203	6.60962
1	121	74	55.9077	43.3523	71.9464
1	121	74	130.872	85.1056	14.8591
1	121	74	112.244	62.873	14.1593
1	121	74	117.044	88.4392	14.9714
1	121	74	129.133	70.6319	8.80262
1	121	74	106.576	61.3024	19.2168
1	121	74	124.965	93.5865	19.9837
1	121	74	141.316	84.3165	22.7852
1	121	74	123.527	67.0392	7.40546
1	121	74	120.107	75.0486	1.3772
1	121	74	108.251	53.0836	24.4954
1	121	74	102.87	70.1967	18.5248
1	121	74	121.958	84.0094	10.0551
1	121	74	139.604	53.4578	27.7145
1	121	74	111.74	88.7213	17.3916
1	121	74	131.689	82.382	13.5839
1	121	74	96.8191	97.4375	33.6754
1	121	74	105.011	78.5919	16.6351
1	121	74	135.323	70.105	14.8435
1	121	74	115.284	82.1192	9.92965
1	121	74	99.0919	97.0438	31.7959
1	121	74	121.619	84.9444	10.9619
1	121	74	139.708	85.753	22.0932
1	121	74	125.913	70.8527	5.83426
1	121	74	114.563	45.6234	29.0974
1	121	74	135.008	48.2437	29.3192
1	121	74	131.861	83.4484	14.3955
1	121	74	114.102	45.2148	29.6002
1	121	74	99.1491	97.438	32.0438
1	121	74	121.717	69.71	4.34948
1	121	74	137.387	58.2118	22.7555
1	121	74	118.728	74.3007	2.29197
1	121	74	125.71	77.1817	5.68429
1	121	74	96.975	97.2969	33.4656
1	121	74	116.677	45.6293	28.6982
1	121	74	140.388	72.821	19.4243
1	121	74	136.919	75.9751	16.0411
1	121	74	121.994	73.679	1.04459
1	121	74	107.436	96.3648	26.1564
1	121	74	35.5843	27.5413	97.233
1	121	74	120.259	84.9088	10.9339
1	121	74	135.857	78.8611	15.6317
1	121	74	135.582	57.4316	22.0714
1	121	74	128.015	76.2536	7.36763
1	121	74	132.098	53.7362	23.1036
1	121	74	119.008	73.7919	2.00326
1	121	74	120.68	83.2623	9.26786
1	121	74	124.837	79.4254	6.64495
1	121	74	127.09	76.7544	6.68415
1	121	74	70.7737	10.7365	80.7771
1	121	74	122.065	70.1653	3.97976
1	121	74	124.679	46.9338	27.315
1	121	74	114.014	45.5418	29.3031
1	121	74	119.22	90.6199	16.7149
1	121	74	109.424	80.8351	13.4435
1	121	74	117.176	78.0493	5.56928
1	121	74	133.394	80.8111	14.1422
1	121	74	98.7831	85.7468	25.1312
1	121	74	124.598	68.4742	6.59417
1	121	74	112.96	61.5435	14.8256
1	121	74	122.592	85.9097	12.0156
1	121	74	122.083	88.4665	14.507
1	121	74	118.103	79.0841	5.8517
1	121	74	88.0509	65.9086	33.9281
1	121	74	87.5777	66.0839	34.347
1	121	74	129.559	81.9026	11.6494
1	121	74	103.977	95.5882	27.4926
1	121	74	117.713	83.4321	9.98836
1	121	74	117.523	87.8144	14.2451
1	121	74	128.796	77.9169	8.72426
1	121	74	117.409	83.6518	10.2981
1	121	74	125.466	76.1662	4.96342
1	121	74	113.198	77.1764	8.42364
1	121	74	123.554	76.1062	3.31071
1	121	74	117.748	96.0192	22.258
1	121	74	116.785	54.9867	19.4748
1	121	74	130.211	75.8345	9.39146
1	121	74	119.969	86.1093	12.1531
1	121	74	128.258	75.2164	7.35925
1	121	74	136.091	72.4211	15.1732
1	121	74	116.598	81.7054	8.8743
1	121	74	10.5926	83.116	110.783
1	121	74	97.9657	49.248	33.8119
1	121	74	93.1209	33.1423	49.4631
1	121	74	66.2709	63.5015	55.7269
1	121	74	67.6869	91.5691	56.1334
1	121	74	141.306	39.1543	40.3305
1	121	74	114.271	84.73	12.6653
1	121	74	125.156	78.2844	5.96858
1	121	74	141.186	69.4764	20.6868
1	121	74	125.31	89.901	16.4746
1	121	74	137.224	74.026	16.2245
1	121	74	88.6501	66.0407	33.3147
1	121	74	116.402	82.7976	9.9266
1	121	74	94.7743	94.3681	33.2061
1	121	74	121.135	80.0265	6.02802
1	121	74	122.975	88.1628	14.2999
1	121	74	107.9	87.0229	18.4714
1	121	74	104.703	97.3833	28.5021
1	121	74	122.183	71.2769	2.96897
1	121	74	131.591	79.5868	11.9744
1	121	74	97.8126	96.0334	31.9863
1	121	74	120.145	88.0791	14.105
1	121	74	95.3746	97.4372	34.727
1	121	74	120.454	78.434	4.46747
1	121	74	110.952	71.2722	10.4119
1	121	74	110.712	64.6464	13.9043
1	121	74	130.515	80.1673	11.3391
1	121	74	133.469	70.8054	12.8714
1	121	74	114.706	81.0563	9.45548
1	121	74	130.19	69.9753	10.033
1	121	74	139.417	69.2881	19.0106
1	121	74	125.927	50.7968	23.7205
1	121	74	122.919	46.6219	27.4453
1	121	74	132.844	82.7131	14.7034
1	121	74	122.108	91.2126	17.2482
1	121	74	89.6361	63.7072	33.0097
1	121	74	135.312	78.8354	15.1065
1	121	74	105.031	97.4392	28.3623
1	121	74	133.169	74.2806	12.172
1	121	74	119.743	74.9244	1.55996
1	121	74	133.057	81.2178	14.0526
1	121	74	119.564	73.8334	1.4452
1	121	74	110.253	78.1102	11.5061
1	121	74	118.767	75.5518	2.71952
1	121	74	122.538	87.423	13.5108
1	121	74	102.608	51.7606	28.859
1	121	74	77.0754	45.5589	52.3284
1	121	74	119.038	75.9162	2.7424
1	121	74	103.884	89.6081	23.1643
1	121	74	116.817	90.8979	17.4079
1	121	74	118.794	76.2745	3.16878
1	121	74	40.1855	23.1747	95.4683
1	121	74	113.881	45.1738	29.6921
1	121	74	134.479	80.6961	15.0506
1	121	74	133.122	81.4429	14.225
1	121	74	107.041	94.6717	24.9433
1	121	74	116.483	97.4426	23.8738
1	121	74	104.969	97.3834	28.3509
1	121	74	123.893	48.9764	25.1903
1	121	74	46.9071	44.5166	79.7435
1	121	74	120.269	85.971	11.9933
1	121	74	115.991	81.5509	9.06133
1	121	74	131.394	82.3897	13.3573
1	121	74	135.431	80.3671	15.773
1	121	74	131.368	83.2764	13.9118
1	121	74	118.141	79.2787	6.00305
1	121	74	136.909	77.0576	16.1998
1	121	74	118.037	96.3247	22.5205
1	121	74	119.312	77.8406	4.19518
1	121	74	113.695	45.1738	29.7375
1	121	74	117.155	45.7133	28.5468
1	121	74	122.143	46.4895	27.5342
1	121	74	129.005	64.0392	12.7786
1	121	74	87.321	65.8224	34.6576
1	121	74	127.544	79.6665	8.65672
1	121	74	92.1165	96.3552	36.5242
1	121	74	114.095	92.6421	19.88
1	121	74	105.582	97.4393	28.0558
1	121	74	103.983	52.122	27.7166
1	121	74	98.5511	93.4104	29.6769
1	121	74	124.093	70.3736	4.76619
1	121	74	129.551	70.2103	9.35306
1	121	74	122.519	74.8498	1.74051
1	121	74	119.167	93.0992	19.1869
1	121	74	118.633	86.6699	12.8891
1	121	74	135.688	71.4082	14.9149
1	121	74	110.462	68.4947	11.8892
1	121	74	132.968	67.0054	13.8623
1	121	74	118.324	77.3776	4.30922
1	121	74	139.708	85.7709	22.1032
1	121	74	126.982	90.1099	17.1848
1	121	74	7.4895	85.938	114.137
1	121	74	136.366	84.0258	18.3473
1	121	74	110.871	97.4802	25.5717
1	121	74	135.403	72.4912	14.4822
1	121	74	88.3113	66.1267	33.6235
1	121	74	131.912	53.093	23.5832
1	121	74	111.839	84.5312	13.9582
1	121	74	131.349	73.2822	10.3735
1	121	74	115.629	45.4619	29.0391
1	121	74	124.059	73.1128	3.18507
1	121	74	123.27	87.0153	13.2118
1	121	74	121.33	78.364	4.37646
1	121	74	114.026	68.5198	8.86961
1	121	74	139.186	71.1894	18.4023
1	121	74	121.109	80.401	6.4019
1	121	74	124.825	68.4966	6.70232
1	121	74	127.587	75.604	6.77934
1	121	74	133.22	77.9438	12.8409
1	121	74	70.6878	10.7791	80.7972
1	121	74	124.014	72.5492	3.34496
1	121	74	99.609	70.7588	21.6352
1	121	74	113.553	87.767	15.6522
1	121	74	135.39	82.7733	16.8533
1	121	74	122.355	90.1726	16.2293
1	121	74	131.368	84.001	14.4053
1	121	74	59.5071	97.4295	65.8052
1	121	74	102.56	97.4387	29.8228
1	121	74	121.77	85.8085	11.8335
1	121	74	129.042	78.4623	9.19687
1	121	74	88.2179	65.9691	33.7515
1	121	74	94.1383	97.0584	35.4011
1	121	74	141.344	83.9826	22.6616
1	121	74	134.793	78.6841	14.5671
1	121	74	111.254	97.3052	25.261
1	121	74	116.713	76.9106	5.18194
1	121	74	128.556	90.717	18.3452
1	121	74	134.431	70.941	13.7752
1	121	74	119.952	76.0573	2.30866
1	121	74	114.082	45.2148	29.6048
1	121	74	117.275	45.7551	28.4894
1	121	74	127.434	25.8331	48.5948
1	121	74	70.8291	10.7091	80.7642
1	121	74	121.905	73.9197	0.908406
1	121	74	116.426	90.7518	17.365
1	121	74	137.284	80.6586	17.5925
1	121	74	124.736	87.5255	14.0321
1	121	74	117.43	77.3125	4.87024
1	121	74	109.567	97.4844	26.1196
1	121	74	123.554	68.3752	6.17742
1	121	74	96.1232	96.7028	33.6789
1	121	74	126.002	88.3665	15.2125
1	121	74	130.278	75.9767	9.48625
1	121	74	120.831	76.1451	2.15173
1	121	74	124.869	84.1666	10.8779
1	121	74	137.674	76.2323	16.8228
1	121	74	109.954	95.2279	23.93
1	121	74	128.163	92.5982	19.9297
1	121	74	107.505	97.3902	27.0042
1	121	74	116.275	45.5871	28.8031
1	121	74	120.641	93.3704	19.3737
1	121	74	123.507	67.335	7.12086
1	121	74	115.763	81.21	8.91149
1	121	74	100.239	97.2972	31.2053
1	121	74	138.32	74.264	17.3218
1	121	74	111.104	93.6036	21.9598
1	121	74	103.038	68.22	18.8689
1	121	74	115.378	45.462	29.0866
1	121	74	135.1	69.1522	14.9104
1	121	74	121.545	78.7481	4.77927
1	121	74	141.577	45.4591	35.1852
1	121	74	130.299	66.8455	11.7329
1	121	74	118.311	61.2023	13.0772
1	121	74	115.403	81.8233	9.61958
1	121	74	98.9797	65.0888	23.7551
1	121	74	134.561	63.9732	16.8655
1	121	74	119.999	75.582	1.87204
1	121	74	96.7692	60.167	27.9013
1	121	74	112.859	45.1737	29.9538
1	121	74	124.515	88.9654	15.3727
1	121	74	129.73	68.3508	10.3987
1	121	74	123.031	46.6652	27.4102
1	121	74	109.432	92.0835	21.4668
1	121	74	120.496	74.5328	0.7332
1	121	74	133.577	74.3274	12.581
1	121	74	108.085	97.1638	26.5207
1	121	74	116.519	45.629	28.7227
1	121	74	114.23	97.2039	24.1714
1	121	74	131.764	81.3367	13.0269
1	121	74	119.786	77.1735	3.39789
1	121	74	130.068	91.3624	19.588
1	121	74	115.136	45.3794	29.2151
1	121	74	138.764	70.3953	18.1259
1	121	74	119.508	46.0965	27.9434
1	121	74	118.641	81.4173	7.78349
1	121	74	117.445	77.6489	5.09415
1	121	74	98.6472	48.4389	33.9561
1	121	74	39.6781	25.1298	94.8765
1	121	74	130.486	67.7423	11.3645
1	121	74	131.154	76.4885	10.4546
1	121	74	136.676	76.2186	15.8318
1	121	74	118.84	77.7425	4.32089
1	121	74	125.318	73.8024	4.32278
1	121	74	103.957	96.0042	27.8322
1	121	74	120.849	46.3131	27.6873
1	121	74	135.054	79.187	14.9803
1	121	74	117.819	85.4044	11.8397
1	121	74	120.168	46.1834	27.829
1	121	74	117.848	83.1	9.63034
1	121	74	124.999	81.851	8.81064
1	121	74	103.507	97.4067	29.2215
1	121	74	132.814	75.5511	11.9152
1	121	74	78.5792	49.6894	48.893
1	121	74	131.032	54.2128	22.1849
1	121	74	126.663	82.0136	9.81256
1	121	74	113.663	81.6781	10.6199
1	121	74	141.683	75.2654	20.7214
1	121	74	101.043	97.4384	30.7841
1	121	74	100.77	96.6064	30.3366
1	121	74	118.941	83.5259	9.74589
1	121	74	4.76207	88.126	117.093
1	121	74	126.508	74.5541	5.53555
1	121	74	105.719	97.4393	27.9807
1	121	74	113.021	45.1737	29.9103
1	121	74	112.091	81.274	11.5015
1	121	74	91.5532	57.861	33.5795
1	121	74	129.628	86.5077	15.195
1	121	74	109.835	93.9845	22.8919
1	121	74	132.757	77.8722	12.378
1	121	74	140.987	84.324	22.4963
1	121	74	122.008	71.4294	2.76115
1	121	74	115.414	45.462	29.0795
1	121	74	136.853	75.5196	15.926
1	121	74	120.806	79.3764	5.37993
1	121	74	126.139	69.2823	6.97579
1	121	74	131.933	70.8335	11.3825
1	121	74	110.066	77.635	11.5221
1	121	74	120.759	76.4866	2.49821
1	121	74	132.059	78.5478	11.9578
1	121	74	123.257	74.4516	2.30211
1	121	74	138.702	86.7522	21.8168
1	121	74	126.631	77.182	6.46813
1	121	74	121.767	77.7297	3.80775
1	121	74	120.74	85.5146	11.5175
1	121	74	111.07	97.4286	25.446
1	121	74	127.003	65.6315	10.299
1	121	74	116.807	82.1558	9.17041
1	121	74	117.034	72.156	4.3739
1	121	74	122.781	81.4616	7.67109
1	121	74	127.927	89.1626	16.67
1	121	74	118.256	45.8828	28.2508
1	121	74	123.808	77.7308	4.66934
1	121	74	135.833	72.4321	14.9159
1	121	74	124.835	75.241	4.03073
1	121	74	101.69	55.341	26.8519
1	121	74	129.173	82.0194	11.4506
1	121	74	138.69	85.2447	20.9613
1	121	74	100.831	56.3373	26.8097
1	121	74	118.48	77.9074	4.64942
1	121	74	131.563	71.541	10.8452
1	121	74	119.088	46.0111	28.0541
1	121	74	49.389	45.6169	77.0307
1	121	74	116.816	86.6943	13.3661
1	121	74	104.408	97.4391	28.7174
1	121	74	123.444	75.7252	2.99139
1	121	74	128.851	50.2632	25.0014
1	121	74	121.584	77.6572	3.70355
1	121	74	128.057	76.7701	7.58162
1	121	74	101.532	65.9087	21.0829
1	121	74	141.756	69.3177	21.2772
1	121	74	105.279	90.252	22.6112
1	121	74	113.726	85.2162	13.3686
1	121	74	92.5445	97.1441	36.6792
1	121	74	134.08	80.753	14.7203
1	121	74	100.345	53.1881	29.322
1	121	74	115.815	87.931	14.8648
1	121	74	116.644	88.7056	15.3372
1	121	74	122.049	73.9913	1.04931
1	121	74	86.2471	66.1474	35.629
1	121	74	131.982	82.3513	13.7967
1	121	74	119.938	46.1823	27.8379
1	121	74	106.623	63.6838	17.695
1	121	74	135.925	73.4376	14.9359
1	121	74	46.6332	45.0775	79.793
1	121	74	112.125	83.8153	13.2327
1	121	74	130.91	73.3509	9.93132
1	121	74	103.725	46.1412	32.7804
1	121	74	122.645	74.245	1.66308
1	121	74	125.105	67.1779	7.96193
1	121	74	95.9347	97.4373	34.3158
1	121	74	131.161	72.4457	10.2789
1	121	74	120.856	79.2018	5.20378
1	121	74	97.8557	51.763	32.0959
1	121	74	114.149	83.2061	11.4756
1	121	74	110.982	97.4404	25.4913
1	121	74	124.01	94.4888	20.7087
1	121	74	122.546	79.3381	5.55736
1	121	74	94.7838	96.8898	34.8027
1	121	74	10.6285	83.1709	110.752
1	121	74	139.483	86.1239	22.1046
1	121	74	106.473	76.2272	14.6968
1	121	74	86.6496	65.7164	35.3351
1	121	74	127.433	76.9402	7.07301
1	121	74	118.84	46.0101	28.0732
1	121	74	129.598	74.8233	8.63706
1	121	74	129.202	84.3059	13.1715
1	121	74	62.6585	77.9057	58.4721
1	121	74	140.518	84.866	22.3385
1	121	74	130.301	77.9143	10.091
1	121	74	123.102	72.6934	2.47502
1	121	74	124.68	79.0698	6.26444
1	121	74	130.018	77.1319	9.54624
1	121	74	130.156	73.2882	9.18379
1	121	74	116.799	90.8203	17.3369
1	121	74	132.781	81.5188	13.9761
1	121	74	140.663	72.1308	19.7517
1	121	74	135.79	74.3943	14.7949
1	121	74	39.3306	25.7115	94.8771
1	121	74	104.149	97.1363	28.6224
1	121	74	122.48	87.9625	14.0408
1	121	74	109.291	75.198	11.7699
1	121	74	137.148	76.2457	16.3038
1	121	74	134.661	73.5268	13.6688
1	121	74	122.597	73.2219	1.77673
1	121	74	123.621	68.9679	5.67367
1	121	74	112.501	95.5345	23.1511
1	121	74	110.863	86.3464	15.9748
1	121	74	118.317	45.9247	28.2032
1	121	74	139.379	84.7111	21.2726
1	121	74	135.045	75.6003	14.1361
1	121	74	140.425	81.1315	20.6926
1	121	74	106.228	97.4436	27.7094
1	121	74	106.475	81.9125	16.5403
1	121	74	122.724	46.6206	27.4336
1	121	74	115.732	75.2784	5.42132
1	121	74	124.38	73.6454	3.39821
1	121	74	111.983	90.3742	18.6927
1	121	74	134.541	68.8993	14.4694
1	121	74	126.35	71.1162	6.0779
1	121	74	106.454	46.3229	31.2666
1	121	74	122.421	97.4326	23.4757
1	121	74	105.578	85.5484	19.2665
1	121	74	140.179	86.1441	22.7008
1	121	74	126.876	67.3923	8.84242
1	121	74	79.9199	11.6924	74.6312
1	121	74	115.173	45.3795	29.2077
1	121	74	108.154	97.3138	26.6186
1	121	74	127.882	86.8527	14.5794
1	121	74	129.691	77.0371	9.20624
1	121	74	111.89	82.9333	12.759
1	121	74	140.789	82.5939	21.5746
1	121	74	81.5854	54.9042	43.7968
1	121	74	141.417	75.3336	20.4605
1	121	74	136.127	72.506	15.2007
1	121	74	104.522	86.6163	20.7529
1	121	74	129.143	74.8877	8.19081
1	121	74	125.967	67.2118	8.41124
1	121	74	117.452	95.3575	21.6502
1	121	74	120.539	72.5882	1.4852
1	121	74	124	76.4177	3.85265
1	121	74	115.679	45.4624	29.0294
1	121	74	116.584	82.8734	9.91164
1	121	74	124.026	72.5028	3.37637
1	121	74	118.601	77.3619	4.12994
1	121	74	99.7761	92.3047	28.0271
1	121	74	97.1919	97.1728	33.2235
1	121	74	114.933	85.7753	13.2463
1	121	74	125.139	77.6239	5.50105
1	121	74	133.33	72.7414	12.3937
1	121	74	102.822	97.4387	29.6618
1	121	74	110.498	69.6027	11.3857
1	121	74	141.682	75.1515	20.7138
1	121	74	123.486	91.4255	17.6019
1	121	74	127.982	80.517	9.55059
1	121	74	66.5422	19.0723	77.3479
1	121	74	113.054	68.1344	9.87671
1	121	74	122.926	73.0996	2.12621
1	121	74	125.78	27.0143	47.2282
1	121	74	106.945	88.3258	20.0691
1	121	74	120.186	86.7672	12.7932
1	121	74	120.554	61.9801	12.0281
1	121	74	135.686	75.0008	14.7201
1	121	74	138.378	73.4545	17.3866
1	121	74	112.197	81.0997	11.3092
1	121	74	118.796	76.2183	3.12699
1	121	74	90.3963	88.3509	33.8014
1	121	74	117.366	93.3102	19.6491
1	121	74	118.061	90.6443	16.9018
1	121	74	110.025	79.2206	12.153
1	121	74	96.4796	95.1459	32.379
1	121	74	80.2094	45.3309	49.8577
1	121	74	132.094	89.0925	18.7314
1	121	74	121.692	75.5837	1.7284
1	121	74	104.681	52.4173	27.0578
1	121	74	130.249	73.0007	9.30238
1	121	74	114.585	45.2969	29.4112
1	121	74	95.0764	62.5047	28.358
1	121	74	92.3313	75.6084	28.7138
1	121	74	108.371	91.0602	21.2259
1	121	74	110.532	85.9244	15.8672
1	121	74	133.343	68.1866	13.6438
1	121	74	129.013	71.2409	8.47444
1	121	74	116.972	93.5479	19.9585
1	121	74	114.897	45.3382	29.3045
1	121	74	114.098	45.2556	29.5615
1	121	74	119.647	46.139	27.8938
1	121	74	121.119	72.1081	1.8956
1	121	74	118.541	84.334	10.6224
1	121	74	132.053	69.7391	11.8455
1	121	74	127.743	86.0004	13.765
1	121	74	123.725	97.081	23.2413
1	121	74	123.825	76.8554	4.01664
1	121	74	140.229	72.3959	19.296
1	121	74	107.437	94.3562	24.4611
1	121	74	96.6195	96.1373	32.9313
1	121	74	128.555	83.2033	11.9069
1	121	74	127.068	78.832	7.75649
1	121	74	128.383	85.582	13.735
1	121	74	118.668	75.2396	2.64058
1	121	74	124.712	83.5246	10.2226
1	121	74	118.088	77.6589	4.67606
1	121	74	118.245	45.9244	28.2105
1	121	74	131.192	74.6209	10.2107
1	121	74	120.372	74.3752	0.73124
1	121	74	124.024	92.4351	18.6815
1	121	74	137.064	53.6168	25.9527
1	121	74	93.5001	97.2321	35.9997
1	121	74	137.347	74.47	16.354
1	121	74	142.148	80.3168	22.0716
1	121	74	135.437	74.2126	14.439
1	121	74	116.255	79.256	7.08113
1	121	74	113.936	45.2147	29.6394
1	121	74	71.1723	10.5381	80.6859
1	121	74	127.967	83.4337	11.7272
1	121	74	137.123	74.6673	16.1365
1	121	74	105.293	84.5268	18.9086
1	121	74	118.677	87.3492	13.5497
1	121	74	123.986	81.1637	7.761
1	121	74	117.64	72.1407	3.84053
1	121	74	38.7843	25.6114	95.3985
1	121	74	133.007	80.3095	13.5639
1	121	74	134.236	82.2844	15.6153
1	121	74	85.6175	66.031	36.2688
1	121	74	48.3573	42.4388	79.2028
1	121	74	122.773	78.3336	4.68212
1	121	74	120.303	73.9824	0.697593
1	121	74	133.269	78.9693	13.2369
1	121	74	120.6	87.2855	13.2915
1	121	74	101.974	55.0911	26.8239
1	121	74	126.901	75.7296	6.1491
1	121	74	125.324	65.692	9.36589
1	121	74	83.3633	86.4893	39.6548
1	121	74	118.044	78.1725	5.11329
1	121	74	133.422	76.0956	12.5975
1	121	74	125.802	72.7596	4.95948
1	121	74	137.896	84.1797	19.7255
1	121	74	123.248	88.7456	14.916
1	121	74	115.823	45.5038	28.9627
1	121	74	127.835	83.0309	11.3257
1	121	74	117.732	87.5298	13.9189
1	121	74	118.473	85.241	11.5215
1	121	74	99.743	97.4381	31.6418
1	121	74	93.3408	97.4368	36.2534
1	121	74	132.898	82.0077	14.3419
1	121	74	87.322	80.3014	34.2625
1	121	74	100.701	97.1913	30.8199
1	121	74	122.062	76.6818	2.88424
1	121	74	107.67	90.1866	20.9688
1	121	74	118.584	94.2992	20.4425
1	121	74	99.0278	92.9046	28.9855
1	121	74	119.24	72.0644	2.61597
1	121	74	75.5625	54.9868	49.2551
1	121	74	86.193	66.0868	35.6952
1	121	74	120.05	46.1829	27.8334
1	121	74	128.668	73.9228	7.66875
1	121	74	133.84	65.1372	15.602
1	121	74	123.817	88.1354	14.4134
1	121	74	92.0168	68.1012	29.5774
1	121	74	121.302	75.4432	1.4744
1	121	74	47.8874	43.7887	79.1086
1	121	74	124.465	74.1655	3.4694
1	121	74	129.296	73.4008	8.31782
1	121	74	119.547	56.273	17.7865
1	121	74	135.581	71.0991	14.8666
1	121	74	45.6606	97.4265	78.8976
1	121	74	110.006	85.6824	16.0422
1	121	74	127.342	81.084	9.50831
1	121	74	127.157	74.3073	6.16439
1	121	74	121.336	90.0462	16.0497
1	121	74	131.523	77.9716	11.2479
1	121	74	127.851	78.0348	7.95118
1	121	74	104.599	97.4391	28.6073
1	121	74	76.3544	92.484	48.3207
1	121	74	106.326	63.8251	17.8562
1	121	74	133.425	85.2173	16.7396
1	121	74	113.851	95.8704	23.0091
1	121	74	124.016	75.1363	3.22315
1	121	74	117.551	90.0134	16.3806
1	121	74	125.397	76.3084	4.966
1	121	74	121.409	80.4915	6.50438
1	121	74	120.406	96.7506	22.7583
1	121	74	136.619	80.7603	17.0196
1	121	74	122.287	81.9131	8.01711
1	121	74	120.37	46.2264	27.7807
1	121	74	113.997	97.373	24.3995
1	121	74	123.191	71.5235	3.30679
1	121	74	76.1601	90.6566	47.8337
1	121	74	115.39	45.4209	29.1246
1	121	74	113.663	76.3067	7.69112
1	121	74	133.208	57.9717	20.148
1	121	74	114.883	83.923	11.657
1	121	74	140.854	59.1336	24.8033
1	121	74	110.925	45.1733	30.5365
1	121	74	130.237	76.6597	9.61194
1	121	74	140.461	71.146	19.6696
1	121	74	82.9367	51.449	44.2421
1	121	74	115.404	61.3003	13.8778
1	121	74	125.57	78.1026	6.1412
1	121	74	109.478	89.6508	19.4347
1	121	74	140.108	84.3952	21.7528
1	121	74	132.744	83.1448	14.8843
1	121	74	100.329	15.5094	62.0357
1	121	74	142.066	82.9615	22.8932
1	121	74	130.278	76.0089	9.49251
1	121	74	118.972	87.2717	13.4257
1	121	74	142.01	83.0451	22.8746
1	121	74	120.805	77.9539	3.95869
1	121	74	110.226	93.6661	22.4241
1	121	74	142.045	53.3856	29.4593
1	121	74	118.787	46.2549	27.8332
1	121	74	133.221	80.7959	13.9838
1	121	74	127.565	71.2598	7.11415
1	121	74	111.707	57.7623	18.709
1	121	74	126.037	66.8711	8.72894
1	121	74	106.557	25.8139	50.3041
1	121	74	123.264	92.2587	18.3985
1	121	74	122.064	78.5111	4.63482
1	121	74	127.184	85.1402	12.7415
1	121	74	118.586	75.3919	2.78616
1	121	74	101.308	49.9066	31.1169
1	121	74	115.044	83.1026	10.8779
1	121	74	115.407	82.1279	9.86657
1	121	74	46.0113	20.7297	91.9839
1	121	74	113.145	94.8074	22.2408
1	121	74	114.39	45.2558	29.4944
1	121	74	114.88	45.3792	29.2679
1	121	74	107.853	81.7526	15.2628
1	121	74	75.6432	46.0541	53.2748
1	121	74	111.508	90.1139	18.7017
1	121	74	128.516	75.0785	7.59346
1	121	74	121.931	54.7925	19.2301
1	121	74	141.225	84.0706	22.5934
1	121	74	126.558	75.1968	5.68549
1	121	74	125.816	72.5556	5.02789
1	121	74	117.659	80.0123	6.87843
1	121	74	116.391	45.6287	28.7433
1	121	74	118.884	74.0581	2.11695
1	121	74	132.084	77.8694	11.74
1	121	74	122.522	68.7553	5.46098
1	121	74	123.863	46.7991	27.3511
1	121	74	132.761	82.7398	14.6532
1	121	74	133.286	60.5747	18.1988
1	121	74	140.805	72.4156	19.8687
1	121	74	134.61	70.1003	14.158
1	121	74	131.98	83.6001	14.5848
1	121	74	125.122	46.9804	27.3322
1	121	74	131.415	83.0669	13.809
1	121	74	131.252	82.0836	13.0553
1	121	74	139.372	86.3199	22.1202
1	121	74	117.947	93.0309	19.2742
1	121	74	120.455	72.211	1.87005
1	121	74	127.757	77.1144	7.44021
1	121	74	122.04	76.0921	2.33635
1	121	74	86.4456	66.0364	35.4602
1	121	74	120.119	75.6173	1.84182
1	121	74	10.7003	83.236	110.686
1	121	74	110.816	97.485	25.598
1	121	74	118.28	45.8829	28.2483
1	121	74	128.747	68.0677	9.75778
1	121	74	141.105	84.1217	22.509
1	121	74	140.752	84.6306	22.4314
1	121	74	117.276	45.7551	28.4893
1	121	74	120.029	82.9542	9.00667
1	121	74	111.671	88.2248	17.0109
1	121	74	126.889	61.4977	13.82
1	121	74	142.189	82.9996	23.0208
1	121	74	123.829	91.0232	17.2566
1	121	74	122.961	85.8167	11.9784
1	121	74	54.0396	18.0587	87.2532
1	121	74	118.118	95.6388	21.8299
1	121	74	56.2985	97.4288	68.8127
1	121	74	140.69	84.898	22.5045
1	121	74	110.472	88.2264	17.6981
1	121	74	93.3725	68.1878	28.2323
1	121	74	127.483	67.9169	8.89002
1	121	74	139.32	49.0721	30.9358
1	121	74	134.624	70.7139	14.0149
1	121	74	139.708	85.7742	22.1051
1	121	74	99.1929	97.1152	31.7784
1	121	74	123.479	74.0366	2.47942
1	121	74	116.173	66.6755	8.77176
1	121	74	98.2476	96.6039	32.0719
1	121	74	111.531	85.2213	14.6825
1	121	74	131.1	73.7744	10.1025
1	121	74	138.035	53.1749	26.905
1	121	74	114.6	92.2185	19.3098
1	121	74	112.531	56.8467	19.1299
1	121	74	98.9308	59.6476	26.3256
1	121	74	116.907	78.6908	6.22539
1	121	74	127.44	76.0556	6.75993
1	121	74	124.029	79.663	6.42202
1	121	74	115.143	45.4205	29.1734
1	121	74	119.783	74.3499	1.26606
1	121	74	104.732	78.8818	16.9844
1	121	74	110.496	95.2417	23.6969
1	121	74	139.462	72.2016	18.549
1	121	74	107.186	77.2	14.18
1	121	74	131.413	70.6451	10.9398
1	121	74	84.9159	65.5904	37.051
1	121	74	140.634	84.717	22.3687
1	121	74	103.463	89.3216	23.287
1	121	74	118.116	75.1829	3.11718
1	121	74	120.166	86.7527	12.78
1	121	74	134.382	80.9881	15.0969
1	121	74	55.7188	38.2789	74.4153
1	121	74	117.212	45.7549	28.4979
1	121	74	115.991	85.059	12.1405
1	121	74	116.51	82.4518	9.57022
