1	121	74	120.92	84.9395	10.9398
1	121	74	116.753	82.1391	9.1806
1	121	74	123.523	80.7736	7.22812
1	121	74	117.162	45.962	28.2994
1	121	74	59.4371	45.8036	67.7128
1	121	74	120.961	72.9048	1.09592
1	121	74	128.72	81.9228	11.0621
1	121	74	136.323	77.6305	15.7469
1	121	74	108.316	82.5811	15.314
1	121	74	85.4059	65.969	36.4889
1	121	74	124.434	92.2456	18.566
1	121	74	113.563	45.3777	29.5727
1	121	74	111.168	95.1542	23.3276
1	121	74	115.371	85.9658	13.2238
1	121	74	133.043	84.8588	16.2155
1	121	74	107.156	66.7565	15.6243
1	121	74	137.646	83.1345	18.9873
1	121	74	129.444	83.4823	12.6973
1	121	74	95.2762	97.4372	34.7996
1	121	74	72.7407	11.2629	79.1511
1	121	74	97.2959	46.7814	36.0935
1	121	74	101.713	75.0737	19.3166
1	121	74	109.444	45.173	31.0571
1	121	74	126.245	47.428	27.0847
1	121	74	86.4142	64.3172	35.9157
1	121	74	93.8952	94.7627	34.1433
1	121	74	87.0536	65.987	34.8793
1	121	74	112.617	88.5403	16.7838
1	121	74	103.269	64.0457	20.3341
1	121	74	127.949	75.5138	7.11168
1	121	74	41.3986	25.2477	93.3443
1	121	74	142.064	82.2928	22.638
1	121	74	126.671	89.1821	16.2065
1	121	74	120.9	83.4565	9.457
1	121	74	128.354	77.0177	7.94869
1	121	74	106.145	97.4394	27.7504
1	121	74	131.554	74.2667	10.5575
1	121	74	119.464	78.6357	4.88344
1	121	74	122.176	80.8417	6.94213
1	121	74	118.308	46.133	27.9968
1	121	74	41.1354	24.1511	94.1449
1	121	74	140.079	78.5488	19.6133
1	121	74	95.3874	95.2915	33.3067
1	121	74	132.118	82.9389	14.2658
1	121	74	122.317	83.5589	9.64912
1	121	74	98.738	49.4179	33.1644
1	121	74	111.345	68.7925	10.9694
1	121	74	134.279	48.0928	29.1119
1	121	74	108.449	68.0493	13.8904
1	121	74	102.775	81.214	19.6012
1	121	74	126.271	70.3877	6.3901
1	121	74	123.508	68.0707	6.43773
1	121	74	116.545	45.8771	28.4736
1	121	74	124.666	78.9467	6.15713
1	121	74	133.234	73	12.2747
1	121	74	126.406	87.7747	14.7977
1	121	74	124.967	68.3004	6.9442
1	121	74	135.709	78.8027	15.4732
1	121	74	123.172	46.9189	27.1681
1	121	74	109.268	93.2936	22.5804
1	121	74	99.88	55.0254	28.3917
1	121	74	132.415	83.0018	14.5371
1	121	74	120.876	74.4555	0.471967
1	121	74	140.426	65.7296	21.1129
1	121	74	138.446	44.0419	34.6678
1	121	74	132.364	81.9644	13.8767
1	121	74	93.3001	97.4368	36.2845
1	121	74	122.343	71.7525	2.61819
1	121	74	40.4596	24.616	94.475
1	121	74	137.562	76.5082	16.7512
1	121	74	141.698	82.7308	22.4638
1	121	74	139.966	76.2389	19.0978
1	121	74	118.305	46.133	27.997
1	121	74	49.6202	31.4942	83.0772
1	121	74	124.342	91.2311	17.5522
1	121	74	113.079	90.9526	18.7119
1	121	74	127.637	88.8817	16.2947
1	121	74	130.434	68.0749	11.1404
1	121	74	117.708	97.3987	23.6292
1	121	74	136.729	48.8894	29.6302
1	121	74	118.509	46.1756	27.9357
1	121	74	105.94	50.9595	27.526
1	121	74	134.042	68.2561	14.251
1	121	74	123.569	81.252	7.69366
1	121	74	115.169	45.667	28.9268
1	121	74	97.7533	71.8631	23.3447
1	121	74	123.412	78.7074	5.28924
1	121	74	132.204	70.4567	11.7513
1	121	74	119.567	83.77	9.87448
1	121	74	65.5037	14.1885	81.592
1	121	74	121.275	71.2987	2.71519
1	121	74	128.586	77.6043	8.39859
1	121	74	122.392	88.0353	14.1042
1	121	74	133.387	79.5263	13.5639
1	121	74	102.263	79.613	19.5595
1	121	74	125.328	47.2831	27.0652
1	121	74	128.813	77.5265	8.57193
1	121	74	117.772	89.8076	16.1339
1	121	74	85.8739	65.7524	36.0813
1	121	74	126.332	47.3792	27.1496
1	121	74	54.9105	92.8593	68.7277
1	121	74	123.256	70.2166	4.40489
1	121	74	121.128	76.4989	2.5022
1	121	74	127.264	75.8522	6.53253
1	121	74	122.388	78.6217	4.82574
1	121	74	141.448	82.933	22.3141
1	121	74	126.862	89.9967	17.0369
1	121	74	111.034	45.1733	30.5009
1	121	74	133.313	68.2418	13.5933
1	121	74	83.3252	61.1793	39.7965
1	121	74	139.859	58.5701	24.3668
1	121	74	115.746	79.2948	7.45918
1	121	74	117.503	84.2916	10.8694
1	121	74	104.31	97.439	28.7741
1	121	74	131.69	81.4506	13.0302
1	121	74	134.03	85.1044	17.1202
1	121	74	120.341	76.2528	2.34715
1	121	74	135.443	76.9811	14.7475
1	121	74	122.561	46.8319	27.213
1	121	74	134.679	76.976	13.9989
1	121	74	111.171	80.5867	11.832
1	121	74	93.7105	97.4368	35.9722
1	121	74	88.6528	64.381	33.7471
1	121	74	136.922	85.787	19.8103
1	121	74	129.37	83.2308	12.4602
1	121	74	108.791	63.4114	16.1609
1	121	74	130.219	78.6899	10.3435
1	121	74	121.98	74.7896	1.25879
1	121	74	132.808	83.8931	15.4047
1	121	74	100.984	45.2623	35.0213
1	121	74	96.9147	97.38	33.5668
1	121	74	131.251	52.5316	23.7901
1	121	74	86.6013	65.9442	35.3294
1	121	74	91.345	97.4363	37.7979
1	121	74	138.155	81.5056	18.725
1	121	74	85.0052	65.88	36.8994
1	121	74	125.493	73.0123	4.5998
1	121	74	125.712	68.579	7.18294
1	121	74	138.676	80.894	18.9728
1	121	74	140.499	83.9713	21.9003
1	121	74	85.0532	66.1361	36.7969
1	121	74	136.427	77.6325	15.8493
1	121	74	102.458	96.5617	29.2031
1	121	74	72.6702	10.7152	79.6287
1	121	74	125.464	47.2846	27.0858
1	121	74	101.757	96.1584	29.3476
1	121	74	124.332	84.5424	11.0563
1	121	74	117.957	58.23	16.0608
1	121	74	133.162	72.5736	12.2449
1	121	74	118.968	46.5131	27.562
1	121	74	133.024	84.5575	16.0012
1	121	74	126.613	75.561	5.82569
1	121	74	116.779	45.9192	28.3963
1	121	74	85.0809	66.1358	36.77
1	121	74	123.757	75.0344	2.94466
1	121	74	127.894	76.8519	7.46091
1	121	74	119.944	77.1733	3.34441
1	121	74	98.2366	97.4378	32.6727
1	121	74	113.835	45.4597	29.426
1	121	74	117.694	85.9342	12.3835
1	121	74	125.417	47.6549	26.7128
1	121	74	100.2	96.7006	30.7889
1	121	74	86.2509	65.9543	35.6684
1	121	74	134.154	80.4556	14.6529
1	121	74	100.671	97.4383	31.0258
1	121	74	102.528	74.9268	18.495
1	121	74	123.067	97.4328	23.5238
1	121	74	49.392	42.5609	78.2056
1	121	74	68.711	24.249	72.1755
1	121	74	112.563	54.6337	21.1242
1	121	74	121.182	77.8239	3.82828
1	121	74	124.734	76.0831	4.27556
1	121	74	84.9084	63.7806	37.5106
1	121	74	128.382	93.3878	20.7455
1	121	74	123.297	96.2055	22.324
1	121	74	100.262	97.4382	31.2954
1	121	74	126.902	80.5013	8.78054
1	121	74	120.253	78.9703	5.02607
1	121	74	91.7396	55.3126	34.7187
1	121	74	140.659	61.6694	23.2063
1	121	74	140.025	84.4947	21.7277
1	121	74	115.037	85.6621	13.098
1	121	74	103.066	97.4388	29.5127
1	121	74	137.755	78.486	17.345
1	121	74	122.812	94.2804	20.3612
1	121	74	131.447	85.6683	15.662
1	121	74	86.6887	65.3362	35.3882
1	121	74	135.745	78.0036	15.2785
1	121	74	128.486	73.1912	7.52915
1	121	74	121.635	71.7961	2.29362
1	121	74	138.854	84.7459	20.838
1	121	74	99.3979	91.295	27.6725
1	121	74	141.156	69.7792	20.5933
1	121	74	56.7723	35.1761	75.05
1	121	74	129.641	75.7951	8.82569
1	121	74	126.659	47.7425	26.8603
1	121	74	110.593	97.4749	25.6782
1	121	74	100.851	52.0084	29.826
1	121	74	116.835	86.6129	13.2827
1	121	74	126.83	81.2399	9.29564
1	121	74	6.88607	86.4362	114.79
1	121	74	102.317	97.4386	29.9739
1	121	74	133.901	80.5171	14.4535
1	121	74	104.956	70.9514	16.3306
1	121	74	98.3819	53.1442	30.7659
1	121	74	115.87	83.2418	10.5702
1	121	74	128.835	79.9622	9.84531
1	121	74	118.026	72.7804	3.21413
1	121	74	122.096	46.7435	27.2785
1	121	74	122.689	74.9109	1.91889
1	121	74	114.839	80.4091	8.89026
1	121	74	133.867	71.1825	13.172
1	121	74	103.12	48.8434	30.8635
1	121	74	112.179	97.3058	24.9191
1	121	74	135.208	77.8112	14.7102
1	121	74	50.23	33.4815	81.5484
1	121	74	119.505	83.9769	10.0883
1	121	74	121.576	89.5068	15.5175
1	121	74	134.272	79.3108	14.2949
1	121	74	125.693	77.2099	5.68551
1	121	74	133.17	72.6894	12.2403
1	121	74	115.587	46.0058	28.5129
1	121	74	51.1945	33.6012	80.6528
1	121	74	61.6028	58.9582	61.2722
1	121	74	138.246	72.3282	17.3273
1	121	74	119.673	84.4224	10.5065
1	121	74	136.352	79.4938	16.3053
1	121	74	85.0129	63.0762	37.6085
1	121	74	119.518	66.649	7.49888
1	121	74	96.1443	50.9892	33.8718
1	121	74	127.721	73.5885	6.73372
1	121	74	128.651	87.2565	15.3061
1	121	74	130.517	56.8596	19.6052
1	121	74	141.39	83.1442	22.3468
1	121	74	119.463	75.4448	2.10976
1	121	74	110.123	45.4847	30.5192
1	121	74	114.969	76.0186	6.36011
1	121	74	125.53	62.2488	12.5941
1	121	74	99.8841	94.3974	29.3588
1	121	74	116.242	83.2529	10.4044
1	121	74	117.176	91.6376	18.0474
1	121	74	88.1211	64.1164	34.3323
1	121	74	120.947	63.5055	10.4946
1	121	74	136.071	77.1222	15.3906
1	121	74	123.456	69.6041	5.03561
1	121	74	140.277	74.9307	19.2993
1	121	74	108.24	45.1728	31.5248
1	121	74	118.217	87.7088	13.9885
1	121	74	133.579	84.0571	16.105
1	121	74	117.96	46.0898	28.0752
1	121	74	138.738	73.2471	17.7538
1	121	74	138.148	76.0145	17.2663
1	121	74	88.0545	65.2527	34.087
1	121	74	128.018	87.6088	15.3117
1	121	74	112.062	79.5166	10.5035
1	121	74	121.571	87.4026	13.4148
1	121	74	111.861	97.3577	25.082
1	121	74	139.083	76.2062	18.2166
1	121	74	99.0773	90.9703	27.7235
1	121	74	57.041	46.306	69.6973
1	121	74	118.074	46.1319	28.0213
1	121	74	122.67	68.9328	5.33523
1	121	74	108.625	87.8265	18.5556
1	121	74	120.098	71.5501	2.61064
1	121	74	123.337	86.3802	12.5988
1	121	74	126.096	77.2717	6.05575
1	121	74	139.458	71.8111	18.5877
1	121	74	138.295	77.6612	17.6781
1	121	74	128.668	75.4554	7.80476
1	121	74	131.302	51.3304	24.9008
1	121	74	111.351	97.365	25.2789
1	121	74	140.586	43.0929	36.5906
1	121	74	120.5	95.5323	21.5381
1	121	74	113.349	45.3775	29.6274
1	121	74	123.703	76.1415	3.44881
1	121	74	135.727	77.9166	15.239
1	121	74	114.219	66.3977	10.1868
1	121	74	88.8633	57.6607	36.0519
1	121	74	86.1882	65.7062	35.7861
1	121	74	117.135	78.7291	6.10739
1	121	74	101.508	97.4385	30.4846
1	121	74	124.594	78.1444	5.48563
1	121	74	101.036	93.0786	27.6142
1	121	74	134.172	83.684	16.3484
1	121	74	112.058	80.4858	11.0462
1	121	74	95.3643	51.7436	33.9491
1	121	74	137.587	69.6887	17.1377
1	121	74	125.454	47.3009	27.068
1	121	74	87.3571	65.0619	34.81
1	121	74	120.738	74.4045	0.481805
1	121	74	71.1965	10.7571	80.4987
1	121	74	121.861	80.5734	6.62944
1	121	74	129.373	76.3131	8.6865
1	121	74	129.606	57.6919	18.4396
1	121	74	119.864	80.2612	6.36342
1	121	74	124.45	47.1461	27.0746
1	121	74	120.334	71.7461	2.35041
1	121	74	110.073	45.1731	30.8285
1	121	74	112.042	45.1735	30.1862
1	121	74	125.516	76.0884	4.97588
1	121	74	119.588	78.2367	4.46572
1	121	74	120.309	85.8804	11.9005
1	121	74	84.5014	47.463	45.126
1	121	74	106.247	97.4394	27.696
1	121	74	138.315	85.2125	20.6287
1	121	74	140.968	74.2977	19.9705
1	121	74	38.5574	97.4249	85.7059
1	121	74	112.526	50.5225	24.96
1	121	74	127.64	82.9868	11.1739
1	121	74	140.143	71.8864	19.2592
1	121	74	118.979	74.9334	2.22579
1	121	74	86.4234	65.9676	35.4974
1	121	74	127.363	70.3542	7.33327
1	121	74	127.619	76.075	6.93685
1	121	74	135.168	70.8055	14.5241
1	121	74	120.834	83.0406	9.04215
1	121	74	114.414	45.5424	29.2098
1	121	74	103.51	79.4932	18.3324
1	121	74	128.51	87.1637	15.1552
1	121	74	86.3251	65.8828	35.6123
1	121	74	135.751	80.7324	16.2151
1	121	74	112.846	45.255	29.8791
1	121	74	117.33	66.0764	8.73223
1	121	74	123.367	87.2048	13.4153
1	121	74	129.679	86.0249	14.8297
1	121	74	118.023	76.9431	4.18639
1	121	74	99.7243	97.4381	31.6544
1	121	74	113.274	73.8223	7.72759
1	121	74	112.967	95.6765	23.1169
1	121	74	101.035	97.4384	30.7889
1	121	74	43.901	42.8067	83.1702
1	121	74	87.1443	65.9055	34.8099
1	121	74	140.559	83.9875	21.9618
1	121	74	122.016	72.2125	2.056
1	121	74	132.685	83.0336	14.7699
1	121	74	101.883	55.9612	26.2839
1	121	74	103.072	96.1141	28.4685
1	121	74	119.262	46.3047	27.7498
1	121	74	128.721	71.79	8.0311
1	121	74	97.6268	97.4377	33.1003
1	121	74	134.2	73.9311	13.2003
1	121	74	118.345	77.8338	4.66355
1	121	74	128.532	75.8442	7.75441
1	121	74	114.592	85.8165	13.4423
1	121	74	119.293	84.4542	10.5925
1	121	74	127.683	73.9258	6.6839
1	121	74	128.839	72.7765	7.93425
1	121	74	140.2	84.3315	21.8036
1	121	74	118.685	91.6263	17.7777
1	121	74	136.212	85.0501	18.8019
1	121	74	110.145	45.1732	30.8029
1	121	74	135.73	65.1586	17.1801
1	121	74	121.351	68.3582	5.65275
1	121	74	87.9003	64.432	34.4549
1	121	74	121.207	87.9352	13.9368
1	121	74	113.942	85.5708	13.5537
1	121	74	127.833	73.4949	6.85189
1	121	74	130.166	84.268	13.7641
1	121	74	119.63	92.5821	18.6326
1	121	74	109.705	87.2545	17.4141
1	121	74	85.8766	66.0072	36.0214
1	121	74	123.873	80.389	7.00543
1	121	74	116.625	81.9737	9.09503
1	121	74	135.834	77.862	15.3287
1	121	74	110.513	89.9181	19.0623
1	121	74	119.752	74.6658	1.41443
1	121	74	108.634	95.3209	24.6475
1	121	74	47.5672	97.4269	77.0791
1	121	74	117.37	83.7879	10.4394
1	121	74	121.009	83.2574	9.25744
1	121	74	10.7362	83.2301	110.649
1	121	74	127.701	78.2519	7.93612
1	121	74	135.482	82.1523	16.6187
1	121	74	120.719	46.523	27.4784
1	121	74	118.861	78.8725	5.32142
1	121	74	114.874	75.8454	6.39787
1	121	74	119.671	46.3907	27.6413
1	121	74	10.5926	83.1221	110.784
1	121	74	108.771	45.1729	31.3139
1	121	74	123.663	94.4886	20.661
1	121	74	133.185	70.7611	12.6084
1	121	74	100.032	95.6371	30.1303
1	121	74	131.973	82.8973	14.127
1	121	74	103.915	49.8722	29.5644
1	121	74	117.53	50.9355	23.3241
1	121	74	107.944	82.8358	15.7651
1	121	74	107.851	90.4101	21.0282
1	121	74	98.5941	92.1531	28.8368
1	121	74	112.581	79.0357	9.80992
1	121	74	140.516	84.8522	22.3303
1	121	74	126.501	75.2371	5.6386
1	121	74	102.791	56.9759	24.9274
1	121	74	132.41	67.407	13.1775
1	121	74	44.7189	21.0915	92.8338
1	121	74	111.083	97.4754	25.4841
1	121	74	114.292	96.2312	23.2212
1	121	74	131.44	82.3879	13.3924
1	121	74	115.978	62.9927	12.0987
1	121	74	96.8548	62.1802	26.8831
1	121	74	116.101	61.8073	13.1402
1	121	74	128.836	64.6285	12.216
1	121	74	126.042	89.7854	16.571
1	121	74	98.6061	46.9189	35.1408
1	121	74	123.942	70.5744	4.51522
1	121	74	122.217	74.7177	1.41266
1	121	74	126.499	70.5861	6.47213
1	121	74	136.172	76.4013	15.3613
1	121	74	139.976	72.986	19.0028
1	121	74	86.4987	65.9095	35.4372
1	121	74	127.669	76.3266	7.06313
1	121	74	141.882	81.6642	22.2437
1	121	74	99.7071	97.4381	31.6659
1	121	74	87.5918	66.1265	34.3235
1	121	74	121.646	94.0601	20.0705
1	121	74	104.189	90.3126	23.4249
1	121	74	135.469	79.9329	15.6377
1	121	74	125.216	67.7478	7.54094
1	121	74	104.029	80.0202	18.0075
1	121	74	119.409	93.6589	19.7232
1	121	74	129.692	87.6498	16.1824
1	121	74	138.901	61.826	21.6484
1	121	74	142.065	82.3509	22.6595
1	121	74	120.799	75.4144	1.42859
1	121	74	109.402	95.8061	24.6987
1	121	74	41.0977	24.1766	94.1634
1	121	74	130.622	78.3348	10.553
1	121	74	137.742	85.9057	20.5435
1	121	74	120.577	76.0418	2.0851
1	121	74	134.265	73.5995	13.2715
1	121	74	137.655	79.9147	17.6738
1	121	74	86.0873	64.2362	36.2523
1	121	74	121.314	96.361	22.3632
1	121	74	123.372	76.6358	3.54629
1	121	74	124.331	75.2824	3.56974
1	121	74	105.624	54.5142	24.8218
1	121	74	138.98	74.7438	17.9955
1	121	74	114.285	45.5013	29.2792
1	121	74	130.729	55.6488	20.7705
1	121	74	103.702	49.2396	30.2041
1	121	74	123.69	86.0045	12.3023
1	121	74	119.668	76.5768	2.90057
1	121	74	119.776	46.3913	27.6358
1	121	74	116.687	78.7174	6.39157
1	121	74	132.44	74.5068	11.4511
1	121	74	120.484	85.561	11.5725
1	121	74	110.771	85.4824	15.3776
1	121	74	139.462	49.1502	30.9575
1	121	74	118.05	76.6569	3.97025
1	121	74	111.936	45.1735	30.218
1	121	74	121.474	81.5907	7.60546
1	121	74	120.984	76.1759	2.17598
1	121	74	124.188	96.005	22.2347
1	121	74	72.3646	49.9306	54.2655
1	121	74	128.127	72.6364	7.25587
1	121	74	102.523	51.8919	28.8129
1	121	74	114.894	45.6254	29.0242
1	121	74	84.2898	66.0542	37.5603
1	121	74	72.4885	10.7607	79.7031
1	121	74	116.912	45.9611	28.3354
1	121	74	96.4453	68.2345	25.2225
1	121	74	129.919	82.7868	12.5201
1	121	74	117.663	89.8245	16.1724
1	121	74	136.66	53.4686	25.8221
1	121	74	124.67	75.7304	4.05786
1	121	74	124.194	69.4416	5.56613
1	121	74	110.895	45.1733	30.5466
1	121	74	99.4741	70.0357	21.8879
1	121	74	114.121	45.4601	29.3573
1	121	74	108.431	94.7577	24.2667
1	121	74	141.133	83.9485	22.457
1	121	74	130.227	89.5198	18.0555
1	121	74	118.391	73.8028	2.61687
1	121	74	11.5825	33.0672	116.823
1	121	74	111.071	75.9958	10.1276
1	121	74	123.346	55.9601	18.1918
1	121	74	133.606	81.5949	14.7174
1	121	74	112.404	79.1377	10.014
1	121	74	109.866	45.1731	30.9025
1	121	74	99.0546	97.438	32.1082
1	121	74	139.075	71.0038	18.3214
1	121	74	121.298	83.4837	9.48833
1	121	74	118.039	46.0902	28.0664
1	121	74	99.6781	91.9708	27.885
1	121	74	119.854	78.9593	5.09003
1	121	74	125.152	55.5439	18.9172
1	121	74	134.971	53.0339	25.1947
1	121	74	131.064	82.8454	13.3985
1	121	74	139.527	72.1458	18.6195
1	121	74	103.924	97.439	28.9997
1	121	74	127.18	91.9765	19.0091
1	121	74	124.766	86.3029	12.8664
1	121	74	130.021	85.3347	14.4863
1	121	74	104.758	78.4463	16.8399
1	121	74	141.653	82.8565	22.472
1	121	74	123.87	74.0141	2.87025
1	121	74	125.929	73.7413	4.93589
1	121	74	117.782	46.0891	28.0959
1	121	74	85.1767	65.6378	36.7863
1	121	74	107.827	96.7062	26.2505
1	121	74	123.439	94.6016	20.7455
1	121	74	71.6493	10.732	80.2392
1	121	74	123.798	70.6245	4.38443
1	121	74	112.968	82.7564	11.882
1	121	74	121.112	54.4279	19.5724
1	121	74	124.079	79.863	6.62231
1	121	74	108.958	70.8645	12.444
1	121	74	140.656	49.6381	31.3026
1	121	74	123.536	71.4006	3.6315
1	121	74	118.173	86.7712	13.0804
1	121	74	130.097	76.2238	9.36534
1	121	74	127.353	75.8711	6.62302
1	121	74	126.607	77.2746	6.49335
1	121	74	141.984	62.7792	23.7954
1	121	74	117.992	76.3373	3.80904
1	121	74	104.587	97.4391	28.6145
1	121	74	114.84	56.7686	18.2995
1	121	74	119.534	73.4411	1.56899
1	121	74	114.084	79.0367	8.55587
1	121	74	115.683	45.7095	28.7858
1	121	74	98.6611	61.8433	25.4324
1	121	74	122.863	46.8767	27.1872
1	121	74	134.733	68.8548	14.6652
1	121	74	122.37	66.2334	7.88661
1	121	74	102.709	97.3619	29.6703
1	121	74	140.146	84.3605	21.7697
1	121	74	130.279	77.1649	9.80363
1	121	74	105.208	45.1723	32.8697
1	121	74	141.575	82.7336	22.3519
1	121	74	110.149	97.402	25.7955
1	121	74	122.427	75.3634	1.97343
1	121	74	98.8496	97.3808	32.2072
1	121	74	114.543	45.5426	29.1808
1	121	74	120.52	86.0501	12.0597
1	121	74	120.915	76.5992	2.60056
1	121	74	67.2679	16.8691	78.4288
1	121	74	129.678	81.6603	11.5754
1	121	74	124.928	69.7352	5.79774
1	121	74	139.878	83.6561	21.2039
1	121	74	132.049	80.2379	12.6883
1	121	74	87.0352	65.8891	34.9198
1	121	74	119.119	46.4459	27.6182
1	121	74	117.186	46.2538	28.0071
1	121	74	105.124	62.1799	19.7932
1	121	74	97.9958	50.5324	32.8622
1	121	74	129.784	79.4199	10.3211
1	121	74	127.205	88.0807	15.3872
1	121	74	132.135	71.2768	11.4629
1	121	74	86.5885	65.899	35.3522
1	121	74	137.951	72.5464	17.0135
1	121	74	118.788	79.1315	5.58795
1	121	74	102.296	50.9413	29.691
1	121	74	104.855	61.2723	20.5586
1	121	74	134.988	79.2172	14.929
1	121	74	106.705	45.4139	31.961
1	121	74	132.107	75.4305	11.1983
1	121	74	123.456	69.5419	5.08971
1	121	74	125.866	68.8547	7.08197
1	121	74	124.647	71.9238	4.1964
1	121	74	119.023	77.5441	4.05822
1	121	74	129.243	75.6288	8.40268
1	121	74	132.138	72.1404	11.2919
1	121	74	118.124	89.2402	15.5092
1	121	74	120.694	75.077	1.11959
1	121	74	101.077	97.4384	30.7616
1	121	74	89.5317	53.7999	37.3938
1	121	74	124.925	92.093	18.5138
1	121	74	139.012	70.9352	18.2707
1	121	74	120.572	84.9764	10.9847
1	121	74	118.065	78.4164	5.30245
1	121	74	133.598	74.8098	12.6242
1	121	74	134.052	76.0584	13.2131
1	121	74	121.915	95.3381	21.3577
1	121	74	104.378	97.4391	28.7347
1	121	74	117.064	82.6534	9.50651
1	121	74	52.3006	37.7909	77.6576
1	121	74	135.686	48.6793	29.2716
1	121	74	95.612	49.7029	35.1411
1	121	74	132.979	72.8158	12.0369
1	121	74	104.016	47.742	31.2722
1	121	74	93.0677	97.4367	36.4622
1	121	74	132.368	64.3074	14.9391
1	121	74	84.9777	62.844	37.7103
1	121	74	96.7638	51.3737	33.1563
1	121	74	124.819	81.1052	8.06649
1	121	74	82.7785	58.2309	41.3466
1	121	74	127.113	76.2766	6.52271
1	121	74	141.455	83.0041	22.3493
1	121	74	140.615	83.74	21.8999
1	121	74	88.1639	65.0831	34.0253
1	121	74	116.077	81.044	8.59392
1	121	74	137.025	80.4125	17.2601
1	121	74	122.144	48.0359	25.9893
1	121	74	125.396	80.3724	7.74167
1	121	74	125.393	83.1514	10.1514
1	121	74	113.387	45.5215	29.4786
1	121	74	137.257	71.9042	16.3913
1	121	74	120.247	89.8739	15.8917
1	121	74	110.619	71.0167	10.8013
1	121	74	141.359	59.2221	25.1572
1	121	74	131.153	74.2082	10.155
1	121	74	119.141	46.304	27.7583
1	121	74	104.402	97.4391	28.7208
1	121	74	100.576	95.5844	29.7157
1	121	74	138.858	71.7184	18.0034
1	121	74	113.558	84.6015	12.9526
1	121	74	123.349	69.798	4.81399
1	121	74	120.672	77.5208	3.53603
1	121	74	41.1166	24.1654	94.1534
1	121	74	85.9077	65.8426	36.0279
1	121	74	136.578	61.0731	20.2433
1	121	74	126.643	71.2975	6.25662
1	121	74	136.975	58.485	22.2689
1	121	74	108.927	88.4074	18.7969
1	121	74	88.2942	65.9046	33.6928
1	121	74	97.5644	95.4954	31.8007
1	121	74	119.118	75.5029	2.40871
1	121	74	118.681	46.2181	27.8784
1	121	74	119.314	46.3468	27.7045
1	121	74	133.945	78.589	13.7341
1	121	74	111.08	45.1733	30.4856
1	121	74	142.026	70.2931	21.3499
1	121	74	122.407	69.9789	4.26026
1	121	74	130.956	73.3866	9.97506
1	121	74	118.75	85.2712	11.4935
1	121	74	113.941	90.5685	18.0096
1	121	74	51.0749	33.8675	80.6234
1	121	74	139.397	73.4469	18.405
1	121	74	115.148	45.667	28.9309
1	121	74	96.5717	96.3824	33.1318
1	121	74	116.239	87.692	14.4962
1	121	74	118.054	92.3912	18.6257
1	121	74	113.661	76.4949	7.75149
1	121	74	139.338	85.4414	21.6147
1	121	74	87.6105	65.8091	34.3795
1	121	74	117.291	77.0089	4.77568
1	121	74	124.717	88.8957	15.3523
1	121	74	88.121	64.5547	34.2088
1	121	74	140.143	71.0922	19.3623
1	121	74	120.191	75.1122	1.37531
1	121	74	133.505	82.9069	15.3528
1	121	74	80.2428	58.8627	43.4774
1	121	74	133.942	82.6255	15.553
1	121	74	96.9654	97.4375	33.5705
1	121	74	120.335	74.7512	1.00334
1	121	74	125.363	93.0829	19.5753
1	121	74	132.581	84.7683	15.8139
1	121	74	87.8417	65.9136	34.1301
1	121	74	128.421	66.0061	10.9076
1	121	74	107.166	64.1618	16.9754
1	121	74	113.062	45.3365	29.7424
1	121	74	104.845	47.5515	30.9919
1	121	74	127.367	73.82	6.36996
1	121	74	130.336	80.8241	11.5638
1	121	74	120.711	94.921	20.923
1	121	74	114.938	45.6255	29.0148
1	121	74	126.969	80.7343	8.99866
1	121	74	107.81	46.4997	30.4998
1	121	74	118.48	78.6709	5.3074
1	121	74	128.077	68.5268	8.94644
1	121	74	132.072	73.9478	11.0719
1	121	74	97.8842	97.2475	32.784
1	121	74	49.0176	97.4272	75.6988
1	121	74	140.159	85.2879	22.2369
1	121	74	138.154	85.2071	20.4904
1	121	74	135.458	82.6099	16.8278
1	121	74	131.079	88.4921	17.6524
1	121	74	102.829	97.4387	29.6571
1	121	74	135.356	61.1433	19.2715
1	121	74	139.34	74.2167	18.3412
1	121	74	123.834	76.9226	4.07097
1	121	74	124.307	85.6031	12.0651
1	121	74	114.145	45.501	29.3118
1	121	74	140.786	83.6702	22.0224
1	121	74	131.703	58.2923	19.0074
1	121	74	133.94	88.1101	19.1454
1	121	74	141.455	82.9734	22.3366
1	121	74	117.152	97.4319	23.7458
1	121	74	100.407	94.7462	29.2312
1	121	74	111.039	45.1733	30.4992
1	121	74	111.3	97.2958	25.2346
1	121	74	105.857	77.5374	15.5509
1	121	74	113.403	79.9258	9.63489
1	121	74	138.827	79.6466	18.6996
1	121	74	71.3507	10.6325	80.5015
1	121	74	126.433	82.4587	10.0535
1	121	74	114.825	83.0311	10.9402
1	121	74	135.719	68.2838	15.7897
1	121	74	127.464	78.1809	7.69801
1	121	74	133.134	81.8084	14.4293
1	121	74	137.194	76.4704	16.3818
1	121	74	141.745	61.7626	24.0855
1	121	74	117.103	96.697	23.0292
1	121	74	141.137	73.0074	20.1618
1	121	74	132.366	82.1097	13.963
1	121	74	60.501	43.7998	67.6179
1	121	74	98.1346	94.2726	30.5583
1	121	74	123.619	94.943	21.1061
1	121	74	120.856	78.2862	4.28861
1	121	74	130.567	79.5369	11.0541
1	121	74	12.121	33.8049	116.062
1	121	74	139.982	73.4212	18.991
1	121	74	134.416	83.9491	16.7023
1	121	74	106.432	48.1607	29.6631
1	121	74	131.607	75.772	10.7537
1	121	74	121.131	90.7915	16.7921
1	121	74	97.545	97.4376	33.1581
1	121	74	85.6386	20.554	64.0851
1	121	74	120.601	64.4338	9.5745
1	121	74	55.017	97.4285	70.019
1	121	74	117.975	46.0899	28.0736
1	121	74	125.161	70.0048	5.7687
1	121	74	126.907	90.8375	17.8437
1	121	74	118.848	46.219	27.8643
1	121	74	56.9283	44.3947	70.5809
1	121	74	100.568	97.3796	31.0493
1	121	74	132.673	81.0895	13.6576
1	121	74	101.172	94.3738	28.4294
1	121	74	83.4038	59.9476	40.1366
1	121	74	109.974	93.5712	22.4634
1	121	74	125.053	74.3435	4.06732
1	121	74	138.253	78.0779	17.7282
1	121	74	58.6819	45.8505	68.3808
1	121	74	129.081	73.7692	8.08479
1	121	74	114.665	94.872	21.8122
1	121	74	116.122	45.7931	28.6256
1	121	74	138.245	71.6878	17.3998
1	121	74	102.038	53.5064	27.9202
1	121	74	126.775	80.6699	8.82226
1	121	74	113.443	60.7283	15.2726
1	121	74	93.6594	94.9841	34.4651
1	121	74	40.452	22.5833	95.5597
1	121	74	119.912	75.8393	2.13684
1	121	74	59.6113	45.1282	67.8392
1	121	74	139.476	85.2985	21.6567
1	121	74	140.584	85.2564	22.5887
1	121	74	101.408	96.3896	29.7511
1	121	74	109.181	83.4739	15.1474
1	121	74	71.1898	10.7279	80.5258
1	121	74	100.132	94.5088	29.2589
1	121	74	120.63	84.4861	10.4926
1	121	74	132.643	80.5655	13.3668
1	121	74	123.797	91.8239	18.0419
1	121	74	125.911	88.0699	14.9024
1	121	74	86.0225	65.7374	35.9401
1	121	74	135.977	73.6004	14.982
1	121	74	114.491	45.5426	29.1923
1	121	74	93.4341	97.4368	36.1824
1	121	74	125.114	74.1349	4.11626
1	121	74	101.649	85.3245	22.4214
1	121	74	136.047	59.0701	21.1971
1	121	74	117.333	97.4307	23.716
1	121	74	125.451	73.4662	4.48318
1	121	74	128.332	67.6702	9.68665
1	121	74	99.9628	96.3353	30.6827
1	121	74	113.918	84.4334	12.6098
1	121	74	115.608	45.7093	28.8001
1	121	74	113.189	88.0456	16.0713
1	121	74	121.798	72.7334	1.49679
1	121	74	119.493	77.1561	3.4976
1	121	74	115.539	81.2439	9.07176
1	121	74	126.395	73.1575	5.4608
1	121	74	126.727	66.9825	9.05813
1	121	74	139.679	84.9953	21.6746
1	121	74	98.6496	91.4899	28.3802
1	121	74	97.0118	97.1466	33.3347
1	121	74	127.714	75.416	6.86156
1	121	74	99.424	97.1674	31.6584
1	121	74	114.69	45.5839	29.1082
1	121	74	118.099	77.1953	4.31573
1	121	74	87.8554	65.6855	34.1715
1	121	74	102.935	97.4388	29.5926
1	121	74	139.425	85.6524	21.8007
1	121	74	87.4807	65.7622	34.5167
1	121	74	104.289	97.439	28.786
1	121	74	141.455	82.9947	22.3454
1	121	74	139.63	73.7152	18.6317
1	121	74	118.123	58.5089	15.756
1	121	74	140.303	72.1576	19.3912
1	121	74	122.796	87.3805	13.5005
1	121	74	121.715	46.2006	27.8086
1	121	74	121.699	82.7667	8.79449
1	121	74	67.4107	47.5038	59.7818
1	121	74	135.245	81.1876	15.9556
1	121	74	122.087	71.3798	2.83671
1	121	74	101.19	97.4384	30.6886
1	121	74	51.6272	37.2884	78.4877
1	121	74	136.652	81.4228	17.3231
1	121	74	86.7534	65.5674	35.2695
1	121	74	136.668	75.5052	15.7405
1	121	74	77.2336	96.4926	49.2079
1	121	74	120.964	87.3376	13.3377
1	121	74	102.317	45.3655	34.1905
1	121	74	140.09	78.9816	19.729
1	121	74	116.337	45.8351	28.5483
1	121	74	95.3452	94.1069	32.5953
1	121	74	102.076	81.5456	20.3729
1	121	74	135.553	78.6624	15.282
1	121	74	94.2691	97.437	35.5504
1	121	74	124.5	70.6419	4.85009
1	121	74	137.475	56.7414	23.8596
1	121	74	138.434	71.445	17.6201
1	121	74	120.483	65.8655	8.15093
1	121	74	105.523	48.6147	29.7313
1	121	74	119.113	46.3039	27.7603
1	121	74	134.302	79.2688	14.307
1	121	74	116.952	81.7654	8.75738
1	121	74	139.709	84.3016	21.3577
1	121	74	118.594	85.683	11.9281
1	121	74	131.596	84.2014	14.7089
1	121	74	141.819	82.531	22.4992
1	121	74	92.8744	57.3378	32.6906
1	121	74	135.119	79.0909	15.0091
1	121	74	122.775	73.9166	1.77745
1	121	74	122.034	70.3646	3.77969
1	121	74	129.352	68.0438	10.2582
1	121	74	120.012	93.6823	19.7071
1	121	74	110.915	72.6819	10.1712
1	121	74	128.652	79.6862	9.53358
1	121	74	98.619	71.5916	22.5102
1	121	74	136.667	76.4566	15.8589
1	121	74	134.983	81.7793	16.0017
1	121	74	114.922	45.6254	29.0182
1	121	74	107.284	45.1726	31.9241
1	121	74	115.403	45.6676	28.8799
1	121	74	134.829	60.4109	19.3884
1	121	74	110.352	80.8939	12.6849
1	121	74	112.387	45.2141	30.0469
1	121	74	71.3116	10.6844	80.4848
1	121	74	100.039	91.5823	27.3589
1	121	74	133.503	73.228	12.5264
1	121	74	130.836	51.9727	24.1235
1	121	74	138.777	86.1257	21.5183
1	121	74	39.184	22.7754	96.5288
1	121	74	88.126	66.2925	33.7654
1	121	74	133.318	81.7042	14.5288
1	121	74	123.36	93.5177	19.6599
1	121	74	87.6154	65.5966	34.426
1	121	74	111.777	97.3803	25.1337
1	121	74	121.875	78.8059	4.88492
1	121	74	92.3871	69.9844	28.8933
1	121	74	97.1564	97.4376	33.434
1	121	74	111.794	66.2218	12.0518
1	121	74	138.526	85.1531	20.7741
1	121	74	117.647	76.1307	3.97258
1	121	74	111.82	89.0466	17.6259
1	121	74	136.182	71.6882	15.3566
1	121	74	125.944	93.9083	20.513
1	121	74	95.0143	89.7278	30.3747
1	121	74	130.103	81.4015	11.7325
1	121	74	114.774	70.3719	7.20584
1	121	74	94.8324	59.1728	30.0764
1	121	74	125.284	68.1755	7.23028
1	121	74	121.185	88.3018	14.303
1	121	74	141.073	83.0067	22.0008
1	121	74	52.4655	39.3935	76.7762
1	121	74	99.1703	95.7282	30.8002
1	121	74	127.161	77.8366	7.25782
1	121	74	60.0949	43.2939	68.2078
1	121	74	114.384	45.5014	29.2564
1	121	74	132.543	83.9632	15.2481
1	121	74	118.903	77.6479	4.20757
1	121	74	121.958	74.9814	1.3715
1	121	74	123.114	69.8555	4.6525
1	121	74	84.6417	65.9198	37.2454
1	121	74	106.966	96.395	26.4289
1	121	74	112.999	45.2957	29.7985
1	121	74	97.447	91.4715	29.3257
1	121	74	126.069	75.6985	5.34554
1	121	74	139.411	74.7962	18.4282
1	121	74	118.83	46.2189	27.8657
1	121	74	135.032	70.878	14.3751
1	121	74	128.38	47.3907	27.6136
1	121	74	113.192	79.1007	9.32655
1	121	74	105.208	97.4392	28.2629
1	121	74	86.9124	65.9363	35.0283
1	121	74	118.734	83.7006	9.96169
1	121	74	122.984	69.9675	4.49406
1	121	74	138.255	79.6108	18.1442
1	121	74	41.3416	24.4596	93.8068
1	121	74	120.657	93.9627	19.9657
1	121	74	52.3508	49.8769	72.7643
1	121	74	124.347	71.0741	4.44551
1	121	74	50.9272	32.1204	81.6339
1	121	74	137.362	77.8421	16.8074
1	121	74	95.004	97.4371	35.0013
1	121	74	125.088	91.5667	18.0361
1	121	74	115.727	81.7363	9.36225
1	121	74	119.809	84.5766	10.6434
1	121	74	118.353	86.8305	13.1007
1	121	74	94.5017	64.1216	28.2797
1	121	74	100.143	97.4382	31.3748
1	121	74	40.0956	24.851	94.6633
1	121	74	92.816	55.7341	33.5854
1	121	74	105.234	55.379	24.3988
1	121	74	129.809	78.7551	10.0107
1	121	74	129.634	68.4288	10.2756
1	121	74	85.4073	66.2561	36.4254
1	121	74	41.0863	24.1852	94.1685
1	121	74	125.378	47.2836	27.0727
1	121	74	130.382	69.6865	10.3257
1	121	74	127.428	85.1142	12.8394
1	121	74	82.4836	54.9079	42.9886
1	121	74	132.003	83.654	14.6381
1	121	74	116.076	81.2104	8.73112
1	121	74	135.949	78.3214	15.5614
1	121	74	116.479	62.1408	12.6917
1	121	74	138.888	85.9631	21.5197
1	121	74	136.655	59.6504	21.2364
1	121	74	131.397	68.6131	11.7093
1	121	74	78.4969	50.8813	48.3837
1	121	74	115.092	45.6258	28.9827
1	121	74	140.971	83.5647	22.1435
1	121	74	113.319	73.0272	7.74214
1	121	74	138.833	73.3275	17.8454
1	121	74	140.277	78.1488	19.7183
1	121	74	105.165	85.4872	19.5626
1	121	74	129.574	82.7159	12.2261
1	121	74	40.1427	24.8249	94.6366
1	121	74	124.163	74.5344	3.20813
1	121	74	87.1638	65.6022	34.8627
1	121	74	134.821	73.4053	13.8338
1	121	74	121.303	87.0519	13.0554
1	121	74	126.437	78.9224	7.33442
1	121	74	125.139	82.0644	9.06455
1	121	74	119.689	75.3118	1.85481
1	121	74	107.373	46.1014	31.0488
1	121	74	131.654	66.6121	12.9649
1	121	74	120.706	72.5104	1.51836
1	121	74	119.7	85.8683	11.9392
1	121	74	135.876	60.1197	20.3458
1	121	74	138.674	72.9216	17.7071
1	121	74	136.986	49.0212	29.6564
1	121	74	111.433	81.3029	12.0358
1	121	74	116.436	80.9512	8.31539
1	121	74	93.8287	50.5647	35.8816
1	121	74	126.434	81.7506	9.46605
1	121	74	99.2803	73.3434	21.7296
1	121	74	102.619	97.4387	29.7864
1	121	74	124.581	62.2046	12.3271
1	121	74	99.8189	48.8981	32.8442
1	121	74	127.755	75.2561	6.87036
1	121	74	110.738	45.1733	30.599
1	121	74	73.6963	89.1169	49.6605
1	121	74	125.086	76.4151	4.74679
1	121	74	108.369	96.3966	25.7128
1	121	74	53.9316	97.0616	70.9226
1	121	74	136.977	71.7796	16.1307
1	121	74	107.278	74.0854	13.7225
1	121	74	131.827	81.5816	13.2176
1	121	74	111.46	79.1752	10.853
1	121	74	87.5454	65.8595	34.4307
1	121	74	121.396	74.3934	0.557946
1	121	74	122.157	69.8892	4.27044
1	121	74	128.839	71.5771	8.20478
1	121	74	95.5904	54.9472	31.7594
1	121	74	86.8005	64.5738	35.4748
1	121	74	127.449	88.8571	16.1963
