1	121	74	121.361	73.7811	0.421786
1	121	74	120.873	75.2398	1.24629
1	121	74	121.277	74.9756	1.01407
1	121	74	120.112	74.5075	1.02266
1	121	74	121.877	74.3468	0.943557
1	121	74	120.819	75.2108	1.22422
1	121	74	121.016	75.3466	1.34666
1	121	74	119.847	74.7185	1.35838
1	121	74	119.512	74.3969	1.5397
1	121	74	120.736	75.5035	1.52648
1	121	74	119.497	74.8554	1.72914
1	121	74	119.128	74.7964	2.03413
1	121	74	121.145	76.0207	2.02597
1	121	74	121.318	74.0457	0.321005
1	121	74	120.479	75.147	1.25981
1	121	74	121.466	73.4158	0.747168
1	121	74	122.127	73.65	1.17984
1	121	74	120.857	72.8333	1.17547
1	121	74	122.186	74.3499	1.23637
1	121	74	120.207	73.9704	0.793074
1	121	74	120.366	73.9875	0.633672
1	121	74	121.949	74.5942	1.11972
1	121	74	120.397	74.6106	0.858205
1	121	74	120.674	73.691	0.448928
1	121	74	120.619	74.7004	0.797509
1	121	74	121.485	74.231	0.537312
1	121	74	120.13	74.356	0.939937
1	121	74	122.65	73.7929	1.6625
1	121	74	121.447	74.0854	0.455374
1	121	74	118.593	73.2072	2.5346
1	121	74	120.421	74.0818	0.584679
1	121	74	121.773	75.7475	1.91074
1	121	74	120.276	73.7948	0.752665
1	121	74	121.773	73.7803	0.804057
1	121	74	121.093	74.7149	0.720923
1	121	74	121.055	75.8424	1.84322
1	121	74	121.677	74.4315	0.802513
1	121	74	121.016	75.2284	1.22852
1	121	74	122.094	74.0866	1.09705
1	121	74	121.956	75.3108	1.62213
1	121	74	119.672	74.4348	1.39768
1	121	74	120.725	74.6762	0.72987
1	121	74	121.722	74.5061	0.882112
1	121	74	121.956	73.5614	1.05202
1	121	74	121.672	73.7139	0.730436
1	121	74	120.696	73.3323	0.733666
1	121	74	120.948	74.2696	0.274581
1	121	74	119.991	75.5789	1.87367
1	121	74	121.921	75.7562	1.98311
1	121	74	120.86	74.5592	0.576577
1	121	74	122.48	74.2521	1.50137
1	121	74	120.749	73.9401	0.257876
1	121	74	120.949	74.7543	0.756016
1	121	74	120.887	73.9081	0.145516
1	121	74	120.838	75.2956	1.30571
1	121	74	121.68	73.6576	0.761494
1	121	74	120.828	75.0715	1.08528
1	121	74	120.766	73.7423	0.348299
1	121	74	120.739	75.3676	1.39219
1	121	74	120.16	74.5471	1.00258
1	121	74	119.905	75.2822	1.68645
1	121	74	120.503	73.5979	0.639408
1	121	74	120.412	74.2721	0.648015
1	121	74	120.149	74.4179	0.948132
1	121	74	120.584	73.3184	0.7986
1	121	74	121.568	74.1722	0.593769
1	121	74	120.869	74.8809	0.890525
1	121	74	120.369	74.4283	0.762567
1	121	74	120.597	74.5968	0.719972
1	121	74	119.968	74.5631	1.17608
1	121	74	120.983	74.4968	0.497084
1	121	74	122.074	74.7542	1.31268
1	121	74	121.692	74.2412	0.733243
1	121	74	121.182	75.2592	1.2723
1	121	74	121.842	74.3404	0.908034
1	121	74	120.582	75.8173	1.86478
1	121	74	119.682	75.2564	1.82061
1	121	74	120.726	75.053	1.08809
1	121	74	120.518	75.228	1.31933
1	121	74	121.149	73.9075	0.175535
1	121	74	120.06	74.023	0.939981
1	121	74	121.975	74.6332	1.16236
1	121	74	119.88	74.6123	1.27613
1	121	74	121.026	75.2851	1.28532
1	121	74	120.543	75.0263	1.12325
1	121	74	121.217	74.8999	0.925686
1	121	74	120.374	74.0032	0.625612
1	121	74	119.708	74.7008	1.46963
1	121	74	121.54	74.4511	0.703428
1	121	74	121.74	73.6503	0.818103
1	121	74	121.639	74.4726	0.7951
1	121	74	122.229	74.1618	1.23957
1	121	74	120.901	74.2575	0.275739
1	121	74	121.936	73.8274	0.951543
1	121	74	120.315	74.4514	0.820515
1	121	74	121.951	74.6228	1.13668
1	121	74	121.226	75.9876	2.00043
1	121	74	121.406	74.6717	0.784766
1	121	74	122.776	74.1868	1.78586
1	121	74	121.318	73.8393	0.356217
1	121	74	121.151	74.2495	0.29189
1	121	74	119.926	74.7267	1.2969
1	121	74	121.029	73.6428	0.358384
1	121	74	121.025	73.6734	0.327557
1	121	74	120.456	74.2505	0.599037
1	121	74	122.378	75.0928	1.75834
1	121	74	122.105	74.9763	1.47467
1	121	74	120.53	74.4681	0.663667
1	121	74	121.762	74.7794	1.08983
1	121	74	121.56	74.5225	0.76593
1	121	74	120.045	74.2995	1.00107
1	121	74	122.299	74.7172	1.48388
1	121	74	120.749	73.556	0.510174
1	121	74	120.107	75.2341	1.5234
1	121	74	119.818	75.1647	1.65919
1	121	74	121.76	76.2198	2.34639
1	121	74	121.662	75.5578	1.69255
1	121	74	122.786	75.4455	2.29791
1	121	74	121.902	74.2526	0.937015
1	121	74	121.131	75.4784	1.48423
1	121	74	121.227	73.9782	0.227641
1	121	74	119.881	74.5265	1.23635
1	121	74	122.072	74.0557	1.07387
1	121	74	121.437	73.5292	0.642177
1	121	74	121.273	74.1821	0.327912
1	121	74	115.793	71.4064	5.81688
1	121	74	120.705	73.2063	0.846728
1	121	74	121.933	74.0957	0.937636
1	121	74	121.726	75.9289	2.06118
1	121	74	120.915	74.1919	0.2098
1	121	74	121.658	75.1307	1.30798
1	121	74	120.739	73.9477	0.265951
1	121	74	120.143	74.8433	1.20202
1	121	74	120.861	74.9848	0.994558
1	121	74	120.404	75.5071	1.62058
1	121	74	120.888	74.5391	0.550476
1	121	74	120.731	74.7018	0.751557
1	121	74	121.526	75.2788	1.38268
1	121	74	120.408	74.2348	0.636844
1	121	74	120.934	75.2256	1.22735
1	121	74	121.451	74.3426	0.566636
1	121	74	122.34	74.892	1.61015
1	121	74	121.553	73.4176	0.802817
1	121	74	120.667	73.456	0.637613
1	121	74	123.052	73.8648	2.05677
1	121	74	120.07	75.1577	1.48478
1	121	74	121.374	74.9383	1.01004
1	121	74	121.409	74.3368	0.530018
1	121	74	121.9	73.6145	0.978685
1	121	74	121.298	75.4442	1.47465
1	121	74	120.834	75.5294	1.53835
1	121	74	120.999	74.2794	0.279379
1	121	74	120.867	73.6433	0.380579
1	121	74	120.96	74.9462	0.947026
1	121	74	122.32	74.8209	1.55472
1	121	74	120.181	75.2766	1.51648
1	121	74	121.141	75.2548	1.26266
1	121	74	120.076	75.3481	1.63444
1	121	74	121.59	74.4278	0.729129
1	121	74	121.347	74.3681	0.505772
1	121	74	121.123	74.4778	0.493301
1	121	74	121.471	75.3322	1.41308
1	121	74	122.045	74.5725	1.19135
1	121	74	121.762	74.4049	0.863267
1	121	74	122.849	74.0884	1.8512
1	121	74	122.911	74.09	1.91303
1	121	74	121.775	74.4828	0.912923
1	121	74	121.015	75.1764	1.1765
1	121	74	122.226	74.1355	1.23365
1	121	74	121.973	73.5935	1.05493
1	121	74	121.542	73.4976	0.738756
1	121	74	122.488	74.6574	1.62719
1	121	74	121.313	73.7816	0.381318
1	121	74	121.671	74.4253	0.79435
1	121	74	120.508	74.3698	0.615711
1	121	74	101.062	82.6294	21.7251
1	121	74	120.006	74.4023	1.0726
1	121	74	121.586	75.0653	1.21597
1	121	74	122.24	74.4213	1.31007
1	121	74	121.34	75.3556	1.39753
1	121	74	120.548	75.4276	1.49756
1	121	74	121.925	74.8233	1.23829
1	121	74	120.994	74.8327	0.832674
1	121	74	122.202	73.7944	1.21981
1	121	74	121.402	74.3991	0.566354
1	121	74	121.746	75.633	1.7953
1	121	74	122.046	75.1075	1.52328
1	121	74	123.032	73.7963	2.04227
1	121	74	121.622	74.5219	0.811765
1	121	74	122.004	73.8973	1.00937
1	121	74	120.983	75.5487	1.54884
1	121	74	119.834	74.8779	1.45952
1	121	74	120.983	74.2576	0.2582
1	121	74	122.489	74.0856	1.49165
1	121	74	121.053	74.2747	0.279768
1	121	74	120.473	73.6549	0.630136
1	121	74	121.872	73.7758	0.90022
1	121	74	120.942	74.7955	0.797592
1	121	74	120.891	74.302	0.320914
1	121	74	101.974	97.4386	30.1884
1	121	74	121.785	75.9894	2.13882
1	121	74	121.408	75.6903	1.73887
1	121	74	120.628	75.5341	1.57859
1	121	74	120.494	73.9489	0.508423
1	121	74	119.683	74.3563	1.36396
1	121	74	120.69	72.7385	1.29893
1	121	74	119.673	74.8323	1.56667
1	121	74	122.809	74.2103	1.82158
1	121	74	121.656	74.3082	0.724716
1	121	74	122.466	74.6274	1.59422
1	121	74	120.723	75.5429	1.56769
1	121	74	120.088	74.5848	1.08316
1	121	74	121.044	75.7024	1.70298
1	121	74	121.222	75.4419	1.4589
1	121	74	120.939	72.9905	1.01132
1	121	74	121.263	74.7766	0.819848
1	121	74	120.802	75.3331	1.34777
1	121	74	120.668	74.6868	0.762776
1	121	74	120.011	75.0728	1.45887
1	121	74	121.901	73.531	1.01571
1	121	74	121.934	75.3413	1.6346
1	121	74	121.188	73.7247	0.333154
1	121	74	120.764	75.2064	1.22929
1	121	74	121.799	73.7502	0.837362
1	121	74	120.886	73.6842	0.335829
1	121	74	120.436	73.8311	0.588763
1	121	74	121.365	73.9419	0.369354
1	121	74	119.88	74.7318	1.33812
1	121	74	122.906	74.0677	1.90731
1	121	74	120.87	74.6444	0.65741
1	121	74	121.802	74.1567	0.81744
1	121	74	120.639	74.523	0.635252
1	121	74	120.759	74.5079	0.56222
1	121	74	121.466	75.6047	1.67103
1	121	74	120.593	74.8915	0.97983
1	121	74	121.209	74.8673	0.892065
1	121	74	121.139	74.1455	0.201421
1	121	74	121.592	75.0716	1.22407
1	121	74	120.615	74.0842	0.394073
1	121	74	121.589	73.9225	0.594243
1	121	74	125.108	76.1183	4.62191
1	121	74	122.438	74.9451	1.72048
1	121	74	119.519	75.3772	2.0221
1	121	74	121.524	75.6626	1.74325
1	121	74	121.783	76.1079	2.2486
1	121	74	122.089	74.5619	1.22583
1	121	74	121.45	73.5812	0.614509
1	121	74	121.466	73.9542	0.468609
1	121	74	119.599	74.5832	1.51735
1	121	74	118.75	74.6263	2.33508
1	121	74	120.319	75.1218	1.31239
1	121	74	119.268	74.6191	1.83937
1	121	74	120.411	73.8794	0.601478
1	121	74	121.199	75.2218	1.23783
1	121	74	114.625	71.5926	6.81484
1	121	74	121.583	73.3762	0.854032
1	121	74	121.654	74.2496	0.700017
1	121	74	122.257	74.7186	1.44825
1	121	74	120.581	74.3056	0.518615
1	121	74	120.17	74.1858	0.850232
1	121	74	122.685	74.369	1.72468
1	121	74	120.865	75.1154	1.12356
1	121	74	120.761	74.5218	0.573928
1	121	74	122.1	74.7984	1.35906
1	121	74	121.396	74.415	0.57385
1	121	74	121.671	73.8893	0.679891
1	121	74	121.567	73.4856	0.765489
1	121	74	120.82	74.3458	0.389951
1	121	74	120.969	74.7124	0.713053
1	121	74	120.234	73.9501	0.767377
1	121	74	119.941	74.7422	1.29332
1	121	74	122.425	73.7217	1.45168
1	121	74	122.366	74.5266	1.46393
1	121	74	121.541	76.3149	2.37732
1	121	74	120.368	75.473	1.60282
1	121	74	121.272	73.8747	0.299062
1	121	74	121.16	74.3859	0.417859
1	121	74	120.638	75.426	1.47127
1	121	74	121.499	74.3959	0.636957
1	121	74	119.402	75.0402	1.9064
1	121	74	121.883	74.7961	1.18904
1	121	74	120.453	74.0458	0.548518
1	121	74	120.244	74.9898	1.24521
1	121	74	121.728	73.9783	0.728672
1	121	74	121.825	74.8404	1.17787
1	121	74	121.61	76.1278	2.21361
1	121	74	120.224	74.6905	1.03898
1	121	74	120.957	74.505	0.506777
1	121	74	120.628	73.8684	0.394617
1	121	74	120.745	73.5301	0.534862
1	121	74	121.728	76.0571	2.18227
1	121	74	122.913	75.327	2.32852
1	121	74	121.562	75.0576	1.19779
1	121	74	120.796	73.8338	0.262798
1	121	74	121.163	74.0227	0.164386
1	121	74	122.689	74.5217	1.76749
1	121	74	121.606	73.7541	0.653757
1	121	74	120.248	75.5784	1.74836
1	121	74	122.343	74.3811	1.39579
1	121	74	120.632	74.6759	0.769527
1	121	74	121.627	74.7559	0.982297
1	121	74	121.413	74.0832	0.421253
1	121	74	120.384	74.0442	0.617604
1	121	74	121.617	74.6503	0.896165
1	121	74	121.333	74.12	0.354342
1	121	74	120.816	75.7166	1.72639
1	121	74	119.84	74.7012	1.35584
1	121	74	120.331	74.8307	1.06663
1	121	74	120.644	74.4477	0.57175
1	121	74	120.331	74.3678	0.763749
1	121	74	120.654	75.2838	1.32959
1	121	74	121.58	74.9575	1.11963
1	121	74	120.624	73.1645	0.916383
1	121	74	120.212	75.5492	1.73813
1	121	74	121.203	74.9052	0.927612
1	121	74	122.861	74.1808	1.86978
1	121	74	120.015	75.2763	1.61249
1	121	74	122.616	74.1577	1.6235
1	121	74	119.937	73.8615	1.07243
1	121	74	121.189	74.9028	0.922336
1	121	74	121.389	75.0116	1.084
1	121	74	120.316	75.2161	1.39537
1	121	74	120.989	73.9755	0.0266802
1	121	74	121.589	76.2724	2.34741
1	121	74	121.852	75.63	1.83942
1	121	74	122.475	74.3808	1.52322
1	121	74	121.645	75.546	1.67504
1	121	74	122.442	74.1901	1.45486
1	121	74	120.193	74.6486	1.03528
1	121	74	121.017	74.3967	0.397017
1	121	74	120.308	75.4534	1.60973
1	121	74	121.149	73.9161	0.170734
1	121	74	121.488	75.0358	1.14518
1	121	74	120.151	73.5417	0.964972
1	121	74	122.05	75.498	1.82934
1	121	74	121.146	75.6258	1.63233
1	121	74	121.157	74.6747	0.692641
1	121	74	121.72	74.2712	0.769598
1	121	74	121.148	74.5655	0.584436
1	121	74	121.739	74.7915	1.0825
1	121	74	120.975	75.5356	1.53577
1	121	74	121.138	73.5769	0.444941
1	121	74	120.749	75.1015	1.12965
1	121	74	120.735	74.2325	0.352586
1	121	74	120.58	73.9372	0.424996
1	121	74	121.822	74.0768	0.825213
1	121	74	120.223	74.7694	1.09334
1	121	74	121.069	73.1194	0.883306
1	121	74	122.208	75.0986	1.63303
1	121	74	119.777	74.8071	1.46526
1	121	74	120.423	74.2976	0.649551
1	121	74	119.809	74.4115	1.2601
1	121	74	121.826	75.6444	1.84019
1	121	74	121.887	73.9996	0.887338
1	121	74	120.934	73.2725	0.730535
1	121	74	121.173	73.7601	0.296031
1	121	74	120.345	75.7979	1.91345
1	121	74	104.817	91.424	23.78
1	121	74	122.177	74.4838	1.2724
1	121	74	119.168	74.9833	2.07915
1	121	74	121.3	74.0872	0.312793
1	121	74	120.173	75.3909	1.61808
1	121	74	121.67	75.3908	1.54375
1	121	74	121.457	74.455	0.644551
1	121	74	119.925	74.7184	1.29287
1	121	74	121.346	73.6198	0.513754
1	121	74	120.971	74.6789	0.679489
1	121	74	120.229	74.8687	1.16114
1	121	74	121.981	74.2942	1.02428
1	121	74	122.536	74.6192	1.65652
1	121	74	122.667	74.1152	1.67107
1	121	74	120.899	73.998	0.101492
1	121	74	121.607	75.0047	1.17361
1	121	74	119.94	75.0912	1.52143
1	121	74	120.756	74.2149	0.325428
1	121	74	121.223	73.1362	0.891983
1	121	74	121.22	76.3952	2.40528
1	121	74	121.241	74.1035	0.262509
1	121	74	120.836	74.5081	0.534019
1	121	74	120.797	74.4845	0.525473
1	121	74	122.323	74.6489	1.47348
1	121	74	119.802	74.8438	1.46518
1	121	74	120.495	74.6618	0.83265
1	121	74	121.59	74.8532	1.03726
1	121	74	120.15	73.7211	0.894288
1	121	74	122.086	74.5371	1.21116
1	121	74	121.543	74.2584	0.600934
1	121	74	121.361	75.5339	1.57591
1	121	74	121.827	73.6801	0.886924
1	121	74	121.812	74.3092	0.868429
1	121	74	121.999	73.5873	1.08081
1	121	74	122.601	74.6557	1.73004
1	121	74	120.903	74.6898	0.696562
1	121	74	121.169	74.1475	0.224244
1	121	74	121.626	74.8064	1.0211
1	121	74	121.905	73.7822	0.930374
1	121	74	120.407	73.8163	0.621033
1	121	74	121.516	74.8292	0.976554
1	121	74	121.498	75.1549	1.25772
1	121	74	120.673	74.0514	0.331218
1	121	74	120.783	74.9887	1.01224
1	121	74	121.355	76.5358	2.56057
1	121	74	121.19	75.0909	1.10732
1	121	74	121.125	73.8154	0.223048
1	121	74	121.987	75.8691	2.11381
1	121	74	121.039	74.0659	0.0765201
1	121	74	121.709	74.9342	1.17306
1	121	74	121.089	73.7181	0.295746
1	121	74	120.29	74.8371	1.09766
1	121	74	121.534	74.5855	0.792737
1	121	74	120.946	74.3042	0.30887
1	121	74	120.627	74.0216	0.373446
1	121	74	120.047	75.3381	1.6429
1	121	74	120.749	74.146	0.290237
1	121	74	121.497	76.651	2.69721
1	121	74	121.751	75.2853	1.48868
1	121	74	121.558	75.2248	1.34596
1	121	74	122.173	74.5209	1.28305
1	121	74	121.687	74.5137	0.857884
1	121	74	121.705	74.1359	0.717988
1	121	74	120.219	75.2648	1.48653
1	121	74	119.931	74.7689	1.31697
1	121	74	121.994	75.0538	1.44894
1	121	74	121.663	74.7987	1.03811
1	121	74	121.644	75.4114	1.55153
1	121	74	120.781	73.1272	0.899967
1	121	74	121.726	74.8653	1.12966
1	121	74	121.821	75.6178	1.81443
1	121	74	122.353	75.1203	1.75625
1	121	74	121.239	74.4014	0.467263
1	121	74	119.823	75.4275	1.85042
1	121	74	120.957	75.1057	1.10651
1	121	74	119.779	74.9157	1.52661
1	121	74	122.106	74.1795	1.12049
1	121	74	121.188	75.6533	1.66393
1	121	74	121.659	74.6196	0.904188
1	121	74	122.21	74.9388	1.53124
1	121	74	120.338	74.9294	1.14097
1	121	74	119.857	75.4831	1.87257
1	121	74	121.913	74.7775	1.19935
1	121	74	121.417	76.1687	2.20841
1	121	74	121.903	73.9647	0.903931
1	121	74	120.403	74.5189	0.791003
1	121	74	120.187	73.5357	0.936512
1	121	74	122.09	74.4489	1.17878
1	121	74	119.641	74.3451	1.40171
1	121	74	119.566	75.0783	1.79385
1	121	74	121.248	74.227	0.336316
1	121	74	120.528	74.9406	1.05247
1	121	74	121.063	73.9798	0.0665721
1	121	74	122.001	74.4437	1.09519
1	121	74	121.31	75.286	1.32289
1	121	74	120.751	74.4085	0.478647
1	121	74	120.539	74.188	0.497577
1	121	74	121.767	75.3946	1.59182
1	121	74	121.992	74.9845	1.39746
1	121	74	121.497	73.9132	0.504715
1	121	74	120.914	74.8455	0.849881
1	121	74	122.417	73.9109	1.41943
1	121	74	119.511	75.2344	1.93378
1	121	74	122.612	74.4444	1.67199
1	121	74	120.527	74.3379	0.581325
1	121	74	120.018	73.9407	0.983704
1	121	74	122.631	74.167	1.6396
1	121	74	121.394	74.8668	0.952318
1	121	74	121.663	74.0742	0.667641
1	121	74	122.308	74.7697	1.51791
1	121	74	121.775	73.5575	0.892146
1	121	74	121.92	74.8525	1.25399
1	121	74	121.191	73.7572	0.308714
1	121	74	120.585	74.0153	0.414902
1	121	74	122.321	74.9139	1.60636
1	121	74	122.19	75.1469	1.65274
1	121	74	121.472	74.214	0.518176
1	121	74	119.872	75.314	1.73174
1	121	74	121.618	73.622	0.724702
1	121	74	120.528	75.4789	1.55231
1	121	74	120.483	74.9666	1.09628
1	121	74	119.758	74.9058	1.53685
1	121	74	120.266	74.3982	0.834849
1	121	74	121.367	75.0063	1.07101
1	121	74	121.945	74.9995	1.37578
1	121	74	122.221	74.6725	1.39403
1	121	74	121.739	75.8194	1.9637
1	121	74	121.274	73.4505	0.613903
1	121	74	121.436	74.5489	0.700909
1	121	74	120.908	74.8822	0.886975
1	121	74	119.968	74.7455	1.27272
1	121	74	121.344	74.385	0.516344
1	121	74	119.953	74.1379	1.05596
1	121	74	122.25	74.8964	1.53787
1	121	74	121.72	74.6145	0.946229
1	121	74	119.438	75.0893	1.9043
1	121	74	120.516	74.6953	0.846997
1	121	74	119.558	75.2218	1.89005
1	121	74	121.391	74.3812	0.546207
1	121	74	122.013	74.2038	1.03377
1	121	74	120.178	74.5327	0.979253
1	121	74	121.544	74.6951	0.882447
1	121	74	109.011	97.3388	26.2381
1	121	74	120.396	74.5382	0.809283
1	121	74	121.173	74.6666	0.688601
1	121	74	120.633	73.7868	0.424577
1	121	74	121.456	74.0605	0.45961
1	121	74	121.894	73.606	0.977142
1	121	74	120.08	74.1512	0.932679
1	121	74	121.857	73.8126	0.877586
1	121	74	121.002	74.9056	0.905589
1	121	74	120.16	74.415	0.937367
1	121	74	121.344	74.6814	0.763202
1	121	74	122.141	73.9864	1.14118
1	121	74	120.867	75.1094	1.11728
1	121	74	121.796	73.7723	0.828126
1	121	74	100.431	82.7904	22.3682
1	121	74	122.309	73.9241	1.31073
1	121	74	122.113	74.8755	1.41584
1	121	74	120.429	74.4012	0.697916
1	121	74	120.737	75.3591	1.38429
1	121	74	121.93	74.7831	1.21607
1	121	74	120.015	74.1488	0.996277
1	121	74	121.403	74.6872	0.796842
1	121	74	120.721	73.5234	0.552396
1	121	74	120.947	73.3178	0.684287
1	121	74	121.496	75.0605	1.17091
1	121	74	121.802	75.2884	1.51759
1	121	74	121.745	74.341	0.819018
1	121	74	120.326	74.5615	0.877035
1	121	74	120.962	75.249	1.24956
1	121	74	120.923	74.4527	0.459159
1	121	74	122.184	74.5667	1.31283
1	121	74	121.918	75.2604	1.55931
1	121	74	119.284	74.6256	1.8263
1	121	74	121.384	73.3244	0.77693
1	121	74	122.587	74.1553	1.595
1	121	74	120.201	75.431	1.63879
1	121	74	120.231	73.8127	0.791179
1	121	74	120.168	74.6872	1.07937
1	121	74	119.883	75.07	1.54653
1	121	74	119.912	74.5983	1.24191
1	121	74	121.432	74.9014	0.999553
1	121	74	121.104	73.4301	0.579315
1	121	74	120.66	74.1441	0.368838
1	121	74	121.148	73.196	0.817385
1	121	74	121.071	75.0162	1.01867
1	121	74	122.114	74.0221	1.11416
1	121	74	121.029	75.7011	1.70134
1	121	74	118.019	73.4695	3.0281
1	121	74	121.635	74.3718	0.736218
1	121	74	121.456	75.3587	1.43324
1	121	74	121.714	75.9542	2.08063
1	121	74	120.626	74.7815	0.866191
1	121	74	120.495	73.4948	0.714215
1	121	74	120.23	74.4267	0.880072
1	121	74	121.422	74.0534	0.425583
1	121	74	121.333	75.8955	1.92454
1	121	74	120.665	75.5812	1.61627
1	121	74	120.31	74.056	0.692119
1	121	74	120.179	74.4312	0.92708
1	121	74	121.761	73.5214	0.898997
1	121	74	121.728	74.9072	1.1631
1	121	74	120.857	73.5222	0.498564
1	121	74	121.315	73.3789	0.696464
1	121	74	120.341	74.9017	1.11682
1	121	74	120.61	74.9271	1.00578
1	121	74	121.887	75.8786	2.07769
1	121	74	121.02	73.7202	0.280547
1	121	74	121.321	74.4569	0.55866
1	121	74	121.416	75.0076	1.09022
1	121	74	120.573	75.0229	1.10858
1	121	74	120.989	74.9104	0.910421
1	121	74	120.889	75.4177	1.42212
1	121	74	120.866	74.6046	0.61924
1	121	74	121.214	75.0834	1.10438
1	121	74	120.057	75.047	1.40926
1	121	74	121.013	74.3245	0.324737
1	121	74	122.159	73.9417	1.16043
1	121	74	121.109	74.0342	0.114066
1	121	74	120.73	74.7655	0.811836
1	121	74	121.42	74.4441	0.611035
1	121	74	121.149	74.2959	0.331219
1	121	74	121.134	73.77	0.265961
1	121	74	121.71	73.9475	0.711966
1	121	74	120.551	74.6774	0.812642
1	121	74	122.493	75.0667	1.83519
1	121	74	120.828	75.6171	1.62614
1	121	74	120.043	74.0375	0.957356
1	121	74	120.14	75.4924	1.72258
1	121	74	120.341	74.4149	0.778468
1	121	74	105.288	91.9552	23.859
1	121	74	121.964	75.2494	1.57782
1	121	74	121.35	75.0159	1.07439
1	121	74	121.843	73.402	1.0339
1	121	74	122.008	74.3452	1.06512
1	121	74	120.963	75.3521	1.35258
1	121	74	121.825	73.7458	0.863127
1	121	74	121.197	75.0136	1.0326
1	121	74	121.813	74.5963	1.00812
1	121	74	122.157	73.6233	1.21684
1	121	74	121.402	73.3748	0.743505
1	121	74	122.276	75.2441	1.78229
1	121	74	121.439	74.4697	0.643232
1	121	74	121.426	75.5693	1.62615
1	121	74	120.711	74.0648	0.296261
1	121	74	121.069	75.072	1.07421
1	121	74	119.908	74.1192	1.09876
1	121	74	121.982	75.2814	1.6145
1	121	74	121.296	76.3491	2.36772
1	121	74	121.562	75.2017	1.32654
1	121	74	121.248	75.502	1.52227
1	121	74	121.443	74.2294	0.499125
1	121	74	119.978	75.0246	1.44734
1	121	74	120.022	74.4541	1.07833
1	121	74	121.382	75.5679	1.61389
1	121	74	119.999	75.2357	1.59036
1	121	74	120.92	74.5719	0.577486
1	121	74	120.952	73.8916	0.118386
1	121	74	122.397	74.7983	1.60925
1	121	74	121.935	74.4891	1.05499
1	121	74	122.196	75.2508	1.73049
1	121	74	121.107	75.5091	1.51288
1	121	74	110.434	94.1369	22.7406
1	121	74	119.95	75.2968	1.66862
1	121	74	121.568	74.3579	0.67121
1	121	74	121.527	74.6916	0.869271
1	121	74	119.726	75.3015	1.82145
1	121	74	121.426	75.3688	1.43356
1	121	74	121.424	75.002	1.08796
1	121	74	121.205	74.0262	0.206878
1	121	74	121.016	75.5154	1.51547
1	121	74	120.015	75.1384	1.50559
1	121	74	121.317	75.4352	1.46973
1	121	74	121.405	75.8701	1.91356
1	121	74	121.511	74.2773	0.581649
1	121	74	120.691	74.6851	0.751681
1	121	74	121.86	73.9185	0.863954
1	121	74	120.09	74.5741	1.07602
1	121	74	119.902	74.0894	1.10185
1	121	74	121.89	75.0207	1.35392
1	121	74	122.742	74.3766	1.78268
1	121	74	120.019	75.2891	1.62
1	121	74	120.82	75.3786	1.39039
1	121	74	122.605	73.6293	1.64693
1	121	74	120.543	74.0299	0.458135
1	121	74	120.931	73.9046	0.117607
1	121	74	123.153	75.4553	2.59904
1	121	74	121.47	74.3358	0.577749
1	121	74	120.414	74.0274	0.586802
1	121	74	121.694	73.3077	0.980432
1	121	74	121.891	74.6134	1.08204
1	121	74	122.223	75.3987	1.85777
1	121	74	121.918	75.8878	2.09904
1	121	74	121.742	73.5335	0.87612
1	121	74	120.178	75.4431	1.66077
1	121	74	120.635	73.316	0.775522
1	121	74	121.237	75.2976	1.31898
1	121	74	121.125	74.8184	0.827797
1	121	74	121.001	73.0322	0.967849
1	121	74	120.098	75.0473	1.3825
1	121	74	121.049	75.6399	1.64063
1	121	74	119.679	75.2532	1.82097
1	121	74	121.22	75.5682	1.58358
1	121	74	120.177	74.6823	1.06935
1	121	74	120.711	74.0655	0.295928
1	121	74	119.589	74.6118	1.53766
1	121	74	122.426	74.899	1.68556
1	121	74	119.29	74.5394	1.79352
1	121	74	121.867	74.6743	1.09844
1	121	74	121.443	75.4228	1.49013
1	121	74	121.292	75.1444	1.18103
1	121	74	122.598	74.0661	1.59961
1	121	74	120.968	75.7545	1.75478
1	121	74	120.67	74.6655	0.742685
1	121	74	121.845	74.8286	1.18347
1	121	74	121.604	74.4079	0.728481
1	121	74	124.771	77.7551	5.32177
1	121	74	121.879	75.711	1.92358
1	121	74	119.591	74.133	1.41517
1	121	74	121.044	74.7097	0.711032
1	121	74	121.617	75.0713	1.23634
1	121	74	121.464	73.6882	0.559471
1	121	74	121.264	74.8041	0.846405
1	121	74	121.259	75.6154	1.63604
1	121	74	122.381	75.0677	1.74591
1	121	74	120.809	73.1779	0.843905
1	121	74	120.99	75.1449	1.145
1	121	74	121.408	75.4415	1.49816
1	121	74	119.912	74.7275	1.30851
1	121	74	122.289	74.6685	1.45239
1	121	74	120.836	74.3577	0.393461
1	121	74	122.157	74.7413	1.37401
1	121	74	119.862	74.5639	1.27034
1	121	74	120.419	74.2471	0.631314
1	121	74	122.758	74.6379	1.87029
1	121	74	120.174	75.4173	1.64027
1	121	74	121.447	75.242	1.32004
1	121	74	119.65	74.7717	1.5547
1	121	74	120.77	74.5367	0.583917
1	121	74	122.191	74.9442	1.51963
1	121	74	120.347	74.1347	0.666506
1	121	74	122.081	74.8158	1.35432
1	121	74	122.023	73.8579	1.03284
1	121	74	120.259	75.0845	1.31353
1	121	74	120.355	74.3633	0.740425
1	121	74	120.473	73.7077	0.602631
1	121	74	121.618	74.8347	1.03838
1	121	74	119.895	75.035	1.51379
1	121	74	122.232	73.5489	1.31204
1	121	74	121.831	73.385	1.03374
1	121	74	121.701	74.618	0.934299
1	121	74	121.443	76.0131	2.06114
1	121	74	121.957	74.5806	1.119
1	121	74	120.797	73.5607	0.483868
1	121	74	121.871	75.9548	2.14006
1	121	74	120.451	75.4591	1.55907
1	121	74	120.749	73.5149	0.546308
1	121	74	120.925	75.639	1.64072
1	121	74	120.421	74.4028	0.705064
1	121	74	121.756	74.5221	0.918625
1	121	74	121.034	74.5759	0.576883
1	121	74	122.193	74.076	1.19555
1	121	74	120.902	75.9743	1.97674
1	121	74	120.715	74.9076	0.951416
1	121	74	121.243	75.7476	1.76442
1	121	74	120.757	73.4667	0.585871
1	121	74	121.181	75.4548	1.46601
1	121	74	121.028	75.7012	1.70145
1	121	74	100.445	97.4382	31.1746
1	121	74	121.83	75.2009	1.45982
1	121	74	120.16	75.4601	1.68441
1	121	74	121.223	74.9295	0.955824
1	121	74	120.265	73.6647	0.808272
1	121	74	111.812	69.7453	10.1251
1	121	74	120.999	74.6589	0.658881
1	121	74	121.223	75.3763	1.39427
1	121	74	121.505	75.3255	1.41825
1	121	74	121.236	73.5078	0.545736
1	121	74	121.421	74.661	0.78341
1	121	74	121.505	74.6428	0.817701
1	121	74	121.407	74.4576	0.612127
1	121	74	121.181	75.1606	1.17469
1	121	74	121.146	74.6606	0.676624
1	121	74	121.753	73.5767	0.864067
1	121	74	120.091	73.9394	0.910982
1	121	74	121.599	74.3185	0.678668
1	121	74	121.48	75.7112	1.77723
1	121	74	121.547	73.4162	0.799783
1	121	74	120.318	74.7531	1.01568
1	121	74	121.005	74.7671	0.767128
1	121	74	120.858	75.0454	1.05505
1	121	74	122.79	74.2672	1.8095
1	121	74	121.19	75.283	1.29698
1	121	74	120.222	74.2027	0.803512
1	121	74	121.162	74.9532	0.96687
1	121	74	121.97	75.1336	1.49181
1	121	74	120.127	74.7898	1.177
1	121	74	121.474	74.7514	0.888605
1	121	74	121.657	75.5991	1.72873
1	121	74	121.038	75.0189	1.0196
1	121	74	121.127	76.1189	2.12267
1	121	74	119.623	74.9496	1.6728
1	121	74	120.433	73.4199	0.810962
1	121	74	119.95	74.1685	1.06367
1	121	74	119.567	74.823	1.65207
1	121	74	122.571	73.8445	1.57846
1	121	74	120.51	75.7033	1.77237
1	121	74	120.782	73.5937	0.460978
1	121	74	121.682	74.144	0.697418
1	121	74	120.611	74.2425	0.458335
1	121	74	122.299	77.1221	3.3815
1	121	74	119.972	74.4637	1.12734
1	121	74	118.263	74.4479	2.77376
1	121	74	121.034	74.1348	0.139112
1	121	74	120.497	75.1416	1.24729
1	121	74	121.258	73.9816	0.258385
1	121	74	122.256	74.2119	1.2738
1	121	74	121.287	74.3988	0.491325
1	121	74	120.492	73.3313	0.839919
1	121	74	121.992	75.0203	1.42331
1	121	74	122.139	74.8494	1.42052
1	121	74	121.725	73.8525	0.740218
1	121	74	122.32	73.7098	1.35195
1	121	74	120.749	73.5816	0.487796
1	121	74	122.81	74.384	1.85014
1	121	74	121.418	73.8699	0.437845
1	121	74	122.336	73.8231	1.34803
1	121	74	120.154	74.6617	1.07379
1	121	74	122.264	74.7025	1.44614
1	121	74	120.583	74.4675	0.626741
1	121	74	121.178	75.5318	1.5421
1	121	74	119.782	74.6742	1.39221
1	121	74	121.212	75.9798	1.99105
1	121	74	120.825	75.5344	1.54429
1	121	74	121.498	76.0743	2.13334
1	121	74	121.173	75.5685	1.57798
1	121	74	120.405	75.5173	1.62996
1	121	74	121.156	74.6323	0.65135
1	121	74	122.215	74.3164	1.25513
1	121	74	120.22	74.4428	0.897177
1	121	74	120.674	74.1552	0.360728
1	121	74	120.841	74.0051	0.159241
1	121	74	119.484	75.2805	1.98422
1	121	74	119.568	75.2797	1.92077
1	121	74	122.042	73.8769	1.04958
1	121	74	121.381	74.8998	0.977004
1	121	74	120.041	74.0156	0.959125
1	121	74	120.52	75.1915	1.28461
1	121	74	120.985	73.9463	0.055834
1	121	74	120.636	73.6122	0.53191
1	121	74	121.322	75.6848	1.71524
1	121	74	119.804	75.1023	1.62613
1	121	74	119.981	75.5597	1.86322
1	121	74	120.11	75.2854	1.56334
1	121	74	121.967	75.1697	1.5176
1	121	74	120.247	75.4998	1.67803
1	121	74	121.055	75.0327	1.03413
1	121	74	121.786	74.5686	0.97027
1	121	74	122.166	74.2846	1.20053
1	121	74	121.354	73.9878	0.353954
1	121	74	121.612	75.4242	1.55015
1	121	74	120.453	74.2012	0.582628
1	121	74	122.096	74.4539	1.18583
1	121	74	101.204	83.4062	21.9173
1	121	74	121.689	73.2967	0.984824
1	121	74	122.083	75.4241	1.78926
1	121	74	122.333	75.4118	1.94196
1	121	74	119.838	75.3222	1.76055
1	121	74	121.478	75.7436	1.80787
1	121	74	121.765	75.6285	1.79913
1	121	74	119.671	74.4663	1.40816
1	121	74	121.837	74.0537	0.838813
1	121	74	120.123	74.8046	1.19041
1	121	74	121.18	74.7853	0.805724
1	121	74	122.009	74.4944	1.12403
1	121	74	120.713	73.4831	0.59101
1	121	74	122.107	74.9389	1.4512
1	121	74	120.4	75.2004	1.34205
1	121	74	120.551	74.0831	0.457074
1	121	74	121.796	73.6885	0.85455
1	121	74	122.259	74.3855	1.31699
1	121	74	122.388	74.5895	1.50774
1	121	74	120.735	74.3763	0.460464
1	121	74	121.045	75.7856	1.78612
1	121	74	119.782	74.9087	1.51942
1	121	74	122.44	75.1569	1.8472
1	121	74	119.507	75.218	1.92684
1	121	74	121.925	74.5026	1.05239
1	121	74	115.404	88.0616	15.1343
1	121	74	121.535	74.5235	0.748816
1	121	74	121.005	74.5826	0.58261
1	121	74	120.811	73.6773	0.373992
1	121	74	120.673	73.8209	0.372527
1	121	74	120.075	73.8572	0.935852
1	121	74	121.5	76.0532	2.11323
1	121	74	122.249	74.6928	1.42792
1	121	74	121.075	76.1069	2.10824
1	121	74	120.417	75.3867	1.50432
1	121	74	120.551	73.4028	0.747061
1	121	74	122.175	74.7657	1.40221
1	121	74	120.347	74.9932	1.18844
1	121	74	122.57	73.9677	1.57056
1	121	74	120.238	74.5147	0.919417
1	121	74	120.159	75.2414	1.4997
1	121	74	121.447	73.8077	0.486969
1	121	74	121.816	74.1789	0.835285
1	121	74	122.262	75.1598	1.71416
1	121	74	122.317	74.8255	1.55459
1	121	74	121.834	75.6598	1.85736
1	121	74	120.738	75.3758	1.40048
1	121	74	103.996	90.6442	23.7943
1	121	74	120.946	74.761	0.762921
1	121	74	120.59	74.2816	0.497739
1	121	74	121.26	74.6921	0.739176
1	121	74	117.483	83.1454	9.79844
1	121	74	121.52	75.0516	1.17311
1	121	74	120.706	74.817	0.868304
1	121	74	120.73	74.6753	0.727457
1	121	74	121.287	76.0922	2.11181
1	121	74	120.68	75.9608	1.98665
1	121	74	121.981	73.502	1.0999
1	121	74	120.766	75.2159	1.2383
1	121	74	122.205	73.7545	1.2297
1	121	74	120.964	74.6441	0.645086
1	121	74	121.005	74.2132	0.213263
1	121	74	121.73	74.0102	0.729696
1	121	74	121.019	73.1447	0.855469
1	121	74	121.965	74.351	1.02677
1	121	74	121.27	73.4999	0.568259
1	121	74	122.307	75.0296	1.66422
1	121	74	121.989	75.5739	1.85896
1	121	74	120.611	74.0634	0.393784
1	121	74	120.598	75.2053	1.27049
1	121	74	121.809	75.5392	1.73883
1	121	74	120.808	75.3355	1.34925
1	121	74	120.257	73.7274	0.791535
1	121	74	120.693	73.3819	0.69007
1	121	74	121.05	74.7903	0.791859
1	121	74	119.467	74.9948	1.82777
1	121	74	121.17	74.8213	0.838772
1	121	74	120.724	74.9424	0.98205
1	121	74	120.393	73.7883	0.642426
1	121	74	121.126	73.0831	0.925562
1	121	74	122.112	75.578	1.93029
1	121	74	121.698	74.5435	0.884871
1	121	74	121.108	75.7664	1.7697
1	121	74	121.775	75.8034	1.96302
1	121	74	120.809	73.565	0.475264
1	121	74	119.652	75.2951	1.86934
1	121	74	121.072	74.731	0.734603
1	121	74	119.862	74.655	1.3134
1	121	74	121.958	74.6364	1.14974
1	121	74	120.538	75.666	1.72895
1	121	74	120.201	74.1109	0.806867
1	121	74	121.063	75.5259	1.52722
1	121	74	120.888	75.3857	1.39023
1	121	74	120.155	75.1125	1.39711
1	121	74	120.834	73.1412	0.874721
1	121	74	122.778	73.8517	1.78455
1	121	74	120.215	74.8667	1.16909
1	121	74	120.179	74.4866	0.954287
1	121	74	121.254	74.0184	0.254464
1	121	74	122.01	75.4858	1.79682
1	121	74	121.661	73.9056	0.667904
1	121	74	120.712	74.6468	0.707974
1	121	74	121.155	74.7335	0.749628
1	121	74	120.275	74.7342	1.03169
1	121	74	122.119	73.6677	1.16695
1	121	74	121.111	75.9362	1.93935
1	121	74	120.958	73.5518	0.45014
1	121	74	122.44	74.8536	1.67404
1	121	74	116.211	72.5151	5.01389
1	121	74	100.044	79.9727	21.7906
1	121	74	121.753	73.9233	0.756937
1	121	74	120.951	74.3734	0.376651
1	121	74	120.01	74.2247	1.0153
1	121	74	120.712	74.008	0.288012
1	121	74	121.629	75.0301	1.20722
1	121	74	122.313	74.5496	1.42305
1	121	74	122.156	74.8995	1.46449
1	121	74	119.983	74.5797	1.17087
1	121	74	121.591	73.6872	0.66866
1	121	74	120.762	73.0261	1.00263
1	121	74	121.444	73.6687	0.55391
1	121	74	119.466	74.8627	1.75992
1	121	74	121.384	74.9332	1.00928
1	121	74	122.478	74.2475	1.49889
1	121	74	120.493	74.2246	0.554954
1	121	74	121.629	74.18	0.653929
1	121	74	120.71	74.722	0.778049
1	121	74	122.565	74.1462	1.57205
1	121	74	121.255	74.9165	0.951229
1	121	74	120.749	73.8282	0.30425
1	121	74	120.826	73.6676	0.374986
1	121	74	121.946	75.7174	1.96082
1	121	74	120.335	75.505	1.64538
1	121	74	121.436	74.9423	1.03807
1	121	74	120.153	73.9905	0.847059
1	121	74	121.605	74.6672	0.900909
1	121	74	121.791	73.7827	0.820581
1	121	74	120.742	73.3069	0.739383
1	121	74	121.721	73.7851	0.752472
1	121	74	122.519	74.1729	1.52917
1	121	74	120.593	75.7457	1.79246
1	121	74	122.272	74.5486	1.38561
1	121	74	120.763	76.0787	2.09218
1	121	74	120.714	74.3711	0.468752
1	121	74	120.699	74.5187	0.599865
1	121	74	121.078	74.4977	0.503806
1	121	74	120.842	75.3382	1.34748
1	121	74	119.76	75.1015	1.65841
1	121	74	120.476	74.6473	0.83308
1	121	74	121.095	75.6116	1.61434
1	121	74	121.307	74.3174	0.441505
1	121	74	121.005	73.0509	0.949074
1	121	74	121.614	74.4999	0.792077
1	121	74	121.271	73.5614	0.515495
1	121	74	121.988	74.1388	0.99768
1	121	74	122.502	74.3786	1.54936
1	121	74	122.476	73.9923	1.47579
1	121	74	121.719	74.0027	0.719281
1	121	74	122.014	74.1971	1.03251
1	121	74	120.884	75.1438	1.14968
1	121	74	121.217	74.1418	0.259209
1	121	74	121.503	75.0065	1.12513
1	121	74	122.47	74.5591	1.57234
1	121	74	121.089	75.4057	1.40849
1	121	74	121.673	74.4251	0.79597
1	121	74	121.822	75.3261	1.56032
1	121	74	121.839	75.314	1.55926
1	121	74	121.63	75.4204	1.55383
1	121	74	122.326	73.8234	1.33769
1	121	74	121.159	73.2665	0.750506
1	121	74	121.706	76.3977	2.4995
1	121	74	121.685	76.0169	2.13003
1	121	74	120.697	75.5371	1.56663
1	121	74	120.582	75.3615	1.42415
1	121	74	121.79	75.3263	1.54361
1	121	74	101.436	82.3864	21.286
1	121	74	120.781	73.7997	0.296619
1	121	74	122.288	74.3135	1.32586
