1	121	74	120.956	74.2241	0.228463
1	121	74	120.985	74.2671	0.267508
1	121	74	121.19	74.0727	0.203725
1	121	74	121.222	74.0879	0.238513
1	121	74	121.159	74.3017	0.341093
1	121	74	121.211	74.34	0.399891
1	121	74	121.148	74.276	0.313041
1	121	74	107.137	94.8324	25.0236
1	121	74	121.084	74.2427	0.256748
1	121	74	121.032	73.9189	0.0873144
1	121	74	121.09	74.222	0.239484
1	121	74	120.961	74.3511	0.353201
1	121	74	120.905	74.3993	0.410375
1	121	74	121.351	74.2345	0.421766
1	121	74	125.029	76.9151	4.97265
1	121	74	121.136	73.9723	0.139142
1	121	74	120.811	74.2371	0.303202
1	121	74	120.803	74.1378	0.240555
1	121	74	121.284	74.1224	0.308956
1	121	74	121.045	74.1828	0.188294
1	121	74	121.1	74.2765	0.294195
1	121	74	120.853	74.362	0.390771
1	121	74	121.304	74.3254	0.44557
1	121	74	121.01	74.2498	0.249976
1	121	74	120.759	74.2822	0.370818
1	121	74	120.894	74.2448	0.266725
1	121	74	120.785	74.1751	0.277654
1	121	74	121.325	74.1044	0.340929
1	121	74	121.068	73.9786	0.0711412
1	121	74	121.088	74.2985	0.311324
1	121	74	120.934	74.0802	0.10376
1	121	74	121.099	74.3926	0.404859
1	121	74	121.215	74.0408	0.219167
1	121	74	121.249	74.147	0.289443
1	121	74	121.997	74.5439	1.13533
1	121	74	123.658	76.3391	3.54056
1	121	74	121.144	74.4186	0.44254
1	121	74	121.178	74.229	0.290202
1	121	74	120.801	74.2224	0.298427
1	121	74	121.023	73.9822	0.0291549
1	121	74	121.127	74.269	0.297511
1	121	74	119.947	73.8381	1.06553
1	121	74	120.86	74.0421	0.146317
1	121	74	120.87	74.0891	0.157572
1	121	74	121.031	74.2497	0.251692
1	121	74	121.162	74.1973	0.255074
1	121	74	136.568	84.3527	18.6958
1	121	74	121.141	74.4457	0.46748
1	121	74	121.018	74.046	0.0494613
1	121	74	121.162	74.2512	0.298833
1	121	74	120.817	74.199	0.270126
1	121	74	121.041	73.9886	0.0426709
1	121	74	121.12	74.474	0.488851
1	121	74	121.04	74.1049	0.112297
1	121	74	121.114	74.2946	0.31579
1	121	74	136.548	84.3553	18.6807
1	121	74	121.027	74.2919	0.293149
1	121	74	120.75	74.1989	0.31911
1	121	74	121.103	74.227	0.249178
1	121	74	120.863	74.1151	0.178982
1	121	74	121.076	74.0235	0.0797761
1	121	74	121.141	74.034	0.144771
1	121	74	120.796	74.2774	0.344064
1	121	74	121.071	74.3039	0.312141
1	121	74	121.313	71.6575	2.36336
1	121	74	121.224	74.0352	0.227167
1	121	74	121.035	74.4785	0.479785
1	121	74	120.822	74.2338	0.294031
1	121	74	120.992	74.1233	0.123517
1	121	74	120.782	74.3272	0.393386
1	121	74	121.256	74.0545	0.261539
1	121	74	121.149	74.2144	0.261245
1	121	74	121.107	74.2129	0.238129
1	121	74	120.833	74.1858	0.249476
1	121	74	101.031	83.0987	21.9441
1	121	74	120.794	74.3023	0.365722
1	121	74	121.043	74.143	0.1493
1	121	74	121.111	74.1505	0.187016
1	121	74	120.827	74.0562	0.182126
1	121	74	121.245	74.349	0.426516
1	121	74	121.026	74.0791	0.0831772
1	121	74	120.912	74.1915	0.210874
1	121	74	121.004	74.2422	0.242217
1	121	74	121.029	74.1825	0.184755
1	121	74	120.982	74.1713	0.172227
1	121	74	120.97	74.383	0.384115
1	121	74	121.206	74.2744	0.343042
1	121	74	121.026	74.114	0.11694
1	121	74	120.915	74.1299	0.15545
1	121	74	120.806	74.2158	0.289892
1	121	74	121.226	74.2904	0.36802
1	121	74	121.123	73.9456	0.134228
1	121	74	121.106	74.3709	0.38569
1	121	74	121.088	74.1498	0.173894
1	121	74	121.08	74.2247	0.238606
1	121	74	121.033	74.0388	0.0509399
1	121	74	121.248	74.314	0.399859
1	121	74	121.109	74.1076	0.152992
1	121	74	120.787	74.314	0.379534
1	121	74	121.058	74.4813	0.484767
1	121	74	120.956	73.9618	0.0582284
1	121	74	121.107	74.3086	0.326549
1	121	74	121.186	74.0352	0.189472
1	121	74	120.817	74.2237	0.289043
1	121	74	120.817	74.2012	0.271895
1	121	74	118.905	73.1406	2.26476
1	121	74	121.118	74.3311	0.35167
1	121	74	120.987	74.1076	0.108403
1	121	74	121.044	74.1273	0.134813
1	121	74	126.746	63.9926	11.5395
1	121	74	121.078	74.0826	0.113467
1	121	74	121.081	74.1235	0.147523
1	121	74	121.406	74.1343	0.427931
1	121	74	121.103	74.0417	0.111437
1	121	74	119.288	73.2821	1.8562
1	121	74	120.905	74.359	0.371263
1	121	74	120.932	74.3193	0.326492
1	121	74	121.012	74.225	0.225277
1	121	74	121.134	74.2526	0.285792
1	121	74	120.929	74.1896	0.202399
1	121	74	121.103	74.3618	0.376207
1	121	74	120.828	74.1664	0.239035
1	121	74	121.029	73.9988	0.0292344
1	121	74	121.002	74.3767	0.376721
1	121	74	120.894	74.3899	0.404188
1	121	74	120.988	74.4208	0.420942
1	121	74	135.623	84.153	17.8023
1	121	74	120.805	74.04	0.198832
1	121	74	124.879	76.6524	4.69876
1	121	74	120.937	73.8982	0.119719
1	121	74	120.861	74.33	0.358022
1	121	74	121.195	74.2697	0.33281
1	121	74	121.136	74.1464	0.200012
1	121	74	121.057	74.1157	0.128799
1	121	74	120.944	74.0805	0.097968
1	121	74	121.054	74.3167	0.3213
1	121	74	121.288	74.1557	0.32784
1	121	74	121.108	74.117	0.158916
1	121	74	120.95	74.4086	0.411586
1	121	74	121.275	74.1095	0.295919
1	121	74	121.251	74.053	0.256185
1	121	74	121.231	74.1194	0.260341
1	121	74	121.034	74.2175	0.22024
1	121	74	120.819	74.1614	0.242165
1	121	74	121.186	74.2634	0.322274
1	121	74	121.131	74.0523	0.140663
1	121	74	120.882	74.4362	0.452019
1	121	74	120.944	74.3283	0.333013
1	121	74	121.183	74.1602	0.243423
1	121	74	120.901	74.326	0.340682
1	121	74	121.302	74.2093	0.367453
1	121	74	121.173	74.2785	0.328106
1	121	74	121.079	74.2296	0.242879
1	121	74	120.912	72.8101	1.1931
1	121	74	121.405	74.475	0.624547
1	121	74	120.824	74.3809	0.419715
1	121	74	120.889	74.087	0.141075
1	121	74	121.026	73.9409	0.0645671
1	121	74	121.005	74.4284	0.428413
1	121	74	121.035	74.2254	0.228041
1	121	74	121.084	74.0237	0.0872059
1	121	74	121.149	74.02	0.15061
1	121	74	121.237	74.1242	0.267165
1	121	74	121.166	74.2427	0.293903
1	121	74	122.634	76.1565	2.70558
1	121	74	121.323	74.0967	0.337507
1	121	74	118.831	79.1438	5.58224
1	121	74	121.064	74.0116	0.0649333
1	121	74	121.023	74.1769	0.178383
1	121	74	121.235	74.3085	0.387594
1	121	74	121.102	74.2241	0.246287
1	121	74	121.061	74.413	0.417549
1	121	74	120.991	74.0477	0.0485318
1	121	74	121.071	74.0544	0.0897297
1	121	74	121.057	74.2386	0.24522
1	121	74	120.897	74.0277	0.106363
1	121	74	120.916	74.121	0.147042
1	121	74	120.932	73.929	0.098411
1	121	74	104.961	90.4676	22.9877
1	121	74	121.034	74.1254	0.12981
1	121	74	121.26	74.2719	0.37604
1	121	74	120.965	74.2427	0.245295
1	121	74	120.916	74.0778	0.114279
1	121	74	120.907	74.2313	0.249417
1	121	74	121.165	74.2908	0.334231
1	121	74	120.996	74.4335	0.433493
1	121	74	120.802	74.2234	0.298616
1	121	74	121.029	73.9662	0.0445747
1	121	74	120.92	74.2014	0.216856
1	121	74	121.109	73.9983	0.108558
1	121	74	121.217	74.2407	0.323992
1	121	74	120.778	74.3277	0.395704
1	121	74	120.921	74.2357	0.248692
1	121	74	120.994	74.0073	0.00931213
1	121	74	121.058	74.0501	0.0766738
1	121	74	120.87	74.2693	0.299227
1	121	74	120.83	74.216	0.275152
1	121	74	120.996	74.2074	0.207418
1	121	74	120.917	74.1638	0.183816
1	121	74	121.176	74.3304	0.374304
1	121	74	121.192	74.2908	0.348695
1	121	74	120.98	73.919	0.0833302
1	121	74	121.044	74.3863	0.388869
1	121	74	120.865	74.3153	0.342812
1	121	74	121.028	74.0901	0.0942077
1	121	74	120.878	74.2768	0.302609
1	121	74	120.875	74.0474	0.133335
1	121	74	121.099	74.4205	0.432
1	121	74	120.695	74.289	0.420204
1	121	74	120.918	74.3494	0.358848
1	121	74	120.953	74.4226	0.425236
1	121	74	121.177	74.4102	0.446844
1	121	74	121.009	74.0846	0.085128
1	121	74	121.068	74.104	0.12406
1	121	74	120.786	74.2227	0.30909
1	121	74	136.216	84.164	18.2988
1	121	74	120.975	74.0032	0.025306
1	121	74	121.207	74.158	0.260111
1	121	74	121.275	74.2146	0.348461
1	121	74	121.251	74.2518	0.355208
1	121	74	120.797	74.2017	0.286152
1	121	74	121.102	73.9894	0.10299
1	121	74	120.871	74.1339	0.185866
1	121	74	121.275	74.1383	0.307676
1	121	74	120.869	74.2395	0.272849
1	121	74	120.989	74.2389	0.239163
1	121	74	135.76	84.2619	17.9765
1	121	74	120.832	74.3372	0.376693
1	121	74	120.937	74.0567	0.0850831
1	121	74	121.266	74.3038	0.403676
1	121	74	121.206	74.1323	0.245005
1	121	74	120.917	74.2193	0.234455
1	121	74	121.195	74.0452	0.199976
1	121	74	120.992	74.3496	0.34971
1	121	74	121	74.1704	0.17042
1	121	74	107.153	95.8778	25.8916
1	121	74	121.177	74.2576	0.312383
1	121	74	120.997	74.1598	0.159861
1	121	74	121.137	74.2095	0.250153
1	121	74	120.947	74.0922	0.106428
1	121	74	119.884	77.4523	3.62826
1	121	74	121.047	74.1513	0.158509
1	121	74	121.1	74.2597	0.278222
1	121	74	121.122	74.186	0.222441
1	121	74	123.508	76.5791	3.59745
1	121	74	121.266	74.1989	0.33199
1	121	74	120.888	74.0207	0.11399
1	121	74	120.911	74.1242	0.15301
1	121	74	121.142	73.9729	0.145033
1	121	74	121.178	74.1567	0.23745
1	121	74	121.07	74.0014	0.0701491
1	121	74	120.983	74.0038	0.0176272
1	121	74	120.986	74.2794	0.2797
1	121	74	120.998	74.1096	0.10966
1	121	74	121.263	74.2297	0.349278
1	121	74	121.164	73.9272	0.17964
1	121	74	121.061	74.0064	0.0617761
1	121	74	120.959	74.4277	0.429697
1	121	74	121.252	74.0536	0.257387
1	121	74	121.058	74.2428	0.249619
1	121	74	121.273	74.0684	0.281113
1	121	74	120.876	74.2737	0.300461
1	121	74	121.022	74.1241	0.126099
1	121	74	121.212	74.3473	0.407072
1	121	74	121.044	74.2384	0.242431
1	121	74	121.056	74.2488	0.25506
1	121	74	120.924	74.0167	0.0779097
1	121	74	120.876	74.242	0.272047
1	121	74	120.967	74.3112	0.312881
1	121	74	120.997	73.881	0.119081
1	121	74	121.062	74.3415	0.34709
1	121	74	121.064	74.1655	0.17763
1	121	74	121.075	74.1293	0.149495
1	121	74	121.024	74.466	0.466593
1	121	74	121.262	74.254	0.364736
1	121	74	120.995	74.2086	0.208671
1	121	74	121.086	74.2218	0.238075
1	121	74	121.03	74.1344	0.137681
1	121	74	136.24	84.4443	18.4755
1	121	74	121.135	74.0489	0.143293
1	121	74	121.09	74.5165	0.524394
1	121	74	121.085	74.168	0.188326
1	121	74	121.511	76.0449	2.1078
1	121	74	121.126	74.0325	0.129735
1	121	74	121.212	74.0487	0.217254
1	121	74	120.981	74.1554	0.156542
1	121	74	121.009	74.3951	0.395164
1	121	74	120.947	74.0484	0.0714346
1	121	74	121.106	74.172	0.201905
1	121	74	121.185	74.4329	0.470888
1	121	74	120.964	74.3721	0.373908
1	121	74	121.141	74.1545	0.209306
1	121	74	120.911	73.9557	0.0997265
1	121	74	121.194	74.3029	0.35955
1	121	74	135.454	83.1541	17.1092
1	121	74	120.949	74.4423	0.44523
1	121	74	121.314	74.1074	0.332177
1	121	74	121.286	74.041	0.288786
1	121	74	121.228	74.2663	0.350602
1	121	74	121.354	74.1615	0.389297
1	121	74	136.25	84.1307	18.308
1	121	74	121.027	74.1293	0.132139
1	121	74	120.877	74.1857	0.222893
1	121	74	121.131	74.065	0.146237
1	121	74	121.207	74.346	0.403386
1	121	74	121.069	74.3789	0.38509
1	121	74	121.175	74.1048	0.203689
1	121	74	121.019	74.1283	0.129698
1	121	74	121.218	74.0848	0.234268
1	121	74	121.073	74.322	0.330155
1	121	74	118.387	79.2896	5.89971
1	121	74	121.084	74.1974	0.214339
1	121	74	120.764	74.3109	0.390309
1	121	74	110.85	93.5591	22.0358
1	121	74	121.181	74.1899	0.26225
1	121	74	121.054	74.2245	0.230919
1	121	74	120.874	74.3655	0.386545
1	121	74	121.287	74.2522	0.38194
1	121	74	120.607	74.0655	0.398621
1	121	74	120.974	74.1734	0.175304
1	121	74	121.02	74.0994	0.10133
1	121	74	121.118	74.0066	0.118652
1	121	74	120.893	74.0618	0.123767
1	121	74	121.274	74.1572	0.315726
1	121	74	120.901	74.252	0.270814
1	121	74	120.95	74.1174	0.127472
1	121	74	121.124	74.293	0.318345
1	121	74	121.206	74.3739	0.426742
1	121	74	120.921	74.2104	0.224769
1	121	74	121.06	74.3114	0.31708
1	121	74	121.14	74.075	0.158434
1	121	74	121.076	74.1706	0.186655
1	121	74	121.136	74.2041	0.245509
1	121	74	120.732	74.3058	0.406434
1	121	74	121.341	74.1451	0.37022
1	121	74	121.353	74.1614	0.388012
1	121	74	120.923	74.4198	0.426768
1	121	74	121.095	74.3036	0.318174
1	121	74	121.104	74.2972	0.314799
1	121	74	121.217	74.0655	0.226964
1	121	74	102.224	85.4886	22.0121
1	121	74	120.984	74.4581	0.458365
1	121	74	120.877	74.1043	0.161318
1	121	74	120.926	74.235	0.246277
1	121	74	120.882	74.0913	0.148982
1	121	74	120.978	74.0103	0.0246214
1	121	74	120.963	74.2291	0.232107
1	121	74	121.024	74.4695	0.470117
1	121	74	120.893	74.2892	0.308209
1	121	74	121.065	73.9224	0.101426
1	121	74	121.106	74.4115	0.424892
1	121	74	99.5545	80.4572	22.3966
1	121	74	121.041	74.1126	0.119867
1	121	74	121.265	74.2077	0.336737
1	121	74	121.176	74.3932	0.43057
1	121	74	121.144	74.4463	0.468764
1	121	74	120.914	74.2394	0.254286
1	121	74	120.784	74.1733	0.276849
1	121	74	120.758	74.2225	0.328791
1	121	74	121.353	74.0828	0.362587
1	121	74	120.824	74.1924	0.260417
1	121	74	121.227	74.2514	0.33875
1	121	74	121.153	74.457	0.481944
1	121	74	121.23	74.379	0.443519
1	121	74	121.117	74.48	0.494033
1	121	74	121.074	74.1875	0.20151
1	121	74	121.014	74.3298	0.330075
1	121	74	121.071	74.2812	0.290073
1	121	74	121.146	74.1289	0.194424
1	121	74	120.832	74.1946	0.25696
1	121	74	120.826	74.3865	0.424043
1	121	74	120.933	74.2261	0.235817
1	121	74	105.385	91.1861	23.2202
1	121	74	120.886	74.1879	0.219697
1	121	74	121.278	74.1804	0.331764
1	121	74	121.139	74.1852	0.231636
1	121	74	121.237	74.2694	0.3588
1	121	74	121.017	74.4101	0.410403
1	121	74	121.015	74.1561	0.156866
1	121	74	120.967	74.3048	0.306522
1	121	74	121.046	74.147	0.15409
1	121	74	121.331	74.0788	0.340671
1	121	74	120.852	74.3763	0.404469
1	121	74	107.165	94.4145	24.6608
1	121	74	120.96	74.307	0.309493
1	121	74	110.136	94.1019	22.8499
1	121	74	120.871	74.1134	0.17179
1	121	74	121.118	73.9241	0.139948
1	121	74	121.058	74.1014	0.116764
1	121	74	122.69	76.0419	2.65069
1	121	74	99.5123	80.3066	22.394
1	121	74	120.998	74.2233	0.223317
1	121	74	121.188	74.4011	0.443062
1	121	74	120.826	74.157	0.234069
1	121	74	121.07	74.1287	0.146343
1	121	74	120.807	74.1871	0.268866
1	121	74	120.977	74.0705	0.0742275
1	121	74	121.178	74.4058	0.442943
1	121	74	121.524	76.1018	2.166
1	121	74	120.908	74.3678	0.379243
1	121	74	121.027	74.2483	0.249761
1	121	74	121.148	74.1356	0.200935
1	121	74	121.27	74.2296	0.354663
1	121	74	121.132	74.2948	0.322861
1	121	74	121.189	74.3019	0.356048
1	121	74	121.147	74.0963	0.175576
1	121	74	121.068	74.2563	0.265268
1	121	74	121.116	74.3382	0.357634
1	121	74	120.84	74.1546	0.222834
1	121	74	120.948	74.0831	0.0977947
1	121	74	121.261	74.3346	0.424487
1	121	74	121.187	74.2158	0.285847
1	121	74	121.031	74.2832	0.284813
1	121	74	120.995	74	0.00471584
1	121	74	121.267	74.0835	0.27949
1	121	74	107.089	94.4328	24.7189
1	121	74	121.239	74.1018	0.259824
1	121	74	121.106	74.4826	0.494108
1	121	74	121.15	74.3806	0.409031
1	121	74	121.064	74.2947	0.301597
1	121	74	121.101	74.1659	0.194291
1	121	74	121.235	74.1165	0.262516
1	121	74	120.752	74.2613	0.360421
1	121	74	120.856	74.0589	0.155623
1	121	74	135.847	84.0811	17.9462
1	121	74	121.085	74.1374	0.161484
1	121	74	120.932	74.3573	0.363615
1	121	74	121.418	74.1443	0.442058
1	121	74	121.342	74.0953	0.354564
1	121	74	121.011	74.1176	0.118085
1	121	74	120.852	74.1303	0.197459
1	121	74	120.797	74.1076	0.230041
1	121	74	121.185	74.2429	0.305141
1	121	74	121.255	74.161	0.301674
1	121	74	120.9	74.0264	0.103667
1	121	74	122.132	75.7784	2.10823
1	121	74	121.217	74.1951	0.29186
1	121	74	120.932	73.9627	0.0775707
1	121	74	118.219	79.4028	6.07643
1	121	74	121.198	74.3394	0.393072
1	121	74	121.348	74.2028	0.402411
1	121	74	121.04	74.4699	0.471544
1	121	74	121.009	74.1045	0.10485
1	121	74	121.007	74.2868	0.286884
1	121	74	120.937	74.3964	0.401433
1	121	74	121.036	74.1282	0.13302
1	121	74	121.021	74.1363	0.137827
1	121	74	121.059	73.9701	0.0661744
1	121	74	121.199	74.172	0.262834
1	121	74	120.944	73.9244	0.0942187
1	121	74	121.146	74.2843	0.319494
1	121	74	120.991	74.1017	0.102096
1	121	74	121.3	74.2562	0.39414
1	121	74	121.076	74.453	0.459402
1	121	74	121.164	74.0285	0.166897
1	121	74	121.216	74.1827	0.283154
1	121	74	121.146	74.2088	0.254824
1	121	74	120.77	74.1622	0.281152
1	121	74	121.167	74.1384	0.216831
1	121	74	121.015	74.221	0.221507
1	121	74	121.026	74.1812	0.183002
1	121	74	121.144	74.02	0.145367
1	121	74	121.041	74.4101	0.412174
1	121	74	120.91	74.2704	0.284889
1	121	74	120.844	74.3187	0.35469
1	121	74	120.923	74.4172	0.424294
1	121	74	120.641	73.8912	0.375327
1	121	74	120.81	74.1792	0.261137
1	121	74	120.855	74.0434	0.151087
1	121	74	120.946	73.9582	0.0680488
1	121	74	118.105	79.6209	6.32267
1	121	74	135.941	84.401	18.2047
1	121	74	121.011	74.3365	0.3367
1	121	74	121.22	74.0092	0.220243
1	121	74	121.021	74.0628	0.066169
1	121	74	121.091	74.1967	0.216839
1	121	74	121.144	74.0309	0.147236
1	121	74	121.144	74.179	0.229438
1	121	74	120.867	74.069	0.149811
1	121	74	121.228	74.2022	0.304399
1	121	74	120.842	74.2678	0.310884
1	121	74	121.026	74.1818	0.183558
1	121	74	104.011	88.4817	22.324
1	121	74	123.369	76.3093	3.3082
1	121	74	120.971	74.2811	0.282557
1	121	74	121.265	74.2679	0.376483
1	121	74	120.852	74.2164	0.262111
1	121	74	121.08	73.9471	0.0963094
1	121	74	120.922	74.1456	0.165074
1	121	74	121.08	74.1106	0.136424
1	121	74	121.099	74.3514	0.365209
1	121	74	99.2174	80.2003	22.6478
1	121	74	120.824	74.3288	0.373086
1	121	74	121.285	74.2959	0.410729
1	121	74	121.032	73.8872	0.117243
1	121	74	121.21	74.1136	0.23877
1	121	74	121.14	74.3093	0.339426
1	121	74	121.117	74.1123	0.162056
1	121	74	120.881	74.1226	0.170863
1	121	74	121.056	74.3849	0.388882
1	121	74	121.065	74.0813	0.104238
1	121	74	120.885	74.3239	0.343535
1	121	74	120.813	74.2155	0.285294
1	121	74	121.093	74.087	0.126958
1	121	74	121.115	74.1245	0.169552
1	121	74	120.935	74.2513	0.259652
1	121	74	121.046	74.3903	0.392992
1	121	74	120.779	74.3616	0.423719
1	121	74	121.119	74.1877	0.222061
1	121	74	120.913	74.4178	0.426754
1	121	74	121.25	74.2009	0.320347
1	121	74	121.213	74.1495	0.259964
1	121	74	121.089	74.2415	0.257356
1	121	74	120.953	74.0629	0.0783899
1	121	74	121.253	74.2733	0.372623
1	121	74	120.712	74.233	0.370346
1	121	74	121.013	74.1269	0.127531
1	121	74	120.954	74.1977	0.203061
1	121	74	120.983	74.2366	0.237227
1	121	74	123.084	76.1003	2.95845
1	121	74	121.184	74.2868	0.340756
1	121	74	121.073	74.4928	0.498168
1	121	74	121.052	74.1853	0.192567
1	121	74	120.809	74.1028	0.216768
1	121	74	120.904	74.2289	0.248262
1	121	74	120.912	74.3106	0.322825
1	121	74	121.061	74.3902	0.39492
1	121	74	121.127	74.1091	0.167081
1	121	74	121.109	74.0201	0.111075
1	121	74	121.104	74.3359	0.351493
1	121	74	121.161	74.3719	0.405065
1	121	74	121.13	74.2491	0.281196
1	121	74	121.153	74.4113	0.438759
1	121	74	121.111	74.2227	0.248792
1	121	74	120.975	74.159	0.160952
1	121	74	121.202	74.0218	0.202879
1	121	74	120.994	74.3206	0.320634
1	121	74	121.029	74.4372	0.438112
1	121	74	100.853	83.0807	22.0985
1	121	74	120.753	74.3029	0.391124
1	121	74	121.295	74.1589	0.334732
1	121	74	120.99	74.4287	0.428866
1	121	74	120.843	74.0403	0.161866
1	121	74	121.166	74.3193	0.359991
1	121	74	121.125	74.3929	0.412365
1	121	74	121.273	74.2608	0.377899
1	121	74	120.811	74.3076	0.360988
1	121	74	121.013	74.0622	0.063422
1	121	74	121.101	74.1494	0.180586
1	121	74	121.135	74.4242	0.445257
1	121	74	121.012	74.1323	0.132844
1	121	74	121.281	74.046	0.284733
1	121	74	120.931	73.9354	0.0945952
1	121	74	120.954	73.88	0.128467
1	121	74	120.839	74.1779	0.239757
1	121	74	99.1358	80.1026	22.6999
1	121	74	121.083	74.2618	0.274483
1	121	74	121.312	74.0561	0.317243
1	121	74	121.193	74.0246	0.194845
1	121	74	120.932	74.1406	0.156277
1	121	74	120.858	74.3529	0.380413
1	121	74	121.197	74.3101	0.367229
1	121	74	120.971	74.0811	0.0862013
1	121	74	91.5076	54.1455	35.5529
1	121	74	121.135	74.4494	0.469139
1	121	74	121.082	74.3452	0.354895
1	121	74	121.159	74.184	0.243165
1	121	74	121.007	74.2715	0.271589
1	121	74	121.012	74.2648	0.265091
1	121	74	121.1	74.1108	0.149313
1	121	74	136.407	84.0629	18.4023
1	121	74	120.985	74.3897	0.389955
1	121	74	120.863	74.0353	0.141628
1	121	74	120.959	74.147	0.152592
1	121	74	121.14	74.086	0.16431
1	121	74	120.912	74.1977	0.216345
1	121	74	120.988	74.264	0.264256
1	121	74	120.786	74.23	0.314155
1	121	74	120.958	74.2237	0.227563
1	121	74	118.572	78.8076	5.38598
1	121	74	120.756	74.1892	0.308502
1	121	74	120.895	74.1646	0.195111
1	121	74	119.091	78.4403	4.83325
1	121	74	120.927	74.0215	0.0761065
1	121	74	120.962	73.9453	0.066817
1	121	74	121.062	74.1264	0.140804
1	121	74	121.403	74.138	0.425958
1	121	74	120.874	74.0889	0.15413
1	121	74	121.115	74.0469	0.123894
1	121	74	121.053	74.4656	0.468669
1	121	74	120.92	74.3365	0.345805
1	121	74	121.257	74.1093	0.279693
1	121	74	120.801	74.1625	0.257132
1	121	74	120.875	74.2121	0.246217
1	121	74	120.963	74.0919	0.0989498
1	121	74	121.258	74.3076	0.401634
1	121	74	120.975	74.3291	0.330057
1	121	74	120.723	74.2281	0.358973
1	121	74	120.88	74.3382	0.358992
1	121	74	120.702	73.8106	0.352718
1	121	74	121.298	74.0177	0.298637
1	121	74	101.002	83.0375	21.9451
1	121	74	121.12	74.2641	0.290009
1	121	74	121.004	74.3821	0.382098
1	121	74	120.945	74.2678	0.273478
1	121	74	120.997	74.4312	0.431215
1	121	74	122.059	75.9436	2.21337
1	121	74	120.994	73.957	0.0434118
1	121	74	121.145	74.0287	0.147531
1	121	74	121.083	74.4571	0.464567
1	121	74	120.958	74.2937	0.296684
1	121	74	121.054	74.4848	0.487825
1	121	74	121.193	74.4271	0.468692
1	121	74	120.915	74.1632	0.183848
1	121	74	120.993	74.385	0.385045
1	121	74	120.759	74.2544	0.350274
1	121	74	121.08	74.2856	0.296473
1	121	74	120.967	73.8514	0.152207
1	121	74	120.933	74.2622	0.270636
1	121	74	121	74.2377	0.237724
1	121	74	121.232	74.2075	0.311353
1	121	74	121.039	74.2455	0.248528
1	121	74	121.286	74.058	0.291875
1	121	74	121.254	73.9971	0.25374
1	121	74	121.277	74.1063	0.296948
1	121	74	120.877	74.2723	0.298855
1	121	74	121.166	74.296	0.339366
1	121	74	121.151	74.1721	0.229047
1	121	74	121.303	74.1596	0.342395
1	121	74	120.925	74.3515	0.359453
1	121	74	121.132	74.0641	0.147123
1	121	74	121.086	74.178	0.197596
1	121	74	120.865	74.1779	0.223486
1	121	74	120.87	74.0265	0.132529
1	121	74	121.136	74.3099	0.338264
1	121	74	121.256	74.2873	0.384878
1	121	74	121.037	74.3868	0.388501
1	121	74	121.269	74.1553	0.310587
1	121	74	121.001	74.1574	0.157365
1	121	74	120.982	74.4105	0.41086
1	121	74	118.368	78.947	5.60366
1	121	74	120.87	74.0415	0.136429
1	121	74	120.969	74.0638	0.0709474
1	121	74	120.937	74.148	0.161009
1	121	74	121.247	74.3507	0.429053
1	121	74	121.049	74.3181	0.32192
1	121	74	120.872	74.3903	0.410894
1	121	74	99.1551	80.1903	22.7051
1	121	74	121.257	74.3172	0.408334
1	121	74	120.86	74.3205	0.349705
1	121	74	121.229	74.1619	0.280307
1	121	74	120.886	74.0447	0.12231
1	121	74	120.829	74.1134	0.204852
1	121	74	121.192	74.1504	0.243892
1	121	74	120.906	74.0323	0.0996583
1	121	74	120.728	74.2742	0.38587
1	121	74	121.347	74.1544	0.379781
1	121	74	120.968	74.1823	0.185142
1	121	74	118.353	79.5213	6.12315
1	121	74	121.072	74.1748	0.18912
1	121	74	110.916	93.4459	21.9051
1	121	74	121.106	74.056	0.120292
1	121	74	120.78	74.2053	0.300906
1	121	74	121.173	74.4445	0.476902
1	121	74	120.985	73.8883	0.112761
1	121	74	104.106	88.7744	22.4427
1	121	74	126.751	63.5727	11.9082
1	121	74	121.087	74.4119	0.421
1	121	74	121.06	74.1138	0.128625
1	121	74	121.252	74.2579	0.360426
1	121	74	121.054	74.1205	0.131987
1	121	74	120.94	74.1827	0.192455
1	121	74	121.158	74.0858	0.179713
1	121	74	136.792	84.1873	18.7927
1	121	74	121.172	74.3749	0.412633
1	121	74	122.471	76.1038	2.5672
1	121	74	120.897	74.3402	0.355487
1	121	74	106.806	94.5586	24.9828
1	121	74	120.947	74.0916	0.105724
1	121	74	121.113	74.2116	0.23965
1	121	74	121.195	74.3744	0.422224
1	121	74	121.013	74.3475	0.347733
1	121	74	120.979	74.1792	0.180426
1	121	74	121.008	74.0991	0.0994169
1	121	74	120.944	74.2681	0.273831
1	121	74	121.213	74.0699	0.223921
1	121	74	121.113	74.2481	0.272716
1	121	74	121.182	74.3293	0.376209
1	121	74	120.935	74.2596	0.267724
1	121	74	120.947	73.9326	0.0856734
1	121	74	121.212	74.3275	0.389988
1	121	74	123.8	76.5688	3.79947
1	121	74	120.886	74.2216	0.249282
1	121	74	121.008	73.9207	0.0797277
1	121	74	121.157	74.4197	0.448014
1	121	74	121.211	74.1328	0.249387
1	121	74	121.04	74.0999	0.107706
1	121	74	120.787	74.1327	0.251167
1	121	74	121.119	74.063	0.134794
1	121	74	121.15	74.0249	0.152307
1	121	74	120.952	74.1841	0.19025
1	121	74	120.928	74.2767	0.286013
1	121	74	121.212	74.123	0.244869
1	121	74	120.967	74.2267	0.229121
1	121	74	121.065	74.0543	0.08503
1	121	74	120.972	74.0498	0.0572352
1	121	74	121.059	74.4318	0.435831
1	121	74	121.054	74.246	0.251813
1	121	74	121.195	74.1335	0.236321
1	121	74	120.894	74.2841	0.303178
1	121	74	121.042	74.4116	0.413759
1	121	74	121.119	74.3589	0.378062
1	121	74	101.082	83.5639	22.0949
1	121	74	120.946	74.0949	0.109257
1	121	74	121.24	74.0409	0.243134
1	121	74	104.801	90.0414	22.7974
1	121	74	121.079	74.1017	0.128981
1	121	74	120.989	74.2391	0.239337
1	121	74	121.063	74.26	0.267548
1	121	74	121.267	74.1679	0.315026
1	121	74	120.933	74.0994	0.119806
1	121	74	120.964	74.2074	0.210559
1	121	74	121.088	74.0365	0.095297
1	121	74	120.91	73.954	0.1011
1	121	74	120.953	74.2285	0.233343
1	121	74	135.787	84.2059	17.9669
1	121	74	121.015	74.104	0.105068
1	121	74	121.129	74.2647	0.29445
1	121	74	121.042	74.383	0.385306
1	121	74	121.16	74.4802	0.50606
1	121	74	121.075	74.2291	0.241041
1	121	74	121.027	74.3666	0.367622
1	121	74	120.828	74.276	0.325242
1	121	74	121.025	74.23	0.231417
1	121	74	120.786	74.1453	0.258558
1	121	74	121.069	74.2393	0.249017
1	121	74	120.895	74.1641	0.194925
1	121	74	121.083	74.4144	0.422639
1	121	74	121.179	74.1036	0.206864
1	121	74	121.083	74.2115	0.227194
1	121	74	121.165	74.3112	0.352329
1	121	74	120.976	74.2689	0.269983
1	121	74	120.797	74.2781	0.344444
1	121	74	120.994	74.1431	0.143296
1	121	74	121.088	74.2175	0.234487
1	121	74	120.821	74.2747	0.328038
1	121	74	120.835	74.3686	0.403775
1	121	74	120.901	74.4113	0.423043
1	121	74	121.062	74.3749	0.379982
1	121	74	121.17	74.1325	0.215857
1	121	74	120.904	74.2206	0.240655
1	121	74	121.284	74.2612	0.385706
1	121	74	120.927	74.3205	0.328671
1	121	74	120.95	74.2155	0.221094
1	121	74	120.916	74.3816	0.390719
1	121	74	104.716	90.1316	22.9212
1	121	74	120.975	74.2376	0.238853
1	121	74	121.234	74.3468	0.418479
1	121	74	120.925	74.0983	0.123421
1	121	74	120.897	74.1369	0.171489
1	121	74	120.842	74.3732	0.405314
1	121	74	121.333	74.1896	0.382762
1	121	74	120.978	74.0467	0.0517121
1	121	74	121.223	74.0584	0.230858
1	121	74	120.874	74.1963	0.233025
1	121	74	120.761	74.3327	0.409518
1	121	74	136.295	83.8498	18.1918
1	121	74	121.04	74.33	0.332449
1	121	74	121.086	74.2907	0.303139
1	121	74	92.1999	54.8143	34.6054
1	121	74	121.116	74.2405	0.266804
1	121	74	121.12	74.329	0.350249
1	121	74	120.764	74.1956	0.30673
1	121	74	121.111	74.1955	0.22494
1	121	74	101.713	85.0695	22.2374
1	121	74	120.989	74.2331	0.233375
1	121	74	121.144	74.1324	0.195922
1	121	74	120.894	74.3886	0.402648
1	121	74	121.189	74.3465	0.394908
1	121	74	121.084	74.0549	0.100254
1	121	74	120.822	74.0503	0.185128
1	121	74	121.185	74.1896	0.264846
1	121	74	121.157	74.1338	0.206139
1	121	74	120.859	74.384	0.408962
1	121	74	121.268	74.0661	0.276436
1	121	74	120.849	74.0454	0.157832
1	121	74	121.105	73.9676	0.109913
1	121	74	120.813	74.2731	0.331199
1	121	74	120.904	74.1531	0.180832
1	121	74	121.197	74.1937	0.276313
1	121	74	122.754	76.4073	2.97849
1	121	74	121.128	74.3165	0.341304
1	121	74	120.807	74.279	0.339261
1	121	74	121.194	74.2539	0.319354
1	121	74	120.998	74.1261	0.126109
1	121	74	121.202	74.279	0.344677
1	121	74	121.198	74.2706	0.335331
1	121	74	120.835	74.2394	0.290804
1	121	74	120.84	74.2437	0.291479
1	121	74	121.192	74.1197	0.226332
1	121	74	123.329	76.1757	3.18688
1	121	74	121.301	74.2205	0.373518
1	121	74	121.111	74.2005	0.229392
1	121	74	121.096	74.4423	0.45251
1	121	74	120.948	74.2983	0.302755
1	121	74	121.243	74.273	0.36556
1	121	74	120.724	74.2568	0.377131
1	121	74	121.099	74.4232	0.434527
1	121	74	121.09	74.4068	0.416593
1	121	74	120.924	74.2779	0.288106
1	121	74	120.897	74.1943	0.219869
1	121	74	121.085	74.3018	0.313451
1	121	74	120.828	74.359	0.397951
1	121	74	121.107	74.417	0.43054
1	121	74	120.927	74.0712	0.102189
1	121	74	121.055	74.2224	0.229127
1	121	74	120.991	74.2195	0.219667
1	121	74	121.067	73.9609	0.0773963
1	121	74	120.969	73.9645	0.0472965
1	121	74	120.966	74.2791	0.281211
1	121	74	121.001	73.8539	0.146142
1	121	74	120.797	74.1179	0.235153
1	121	74	120.746	74.279	0.377631
1	121	74	120.922	74.0167	0.0801055
1	121	74	100.911	83.0704	22.0421
1	121	74	121.085	74.1241	0.150224
1	121	74	121.178	74.1474	0.231376
1	121	74	120.711	74.2037	0.353982
1	121	74	121.138	74.2257	0.264698
1	121	74	121.248	74.0687	0.257542
1	121	74	121.25	74.3872	0.460942
1	121	74	120.874	74.0505	0.136091
1	121	74	120.966	74.2476	0.249918
1	121	74	122.844	76.2452	2.90526
1	121	74	121.109	74.2088	0.23559
1	121	74	121.246	74.0934	0.263485
1	121	74	121.095	73.9548	0.105362
1	121	74	120.817	74.0984	0.207703
1	121	74	121.051	74.3469	0.350585
1	121	74	121.084	74.3708	0.380345
1	121	74	121.049	73.9972	0.0488179
1	121	74	120.843	74.0233	0.158855
1	121	74	120.814	74.3303	0.378905
1	121	74	120.858	74.0698	0.157963
1	121	74	136.484	84.3481	18.6235
1	121	74	120.996	74.2396	0.239639
1	121	74	121.139	74.3841	0.408459
1	121	74	121.295	74.0648	0.301704
1	121	74	121.213	74.4627	0.509264
1	121	74	121.16	74.3226	0.360093
1	121	74	120.368	77.6952	3.74888
1	121	74	120.892	74.0029	0.108206
1	121	74	120.975	74.3729	0.373773
1	121	74	121.048	73.9954	0.0486562
1	121	74	105.051	91.253	23.4956
1	121	74	120.953	74.1057	0.115732
1	121	74	121.026	74.2367	0.238066
1	121	74	126.922	63.7645	11.8254
1	121	74	121.377	74.156	0.4082
1	121	74	121.055	74.1966	0.204192
1	121	74	121.106	74.3549	0.370405
1	121	74	121.181	74.1791	0.254836
1	121	74	121.181	74.0601	0.190679
1	121	74	120.827	74.2034	0.267124
1	121	74	121.24	74.0876	0.255939
1	121	74	121.101	73.9793	0.102791
1	121	74	121	74.2047	0.204734
1	121	74	120.964	74.3778	0.379467
1	121	74	120.987	74.173	0.173499
1	121	74	120.763	74.2527	0.346358
1	121	74	121.172	74.2503	0.303611
1	121	74	120.88	74.1526	0.194082
1	121	74	121	74.2864	0.286415
1	121	74	121.058	74.0131	0.0596461
1	121	74	121.01	73.9365	0.064241
1	121	74	120.902	74.2541	0.27227
1	121	74	120.866	74.3332	0.359145
1	121	74	120.772	74.3314	0.402117
1	121	74	120.806	74.1819	0.266141
1	121	74	121.175	74.2668	0.319075
1	121	74	121.145	74.3505	0.379335
1	121	74	121.187	74.0659	0.198131
1	121	74	121.066	74.4571	0.461804
1	121	74	121.387	74.1407	0.411682
1	121	74	121.148	74.3047	0.338628
1	121	74	121.234	74.3194	0.396152
1	121	74	121.145	74.0869	0.168941
1	121	74	121.04	74.3779	0.379995
1	121	74	121.162	74.1333	0.209544
1	121	74	121.157	74.11	0.191992
1	121	74	120.973	74.4113	0.412138
1	121	74	120.901	74.3683	0.381517
1	121	74	121.027	73.9692	0.0413093
1	121	74	121.04	74.4669	0.468624
1	121	74	120.654	73.8886	0.363114
1	121	74	121.098	74.0292	0.102286
1	121	74	121.056	74.1409	0.151727
1	121	74	121.327	74.17	0.3689
1	121	74	121.048	74.4137	0.416507
1	121	74	120.898	74.0311	0.106533
1	121	74	120.999	74.1055	0.105486
1	121	74	120.896	74.3588	0.373623
1	121	74	120.974	73.8811	0.121634
1	121	74	121.276	74.0545	0.281318
1	121	74	121.073	74.0598	0.0947211
1	121	74	118.873	78.8766	5.32017
1	121	74	120.837	74.2069	0.263344
1	121	74	120.835	74.3686	0.4037
1	121	74	120.89	73.9974	0.109956
1	121	74	120.893	73.921	0.132977
1	121	74	121.119	74.3769	0.395189
1	121	74	120.957	74.1314	0.138166
1	121	74	121.045	74.3107	0.313994
1	121	74	120.947	74.3041	0.308691
1	121	74	120.771	74.2583	0.345516
1	121	74	121.074	74.2617	0.271867
1	121	74	121.086	74.4488	0.456893
1	121	74	121.181	74.1592	0.240864
1	121	74	120.782	74.1541	0.266661
1	121	74	121.046	74.2946	0.298135
1	121	74	121.127	74.4703	0.487164
1	121	74	121.009	74.3706	0.370695
1	121	74	121.182	74.1783	0.254837
1	121	74	121.418	74.1571	0.446237
1	121	74	120.814	74.0958	0.208861
1	121	74	120.939	74.3895	0.394282
1	121	74	120.921	74.2096	0.223875
1	121	74	121.006	74.4908	0.490817
1	121	74	120.873	74.2529	0.283179
1	121	74	121.051	74.24	0.245271
1	121	74	121.1	74.022	0.102405
1	121	74	121.277	74.1015	0.295258
1	121	74	120.832	74.3189	0.360295
1	121	74	121.188	74.1964	0.271749
1	121	74	121.048	74.2548	0.25935
1	121	74	120.928	74.0543	0.089979
1	121	74	120.834	74.2807	0.326119
1	121	74	121.008	74.0888	0.0891192
1	121	74	120.888	74.0336	0.116847
1	121	74	121.141	74.3606	0.38738
1	121	74	120.897	74.1142	0.153551
1	121	74	121.131	74.0746	0.151163
1	121	74	121.092	73.9542	0.102933
1	121	74	121.088	73.9462	0.103121
1	121	74	120.91	74.125	0.154137
1	121	74	120.774	74.2398	0.329495
1	121	74	120.981	73.978	0.0290621
1	121	74	121.081	74.2942	0.305117
1	121	74	120.768	74.3125	0.389472
1	121	74	120.976	74.3989	0.399616
1	121	74	121.027	74.033	0.0425006
1	121	74	121.222	74.0675	0.232299
1	121	74	120.892	74.0334	0.11346
1	121	74	121.066	73.9948	0.066486
1	121	74	121.105	74.3849	0.398955
1	121	74	121.189	74.0451	0.194233
1	121	74	112.408	90.0852	18.236
1	121	74	121.166	74.2045	0.263333
1	121	74	120.969	74.3431	0.344427
1	121	74	121.028	74.221	0.222819
1	121	74	121.049	74.485	0.48741
1	121	74	121.171	74.1142	0.205828
1	121	74	121.554	76.0497	2.12321
1	121	74	121.376	74.0902	0.387003
1	121	74	121.087	74.3551	0.365696
1	121	74	121.193	72.9287	1.08845
1	121	74	121.194	74.3997	0.444257
1	121	74	121.278	74.2019	0.34388
1	121	74	121.191	74.155	0.24611
1	121	74	120.93	74.2359	0.246189
1	121	74	121.162	74.3533	0.388754
1	121	74	120.867	74.3679	0.391207
1	121	74	121.064	71.8667	2.13422
1	121	74	120.867	74.2019	0.241943
1	121	74	120.692	74.2776	0.414326
1	121	74	120.932	74.042	0.079989
1	121	74	121.124	74.4103	0.428663
1	121	74	121.23	74.3856	0.448804
1	121	74	121.085	74.3959	0.404901
1	121	74	120.988	74.4697	0.46988
1	121	74	121.09	73.9005	0.133847
1	121	74	121.311	74.1417	0.341373
1	121	74	120.85	74.2745	0.312999
1	121	74	120.954	74.0633	0.0784422
1	121	74	121.039	73.9163	0.0923133
1	121	74	121.119	74.5083	0.522102
1	121	74	136.388	84.3965	18.5707
1	121	74	121.019	74.3659	0.366394
1	121	74	121.085	74.4826	0.490029
1	121	74	121.188	74.4126	0.453513
1	121	74	121.3	74.2108	0.366318
1	121	74	120.934	74.3329	0.339425
1	121	74	121.151	74.2473	0.289665
1	121	74	118.904	79.0625	5.47944
1	121	74	121.14	74.4371	0.459012
1	121	74	120.839	74.1136	0.197379
1	121	74	120.952	74.2766	0.2808
1	121	74	120.899	74.4054	0.417787
1	121	74	121.071	74.1392	0.156299
1	121	74	120.974	74.3099	0.310938
