1	121	74	124.258	75.6252	3.64118
1	121	74	132.605	90.5	20.1727
1	121	74	120.264	76.5678	2.67122
1	121	74	124.859	76.5317	4.61565
1	121	74	117.344	76.7747	4.58992
1	121	74	125.209	76.7534	5.02981
1	121	74	118.477	75.4532	2.91129
1	121	74	122.621	74.6691	1.75408
1	121	74	125.544	77.707	5.86399
1	121	74	119.247	77.7097	4.10321
1	121	74	117.52	77.4535	4.90244
1	121	74	120.152	70.7807	3.32915
1	121	74	125.329	74.1636	4.33246
1	121	74	120.832	79.8415	5.84388
1	121	74	137.599	82.7757	18.7764
1	121	74	121.064	75.0313	1.03334
1	121	74	123.902	73.2161	3.00649
1	121	74	124.934	73.2621	4.00307
1	121	74	120.799	71.7849	2.22425
1	121	74	124.477	75.9865	4.00464
1	121	74	121.439	78.2264	4.24921
1	121	74	124.787	75.3201	4.01045
1	121	74	125.117	76.6141	4.87716
1	121	74	124.41	74.8705	3.51979
1	121	74	117.867	74.8678	3.2513
1	121	74	121.33	76.4085	2.43101
1	121	74	127.552	74.2858	6.55871
1	121	74	123.104	77.2372	3.8607
1	121	74	124.467	75.7936	3.90327
1	121	74	126.317	74.405	5.33195
1	121	74	123.653	75.121	2.87989
1	121	74	123.874	74.5028	2.91748
1	121	74	125.709	74.2636	4.71633
1	121	74	109.446	95.024	23.9898
1	121	74	118.58	75.9351	3.09852
1	121	74	125.179	75.2648	4.36581
1	121	74	124.582	78.8549	6.03301
1	121	74	116.293	75.7738	5.03051
1	121	74	110.648	94.8304	23.2609
1	121	74	121.787	76.4888	2.61025
1	121	74	108.693	95.9462	25.1616
1	121	74	124.754	79.4521	6.61938
1	121	74	121.114	77.2205	3.2225
1	121	74	110.14	93.1505	22.0153
1	121	74	124.251	74.4932	3.2885
1	121	74	117.191	77.3455	5.06934
1	121	74	122.736	70.6465	3.77642
1	121	74	117.985	75.3685	3.31072
1	121	74	125.043	71.2773	4.87454
1	121	74	123.937	74.0261	2.93745
1	121	74	121.071	83.829	9.82922
1	121	74	117.042	74.5872	4.00132
1	121	74	122.997	72.0125	2.81746
1	121	74	127.173	74.7613	6.22017
1	121	74	67.8192	11.7772	81.8528
1	121	74	122.397	74.3061	1.42983
1	121	74	120.832	72.2143	1.79363
1	121	74	126.268	77.3121	6.22238
1	121	74	123.184	73.3651	2.27463
1	121	74	121.809	76.4991	2.62672
1	121	74	121.862	76.784	2.91431
1	121	74	127.308	78.6674	7.84682
1	121	74	119.33	74.2548	1.68909
1	121	74	111.295	96.4672	24.4737
1	121	74	120.883	69.4519	4.54965
1	121	74	123.32	75.1972	2.611
1	121	74	117.371	77.4672	5.0189
1	121	74	124.28	70.3183	4.93081
1	121	74	124.612	77.7207	5.18545
1	121	74	120.731	77.0126	3.02459
1	121	74	125.102	73.6247	4.11921
1	121	74	123.899	79.9243	6.59551
1	121	74	98.1896	63.4884	25.1158
1	121	74	116.104	85.1305	12.1598
1	121	74	111.406	96.8252	24.7594
1	121	74	124.67	77.8846	5.34379
1	121	74	123.916	80.9336	7.52183
1	121	74	121.803	74.4258	0.908757
1	121	74	117.973	76.1741	3.72687
1	121	74	112.527	86.1292	14.7955
1	121	74	119.499	73.8403	1.50899
1	121	74	142.188	83.0106	23.0245
1	121	74	110.352	92.8359	21.6375
1	121	74	126.23	72.735	5.38046
1	121	74	121.395	70.3427	3.67865
1	121	74	118.105	74.5805	2.95255
1	121	74	122.366	75.4972	2.02662
1	121	74	136.842	82.5969	18.0245
1	121	74	122.307	82.0898	8.19467
1	121	74	118.822	73.2379	2.30792
1	121	74	118.218	75.0223	2.96364
1	121	74	124.589	72.0486	4.08506
1	121	74	121.123	74.1578	0.200122
1	121	74	119.689	73.6027	1.36961
1	121	74	118.473	75.7379	3.06725
1	121	74	118.924	83.9477	10.1621
1	121	74	141.81	81.9836	22.2888
1	121	74	121.134	78.133	4.13521
1	121	74	120.233	75.2927	1.50297
1	121	74	127.502	75.464	6.66491
1	121	74	126.833	74.8646	5.89661
1	121	74	120.313	72.415	1.72742
1	121	74	125.512	77.2544	5.563
1	121	74	122.292	71.4686	2.84195
1	121	74	118.875	75.9215	2.86485
1	121	74	120.124	73.9671	0.876517
1	121	74	123.329	77.2075	3.96367
1	121	74	119.392	77.5273	3.87654
1	121	74	113.831	97.4866	24.5563
1	121	74	127.181	72.74	6.30859
1	121	74	122.169	75.4467	1.85981
1	121	74	121.328	76.3835	2.40602
1	121	74	118.162	77.7471	4.70068
1	121	74	121.988	82.8564	8.91139
1	121	74	124.249	73.5004	3.28672
1	121	74	121.338	74.1678	0.377815
1	121	74	110.729	95.6587	23.9708
1	121	74	113.208	85.2609	13.6939
1	121	74	121.56	77.75	3.79159
1	121	74	114.696	76.1063	6.64658
1	121	74	122.997	76.8869	3.51001
1	121	74	124.211	78.1232	5.22591
1	121	74	120.668	75.8498	1.87943
1	121	74	125.024	79.2935	6.64935
1	121	74	121.992	74.4247	1.07891
1	121	74	119.138	75.2096	2.22064
1	121	74	123.585	73.4091	2.65203
1	121	74	140.384	86.1484	22.876
1	121	74	125.864	77.1755	5.80853
1	121	74	112.675	93.8716	21.545
1	121	74	121.528	74.5759	0.781621
1	121	74	121.518	75.4076	1.49983
1	121	74	120.605	74.8379	0.926521
1	121	74	120.975	80.7872	6.78729
1	121	74	118.289	78.2281	5.02234
1	121	74	121.005	75.9222	1.92225
1	121	74	117.929	79.1156	5.96652
1	121	74	122.489	75.561	2.15722
1	121	74	121.027	70.0027	3.99737
1	121	74	120.545	71.9064	2.14256
1	121	74	127.724	75.7069	6.937
1	121	74	120.326	75.6829	1.8129
1	121	74	125.716	77.1928	5.69542
1	121	74	140.921	86.5674	23.5539
1	121	74	123.056	76.3267	3.10512
1	121	74	135.093	82.7095	16.5668
1	121	74	119.76	75.131	1.67801
1	121	74	110.467	69.9973	11.2677
1	121	74	121.49	76.5219	2.56905
1	121	74	120.308	76.231	2.33573
1	121	74	119.282	75.5959	2.34508
1	121	74	109.535	96.6602	25.3955
1	121	74	118.285	76.0178	3.38262
1	121	74	120.898	71.2535	2.74835
1	121	74	117.404	76.5666	4.41771
1	121	74	119.166	77.7034	4.1326
1	121	74	118.448	76.0426	3.26911
1	121	74	119.16	73.6465	1.87388
1	121	74	118.927	76.1469	2.98454
1	121	74	119.256	73.8154	1.75329
1	121	74	124.746	80.0247	7.09425
1	121	74	122.943	79.6593	5.98356
1	121	74	127.822	75.5341	6.99285
1	121	74	119.089	73.7196	1.93179
1	121	74	122.492	73.3866	1.61312
1	121	74	121.649	80.2854	6.31883
1	121	74	120.526	74.2773	0.548962
1	121	74	110.532	93.0851	21.7672
1	121	74	122.222	71.2996	2.96388
1	121	74	118.961	76.771	3.44006
1	121	74	123.576	71.0498	3.91636
1	121	74	141.368	86.126	23.7045
1	121	74	110.482	71.1719	10.8914
1	121	74	121.82	75.1825	1.43889
1	121	74	117.262	77.4309	5.07384
1	121	74	124.943	76.7257	4.79322
1	121	74	109.559	71.9399	11.6251
1	121	74	114.169	77.3018	7.58675
1	121	74	123.279	74.5324	2.33997
1	121	74	113.581	68.4303	9.27738
1	121	74	122.657	73.308	1.79564
1	121	74	124.515	74.2686	3.5256
1	121	74	120.686	74.5148	0.602786
1	121	74	107.659	69.0598	14.2265
1	121	74	118.547	77.5977	4.35464
1	121	74	122.43	78.6456	4.86071
1	121	74	117.617	84.6494	11.174
1	121	74	120.1	74.515	1.03715
1	121	74	123.852	79.8216	6.48269
1	121	74	119.522	78.6079	4.83903
1	121	74	121.397	74.461	0.608422
1	121	74	124.699	77.6069	5.16631
1	121	74	119.824	73.9358	1.17744
1	121	74	134.942	83.5724	16.9122
1	121	74	121.374	77.2222	3.24381
1	121	74	120.569	74.982	1.07238
1	121	74	120.045	75.1667	1.50761
1	121	74	119.719	72.1962	2.21209
1	121	74	110.46	96.9752	25.2776
1	121	74	109.894	95.0051	23.7605
1	121	74	122.869	77.504	3.97112
1	121	74	123.346	78.4558	5.03557
1	121	74	121.147	79.4512	5.45314
1	121	74	118.945	77.8611	4.37393
1	121	74	110.682	66.6342	12.6777
1	121	74	120.523	75.8311	1.89217
1	121	74	123.589	77.2205	4.13217
1	121	74	121.528	79.2591	5.2855
1	121	74	119.466	74.6419	1.66335
1	121	74	117.246	76.5021	4.51109
1	121	74	121.641	76.9786	3.0468
1	121	74	124.668	73.8455	3.67089
1	121	74	124.775	77.4476	5.11242
1	121	74	131.199	88.8275	17.9962
1	121	74	95.4195	61.6638	28.3997
1	121	74	125.365	74.2774	4.37367
1	121	74	125.136	73.4045	4.17855
1	121	74	128.19	73.8974	7.19074
1	121	74	120.602	71.5026	2.52892
1	121	74	123.425	79.4967	6.00786
1	121	74	118.567	75.8903	3.08103
1	121	74	120.555	77.3699	3.39916
1	121	74	125.465	76.7904	5.26548
1	121	74	119.638	74.4572	1.43637
1	121	74	120.532	79.9074	5.92589
1	121	74	117.147	81.1666	8.1369
1	121	74	122.317	74.5333	1.42058
1	121	74	123.663	75.8531	3.2444
1	121	74	121.767	77.8889	3.9637
1	121	74	116.672	76.2635	4.8838
1	121	74	110.233	70.4054	11.3514
1	121	74	125.41	76.1371	4.90034
1	121	74	141.994	83.309	22.9653
1	121	74	123.782	72.1811	3.32408
1	121	74	118.317	75.2535	2.96109
1	121	74	119.572	77.2161	3.51869
1	121	74	123.075	72.5396	2.53715
1	121	74	121.992	74.6738	1.19889
1	121	74	120.794	78.756	4.76045
1	121	74	111.482	89.5944	18.2696
1	121	74	119.429	74.0619	1.57228
1	121	74	125.799	79.8021	7.52947
1	121	74	117.956	75.8008	3.53718
1	121	74	126.225	75.2021	5.36134
1	121	74	122.811	75.1204	2.12931
1	121	74	136.316	87.9911	20.7447
1	121	74	112.579	94.0818	21.7761
1	121	74	119.918	78.4944	4.62281
1	121	74	124.731	77.2822	4.96919
1	121	74	121.163	75.8805	1.88749
1	121	74	122.126	78.8317	4.96117
1	121	74	125.306	77.8466	5.77361
1	121	74	140.114	87.6293	23.4753
1	121	74	110.135	96.4367	24.929
1	121	74	122.246	77.7074	3.91122
1	121	74	120.285	79.1674	5.21666
1	121	74	121.749	73.9139	0.753507
1	121	74	117.855	78.7035	5.65804
1	121	74	141.14	86.7318	23.8273
1	121	74	128.468	71.5405	7.86295
1	121	74	125.947	74.1295	4.94825
1	121	74	110.164	66.6191	13.1105
1	121	74	122.545	73.4654	1.63462
1	121	74	126.808	81.3455	9.36431
1	121	74	122.424	76.1005	2.53756
1	121	74	121.532	77.8057	3.84273
1	121	74	120.81	75.9399	1.94923
1	121	74	124.059	75.652	3.47616
1	121	74	119.021	78.5909	4.99936
1	121	74	119.843	73.2835	1.36072
1	121	74	118.441	74.1069	2.56084
1	121	74	120.6	73.2367	0.861958
1	121	74	119.712	74.3337	1.33014
1	121	74	118.594	75.3847	2.77566
1	121	74	126.868	76.4597	6.36281
1	121	74	120.415	71.7376	2.33675
1	121	74	123.674	74.7543	2.77822
1	121	74	124.877	72.9443	4.01853
1	121	74	120.73	78.178	4.18671
1	121	74	121.532	69.1756	4.85358
1	121	74	121.508	78.2574	4.28754
1	121	74	122.88	75.4466	2.37237
1	121	74	115.74	75.7396	5.5402
1	121	74	123.868	78.8655	5.64802
1	121	74	110.737	68.5032	11.6425
1	121	74	122.231	76.5894	2.86732
1	121	74	119.151	77.0805	3.59256
1	121	74	119.011	75.1141	2.27984
1	121	74	120.915	74.0665	0.108126
1	121	74	112.788	97.4487	24.8451
1	121	74	110.84	96.859	25.015
1	121	74	119.608	84.9431	11.0313
1	121	74	124.794	76.3367	4.45579
1	121	74	117.594	77.1313	4.62654
1	121	74	140.795	87.2315	23.8098
1	121	74	121.254	72.9658	1.06497
1	121	74	125.879	75.4639	5.09357
1	121	74	121.19	79.8733	5.87638
1	121	74	124.207	79.7582	6.59082
1	121	74	121.825	78.7685	4.83933
1	121	74	106.952	67.3751	15.5317
1	121	74	109.477	96.0244	24.8567
1	121	74	125.15	77.7836	5.61559
1	121	74	121.163	76.8396	2.8443
1	121	74	121.83	76.4941	2.62857
1	121	74	121.836	79.4975	5.56071
1	121	74	135.439	77.0011	14.7479
1	121	74	118.53	74.0997	2.47182
1	121	74	118.866	80.4416	6.78597
1	121	74	122.997	75.832	2.71039
1	121	74	124.434	78.4146	5.59288
1	121	74	119.074	75.669	2.54825
1	121	74	118.859	73.9093	2.14245
1	121	74	118.823	81.722	8.02292
1	121	74	117.099	77.0371	4.94351
1	121	74	118.034	75.7897	3.46428
1	121	74	110.799	95.368	23.678
1	121	74	118.389	75.4053	2.9651
1	121	74	110.015	96.9607	25.4532
1	121	74	121.207	81.5803	7.58312
1	121	74	124.452	77.2207	4.72144
1	121	74	121.027	74.0111	0.0287796
1	121	74	119.786	78.1373	4.31188
1	121	74	78.2521	89.3351	45.4153
1	121	74	123.186	76.1863	3.09179
1	121	74	123.353	74.8747	2.5102
1	121	74	117.71	75.6756	3.6925
1	121	74	126.896	76.5864	6.43835
1	121	74	113.724	97.4717	24.5737
1	121	74	124.423	74.496	3.45854
1	121	74	123.708	73.9528	2.70867
1	121	74	127.379	72.7123	6.50812
1	121	74	120.422	81.8573	7.87849
1	121	74	119.789	72.8667	1.65873
1	121	74	90.2578	65.7656	31.8259
1	121	74	118.039	75.5735	3.35275
1	121	74	122.121	71.5051	2.7351
1	121	74	125.923	77.1495	5.84463
1	121	74	123.078	80.6141	6.93278
1	121	74	121.781	72.5211	1.67246
1	121	74	119.261	74.4313	1.79208
1	121	74	119.743	78.7936	4.95582
1	121	74	128.26	75.0264	7.33188
1	121	74	127.709	74.1048	6.70956
1	121	74	125.74	76.8674	5.53964
1	121	74	118.423	77.3856	4.25471
1	121	74	118.214	76.8342	3.97388
1	121	74	142.037	85.5891	24.0182
1	121	74	116.707	76.9287	5.19712
1	121	74	121.115	77.1554	3.15754
1	121	74	119.474	77.1565	3.50581
1	121	74	127.149	76.7486	6.73541
1	121	74	121.669	75.0873	1.27665
1	121	74	117.757	85.1012	11.5653
1	121	74	123.346	72.4032	2.83801
1	121	74	114.252	97.4799	24.4304
1	121	74	118.436	74.6522	2.64534
1	121	74	126.423	76.7226	6.06847
1	121	74	125.068	74.4688	4.09541
1	121	74	124.182	72.0007	3.7581
1	121	74	118.026	74.2336	2.98276
1	121	74	118.667	77.9915	4.62328
1	121	74	127.358	75.3789	6.5054
1	121	74	121.556	74.0201	0.555948
1	121	74	118.251	75.7665	3.26802
1	121	74	121.198	73.6502	0.401986
1	121	74	120.343	76.3502	2.44039
1	121	74	119.812	73.5461	1.27216
1	121	74	140.343	85.9478	22.7351
1	121	74	114.594	97.487	24.3449
1	121	74	119.612	79.1354	5.31965
1	121	74	120.532	73.6705	0.572409
1	121	74	121.26	77.6329	3.64222
1	121	74	125.585	77.622	5.84335
1	121	74	126.32	77.7765	6.52444
1	121	74	129.512	72.6271	8.62232
1	121	74	122.89	73.7647	1.90446
1	121	74	121.674	75.3022	1.46621
1	121	74	117.871	73.3854	3.18858
1	121	74	126.591	75.5956	5.81386
1	121	74	124.669	78.0117	5.4368
1	121	74	117.765	77.5028	4.76812
1	121	74	126.643	74.3286	5.65232
1	121	74	120.031	75.5987	1.86962
1	121	74	122.312	74.5759	1.43283
1	121	74	124.924	75.1572	4.09069
1	121	74	122.824	75.2278	2.1988
1	121	74	118.147	75.6874	3.31464
1	121	74	121.108	76.6621	2.66432
1	121	74	119.768	76.8112	3.06911
1	121	74	120.176	73.4781	0.975667
1	121	74	121.324	71.606	2.41582
1	121	74	117.799	77.5295	4.76513
1	121	74	118.735	77.8628	4.47809
1	121	74	141.137	86.4723	23.6867
1	121	74	113.094	86.4767	14.7706
1	121	74	121.911	77.4097	3.52926
1	121	74	128.116	73.5182	7.13217
1	121	74	121.175	76.9033	2.90859
1	121	74	119.421	73.5134	1.65233
1	121	74	126.672	72.8286	5.7914
1	121	74	114.327	86.719	14.3633
1	121	74	123.934	80.1884	6.84888
1	121	74	122.301	80.4295	6.55967
1	121	74	123.707	81.8635	8.31643
1	121	74	123.941	70.6978	4.42228
1	121	74	118.025	76.6323	3.97221
1	121	74	125.032	77.8138	5.55026
1	121	74	119.417	73.1849	1.78062
1	121	74	119.954	74.4703	1.14655
1	121	74	119.661	72.4409	2.0551
1	121	74	124.931	76.5839	4.70389
1	121	74	123.004	75.7695	2.67322
1	121	74	113.138	97.4864	24.7675
1	121	74	128.418	74.7039	7.45112
1	121	74	123.41	73.1409	2.55814
1	121	74	120.27	77.1265	3.21065
1	121	74	121.273	74.8853	0.926484
1	121	74	126.696	75.0135	5.78539
1	121	74	125.376	76.9248	5.26365
1	121	74	116.565	83.243	10.252
1	121	74	119.884	77.1304	3.32343
1	121	74	118.447	78.575	5.23917
1	121	74	122.795	76.1492	2.80005
1	121	74	116.675	76.092	4.8046
1	121	74	125.92	79.0506	7.05123
1	121	74	124.769	76.9415	4.78134
1	121	74	100.327	91.7835	27.2697
1	121	74	121.956	76.5057	2.68172
1	121	74	121.652	77.5219	3.58177
1	121	74	122.944	74.884	2.13574
1	121	74	134.095	90.1841	20.8186
1	121	74	123.138	79.1618	5.58694
1	121	74	122.738	74.5324	1.81781
1	121	74	119.332	80.8339	7.03455
1	121	74	125.677	72.9831	4.78617
1	121	74	122.033	75.0935	1.50434
1	121	74	130.578	74.9223	9.6219
1	121	74	62.8566	97.4792	62.705
1	121	74	119.305	72.5539	2.2277
1	121	74	120.381	72.7342	1.40903
1	121	74	118.276	78.7153	5.44579
1	121	74	120.196	78.1432	4.2205
1	121	74	123.238	73.5776	2.2779
1	121	74	123.854	75.9579	3.46093
1	121	74	121.775	72.5159	1.67437
1	121	74	118.166	73.7662	2.84362
1	121	74	121.104	78.0168	4.01809
1	121	74	119.042	78.8369	5.21803
1	121	74	120.721	70.2079	3.80237
1	121	74	140.679	85.9823	23.0396
1	121	74	125.785	74.0711	4.786
1	121	74	118.524	77.4445	4.24226
1	121	74	126.373	76.7391	6.03052
1	121	74	121.727	80.5637	6.60389
1	121	74	123.003	73.5877	2.04492
1	121	74	99.3201	65.935	23.1314
1	121	74	123.532	82.347	8.72271
1	121	74	124.155	73.8277	3.15926
1	121	74	116.659	75.1141	4.4818
1	121	74	118.732	74.575	2.33988
1	121	74	119.407	76.3208	2.81469
1	121	74	119.838	78.5753	4.72063
1	121	74	123.441	77.5177	4.28189
1	121	74	117.74	78.7113	5.72936
1	121	74	123.848	75.5546	3.24484
1	121	74	120.606	77.1944	3.21864
1	121	74	107.929	66.311	15.1644
1	121	74	125.147	79.6941	7.04405
1	121	74	110.784	97.1735	25.3255
1	121	74	115.907	80.0332	7.89577
1	121	74	139.734	86.5016	22.5224
1	121	74	116.727	76.0824	4.7538
1	121	74	115.008	97.3875	24.1428
1	121	74	97.2578	63.671	25.8917
1	121	74	107.42	67.179	15.1971
1	121	74	123.937	73.6831	2.95389
1	121	74	126.197	73.7115	5.20451
1	121	74	116.926	77.3409	5.26859
1	121	74	119.058	74.2753	1.96153
1	121	74	126.197	80.9047	8.64222
1	121	74	116.665	77.7977	5.76302
1	121	74	125.586	76.6891	5.31601
1	121	74	126.506	73.3469	5.54492
1	121	74	118.603	76.0789	3.17254
1	121	74	120.915	79.1645	5.16519
1	121	74	124.035	75.0902	3.22483
1	121	74	121.428	76.2739	2.31385
1	121	74	122.785	74.3325	1.81566
1	121	74	141.839	82.4568	22.4897
1	121	74	120.368	75.0234	1.20305
1	121	74	120.296	75.4363	1.5997
1	121	74	109.212	71.775	11.9957
1	121	74	119.246	74.3428	1.78704
1	121	74	125.774	74.7892	4.83927
1	121	74	110.943	95.7975	24.0058
1	121	74	117.336	74.8962	3.77224
1	121	74	123.314	76.4687	3.38357
1	121	74	125.927	72.8528	5.05909
1	121	74	122.255	74.4386	1.32903
1	121	74	120.978	75.2114	1.21157
1	121	74	117.91	82.9138	9.43412
1	121	74	125.491	73.6117	4.50747
1	121	74	125.601	79.2806	7.00372
1	121	74	120.491	78.7341	4.7614
1	121	74	127.008	78.265	7.36788
1	121	74	128.017	74.1672	7.01927
1	121	74	121.792	85.9434	11.9697
1	121	74	121.598	72.0559	2.03412
1	121	74	122.875	75.0425	2.14493
1	121	74	119.556	78.9075	5.11564
1	121	74	132.434	87.5425	17.7239
1	121	74	118.702	77.691	4.3481
1	121	74	118.681	75.4725	2.74729
1	121	74	123.23	76.5903	3.41824
1	121	74	118.02	77.0278	4.24807
1	121	74	119.217	79.826	6.09273
1	121	74	118.297	75.4338	3.06009
1	121	74	126.286	75.0218	5.38347
1	121	74	117.213	77.42	5.10297
1	121	74	120.505	75.5125	1.59134
1	121	74	122.791	79.586	5.86622
1	121	74	125.476	75.7616	4.81013
1	121	74	122.778	72.2685	2.48167
1	121	74	120.509	72.9464	1.1622
1	121	74	117.412	86.12	12.6399
1	121	74	118.505	76.3065	3.39769
1	121	74	124.759	75.8859	4.20565
1	121	74	114.559	86.742	14.2774
1	121	74	114.08	75.324	7.04509
1	121	74	127.141	72.4867	6.32454
1	121	74	127.411	76.5463	6.89787
1	121	74	117.484	76.5458	4.3408
1	121	74	121.875	73.0219	1.31245
1	121	74	123.677	71.7738	3.48173
1	121	74	129.796	72.929	8.86116
1	121	74	123.486	76.3991	3.45507
1	121	74	120.471	75.5337	1.62238
1	121	74	95.8323	62.7663	27.561
1	121	74	119.264	74.1101	1.73987
1	121	74	119.888	73.6483	1.16644
1	121	74	121.49	76.0938	2.1503
1	121	74	125.609	73.8252	4.61243
1	121	74	126.963	76.1146	6.32673
1	121	74	118.754	76.4619	3.33275
1	121	74	126.165	72.9134	5.27777
1	121	74	122.266	74.6997	1.44675
1	121	74	130.227	78.0673	10.0832
1	121	74	124.828	74.82	3.91449
1	121	74	125.519	75.6903	4.82448
1	121	74	121.274	74.2574	0.376105
1	121	74	117.464	76.8513	4.54242
1	121	74	118.578	75.8435	3.04351
1	121	74	124.797	80.2621	7.32339
1	121	74	104.848	65.9935	18.0277
1	121	74	125.063	77.007	5.0543
1	121	74	123.841	76.5733	3.83355
1	121	74	124.046	71.1145	4.1959
1	121	74	133.547	90.4116	20.6582
1	121	74	126.032	72.581	5.22822
1	121	74	114.514	84.1798	12.0707
1	121	74	124.719	77.6063	5.18018
1	121	74	124.313	74.8287	3.41534
1	121	74	121.33	78.1298	4.14291
1	121	74	123.638	78.6932	5.38387
1	121	74	120.591	74.8704	0.961907
1	121	74	121.78	77.5769	3.66091
1	121	74	119.766	72.2449	2.14542
1	121	74	118.693	77.5711	4.2513
1	121	74	142.296	83.4866	23.3137
1	121	74	123.754	77.7029	4.61449
1	121	74	125.205	73.4936	4.23521
1	121	74	122.72	74.3289	1.75163
1	121	74	119.589	74.5381	1.51013
1	121	74	123.715	76.2238	3.5095
1	121	74	116.652	78.8791	6.53529
1	121	74	142.191	84.5566	23.6749
1	121	74	119.447	77.4203	3.75651
1	121	74	124.882	76.469	4.60064
1	121	74	119.154	72.1553	2.60988
1	121	74	122.332	79.0721	5.24403
1	121	74	120.528	77.1774	3.21218
1	121	74	119.364	73.703	1.66299
1	121	74	127.145	74.1944	6.14786
1	121	74	123.574	74.8442	2.7092
1	121	74	118.624	74.8063	2.50885
1	121	74	121.156	74.24	0.285963
1	121	74	123.615	80.1666	6.69833
1	121	74	118.462	73.9113	2.53943
1	121	74	126.705	75.6789	5.94685
1	121	74	122.843	76.7155	3.28198
1	121	74	118.696	77.5338	4.21877
1	121	74	121.998	78.7407	4.84468
1	121	74	120.446	72.0526	2.02462
1	121	74	125.659	78.9861	6.82373
1	121	74	119.822	77.7071	3.88991
1	121	74	120.047	72.4978	1.77922
1	121	74	111.279	91.8943	20.3642
1	121	74	121.769	77.4618	3.54613
1	121	74	122.269	78.6613	4.83091
1	121	74	116.708	76.333	4.88496
1	121	74	119.577	74.3049	1.45536
1	121	74	124.215	76.8173	4.27498
1	121	74	118.904	75.274	2.45262
1	121	74	120.542	71.4281	2.61243
1	121	74	118.707	77.9499	4.56732
1	121	74	119.82	71.2738	2.97056
1	121	74	117.015	78.1415	5.74724
1	121	74	118.783	75.2142	2.52782
1	121	74	123.786	77.1541	4.20805
1	121	74	118.165	75.1855	3.07276
1	121	74	109.631	68.3989	12.6738
1	121	74	121.996	77.6614	3.79438
1	121	74	122.208	77.0905	3.31832
1	121	74	120.764	77.0982	3.10717
1	121	74	127.572	73.2969	6.60942
1	121	74	120.525	77.3408	3.37438
1	121	74	116.447	73.8329	4.55557
1	121	74	119.209	77.8647	4.25976
1	121	74	119.837	71.1967	3.03486
1	121	74	118.689	74.3693	2.33993
1	121	74	132.56	78.1556	12.2843
1	121	74	126.545	74.3878	5.55902
1	121	74	118.016	76.9799	4.21738
1	121	74	118.379	75.3746	2.95976
1	121	74	118.56	76.172	3.26667
1	121	74	117.406	80.3336	7.28212
1	121	74	117.427	84.0775	10.6922
1	121	74	125.611	76.4889	5.24006
1	121	74	126.836	74.5203	5.85907
1	121	74	120.912	73.7005	0.312222
1	121	74	119.844	77.6361	3.81545
1	121	74	113.804	71.5895	7.58891
1	121	74	115.41	77.7599	6.73708
1	121	74	122.173	74.6221	1.32752
1	121	74	124.365	75.0491	3.52459
1	121	74	118.146	79.0879	5.83365
1	121	74	123.206	73.7821	2.21644
1	121	74	128.182	74.9097	7.23936
1	121	74	118.941	76.0359	2.8959
1	121	74	122.811	78.8066	5.13645
1	121	74	121.915	72.314	1.91819
1	121	74	122.672	78.9528	5.22747
1	121	74	124.659	79.0284	6.21872
1	121	74	122.85	74.6712	1.968
1	121	74	115.7	76.8064	5.99722
1	121	74	126.584	75.9261	5.90698
1	121	74	118.696	75.914	2.99558
1	121	74	126.604	75.4357	5.78498
1	121	74	123.456	71.4941	3.50883
1	121	74	122.017	80.1781	6.26132
1	121	74	122.154	75.6562	2.01837
1	121	74	122.988	71.5765	3.1345
1	121	74	118.975	74.4343	2.07093
1	121	74	127.309	75.5257	6.49134
1	121	74	117.351	78.2325	5.58842
1	121	74	117.568	72.4296	3.7739
1	121	74	119.541	78.6858	4.90775
1	121	74	122.217	75.1081	1.64568
1	121	74	138.221	87.1715	21.6807
1	121	74	120.439	72.7065	1.41007
1	121	74	125.276	74.9187	4.37334
1	121	74	117.392	82.1681	8.92954
1	121	74	122.292	69.4492	4.73053
1	121	74	119.623	75.7955	2.26274
1	121	74	120.673	74.5354	0.627331
1	121	74	119.699	76.4184	2.74589
1	121	74	119.373	78.0541	4.36842
1	121	74	119.095	74.5271	1.9764
1	121	74	117.749	77.8755	5.05856
1	121	74	118.613	75.9226	3.06503
1	121	74	112.025	96.6446	24.3582
1	121	74	117.085	76.6501	4.72784
1	121	74	114.964	76.4876	6.52876
1	121	74	126.883	74.5739	5.91053
1	121	74	117.679	76.6972	4.27863
1	121	74	123.986	79.4236	6.19107
1	121	74	119.705	73.1906	1.52699
1	121	74	117.454	78.3025	5.57532
1	121	74	121.54	74.7872	0.954377
1	121	74	119.711	75.5653	2.02766
1	121	74	49.6723	97.4274	75.0765
1	121	74	121.953	77.1624	3.30299
1	121	74	117.306	75.9423	4.17377
1	121	74	122.095	75.5851	1.92661
1	121	74	123.211	75.0874	2.46413
1	121	74	119.653	77.0735	3.35583
1	121	74	123.812	80.1326	6.74639
1	121	74	119.122	76.4477	3.08523
1	121	74	126.495	76.5543	6.06002
1	121	74	127.663	75.3705	6.8022
1	121	74	122.031	78.807	4.9163
1	121	74	118.373	76.1885	3.41902
1	121	74	126.301	76.5341	5.87525
1	121	74	123.105	81.2572	7.55627
1	121	74	123.423	75.2533	2.72781
1	121	74	124.222	78.7709	5.75694
1	121	74	124.046	75.6478	3.46342
1	121	74	121.629	78.2924	4.33826
1	121	74	119.108	74.279	1.91249
1	121	74	122.014	79.3456	5.44097
1	121	74	114.05	76.1553	7.27669
1	121	74	120.954	71.0189	2.98147
1	121	74	121.896	79.652	5.72262
1	121	74	126.616	74.1324	5.61723
1	121	74	119.376	71.9709	2.59879
1	121	74	118.096	78.4877	5.34532
1	121	74	119.61	75.1716	1.81774
1	121	74	126.767	74.8773	5.83369
1	121	74	141.534	86.5437	24.0618
1	121	74	116.541	76.2963	5.01572
1	121	74	121.758	76.2373	2.36216
1	121	74	116.061	78.3488	6.58096
1	121	74	124.704	78.0298	5.47357
1	121	74	119.399	71.7315	2.7766
1	121	74	120.038	75.3376	1.64772
1	121	74	123.372	72.1727	2.9944
1	121	74	125.664	79.4769	7.19338
1	121	74	122.448	74.1651	1.4578
1	121	74	125.566	76.8309	5.37216
1	121	74	123.734	75.0288	2.92111
1	121	74	112.088	97.2827	24.9299
1	121	74	120.62	78.3745	4.39098
1	121	74	123.666	77.9058	4.72905
1	121	74	124.894	78.3023	5.80314
1	121	74	110.912	90.7473	19.5508
1	121	74	126.201	76.6583	5.8411
1	121	74	120.274	74.0775	0.730608
1	121	74	125.018	75.3431	4.23609
1	121	74	121.632	75.8489	1.95375
1	121	74	121.239	84.4209	10.4237
1	121	74	121.954	79.6601	5.74002
1	121	74	118.618	74.0806	2.38318
1	121	74	121.726	76.6363	2.73443
1	121	74	120.353	78.7265	4.77048
1	121	74	115.103	86.8833	14.1688
1	121	74	130.774	79.8155	11.3731
1	121	74	121.985	73.4092	1.14851
1	121	74	126.492	72.668	5.65134
1	121	74	127.142	76.9897	6.83135
1	121	74	117.377	77.2334	4.85618
1	121	74	119.031	77.4052	3.93336
1	121	74	119.805	77.2705	3.4818
1	121	74	112.883	86.1481	14.6103
1	121	74	127.062	74.0417	6.06249
1	121	74	120.683	74.7956	0.856532
1	121	74	123.903	80.5489	7.16336
1	121	74	118.976	72.6629	2.42563
1	121	74	121.971	83.9797	10.0268
1	121	74	122.557	70.4914	3.83858
1	121	74	122.794	73.1696	1.97669
1	121	74	123.465	74.1782	2.47191
1	121	74	118.343	75.5446	3.07304
1	121	74	122.081	71.6677	2.57068
1	121	74	119.7	76.0715	2.44572
1	121	74	126.133	76.893	5.892
1	121	74	120.95	74.3235	0.327303
1	121	74	120.241	75.1841	1.40673
1	121	74	127.583	73.9945	6.58258
1	121	74	122.227	79.4261	5.56309
1	121	74	124.836	72.5421	4.10387
1	121	74	119.408	74.8499	1.80462
1	121	74	110.279	91.3905	20.4294
1	121	74	118.26	75.0065	2.91859
1	121	74	123.879	75.9306	3.46604
1	121	74	120.53	70.884	3.15128
1	121	74	122.572	78.1576	4.44488
1	121	74	124.252	78.3108	5.40009
1	121	74	118.711	74.4202	2.32683
1	121	74	119.084	77.0748	3.62318
1	121	74	118.482	75.7128	3.04567
1	121	74	134.127	78.2306	13.7919
1	121	74	122.218	80.1728	6.29181
1	121	74	119.149	75.5306	2.40204
1	121	74	106.654	65.0418	16.9133
1	121	74	118.508	83.7485	10.0619
1	121	74	124.485	74.5002	3.52043
1	121	74	126.28	74.151	5.28249
1	121	74	124.183	74.0263	3.18349
1	121	74	125.173	82.0764	9.09093
1	121	74	120.921	69.0741	4.92657
1	121	74	120.262	71.833	2.28916
1	121	74	118.42	76.519	3.6058
1	121	74	115.566	78.0905	6.80156
1	121	74	121.235	71.6335	2.37814
1	121	74	95.9817	54.2826	31.8542
1	121	74	117.681	76.7468	4.30792
1	121	74	123.949	81.1432	7.72805
1	121	74	118.856	77.857	4.41295
1	121	74	119.059	73.4498	2.0177
1	121	74	67.4043	97.4918	58.5181
1	121	74	120.816	80.1385	6.14129
1	121	74	124.947	75.7711	4.32617
1	121	74	118.52	75.3601	2.82849
1	121	74	122.874	79.6205	5.92465
1	121	74	126.214	76.3663	5.72576
1	121	74	113.547	85.9981	14.1246
1	121	74	119.898	76.8668	3.07135
1	121	74	118.602	74.6166	2.47616
1	121	74	120.206	77.8483	3.9294
1	121	74	118.29	76.3817	3.60776
1	121	74	108.47	70.0048	13.1519
1	121	74	126.021	76.6926	5.69748
1	121	74	118.96	77.6011	4.13865
1	121	74	121.718	76.3522	2.45933
1	121	74	92.5574	60.5563	31.4597
1	121	74	120.586	79.1276	5.14426
1	121	74	123.256	73.7239	2.27308
1	121	74	117.673	75.2583	3.55656
1	121	74	118.281	75.2403	2.98892
1	121	74	119.269	75.4743	2.2739
1	121	74	123.65	79.176	5.81487
1	121	74	110.592	91.0492	19.9752
1	121	74	118.645	76.1046	3.15849
1	121	74	124.548	77.9469	5.30726
1	121	74	128.746	74.5532	7.7661
1	121	74	141.486	86.1477	23.8171
1	121	74	122.544	78.8414	5.08157
1	121	74	125.799	76.0309	5.21089
1	121	74	124.276	77.614	4.87816
1	121	74	117.495	77.5867	5.01469
1	121	74	124.987	77.3472	5.20541
1	121	74	118.288	74.5676	2.77106
1	121	74	125.827	72.5082	5.05223
1	121	74	120.781	73.113	0.913762
1	121	74	124.082	73.8131	3.08725
1	121	74	117.225	83.6044	10.3197
1	121	74	121.542	73.8352	0.566096
1	121	74	128.312	73.8135	7.31401
1	121	74	118.365	74.8216	2.76008
1	121	74	121.802	73.5103	0.939916
1	121	74	120.744	78.8351	4.84184
1	121	74	127.573	74.7063	6.61117
1	121	74	118.382	76.069	3.33703
1	121	74	59.3088	97.4295	65.9905
1	121	74	126.281	77.1693	6.15929
1	121	74	126.861	75.4031	6.02682
1	121	74	118.009	79.7694	6.49841
1	121	74	118.602	76.173	3.23614
1	121	74	124.723	75.0292	3.86291
1	121	74	126.906	76.5707	6.44167
1	121	74	111.773	95.7868	23.6603
1	121	74	122.312	74.5358	1.41757
1	121	74	124.965	79.2217	6.55633
1	121	74	125.203	75.0175	4.32394
1	121	74	120.05	78.6626	4.75835
1	121	74	127.474	73.8059	6.4771
1	121	74	123.083	78.7045	5.14484
1	121	74	116.58	75.0264	4.53745
1	121	74	137.869	87.2296	21.4378
1	121	74	127.557	72.8368	6.65966
1	121	74	120.723	74.4567	0.53415
1	121	74	122.492	75.4692	2.09374
1	121	74	109.422	90.1638	19.8826
1	121	74	123.13	76.3736	3.18909
1	121	74	124.743	77.1494	4.89164
1	121	74	119.33	76.6668	3.14625
1	121	74	112.278	90.6325	18.7806
1	121	74	124.261	77.811	5.01555
1	121	74	123.203	73.9119	2.20507
1	121	74	132.478	90.4276	20.0402
1	121	74	119.898	73.592	1.17538
1	121	74	125.77	76.163	5.23794
1	121	74	107.704	86.1711	18.0252
1	121	74	124.4	74.2839	3.41227
1	121	74	120.325	86.4813	12.4995
1	121	74	123.005	75.2958	2.38748
1	121	74	125.719	76.5135	5.34663
1	121	74	119.711	74.4454	1.36347
1	121	74	118.23	74.3104	2.78719
1	121	74	107.502	87.5835	19.1497
1	121	74	115.652	72.4082	5.58009
1	121	74	125.168	78.4758	6.11605
1	121	74	142.2	85.3092	24.0281
1	121	74	120.589	77.8268	3.84886
1	121	74	118.896	76.818	3.517
1	121	74	116.326	75.928	5.05585
1	121	74	116.92	76.1883	4.62971
1	121	74	126.729	77.8775	6.9175
1	121	74	124.925	76.3069	4.55293
1	121	74	119.159	75.184	2.18858
1	121	74	122.267	75.269	1.79328
1	121	74	118.239	75.8113	3.30235
1	121	74	123.02	75.7014	2.64133
1	121	74	125.267	73.268	4.32911
1	121	74	122.129	74.8379	1.40581
1	121	74	119	78.5389	4.95993
1	121	74	121.114	71.4529	2.54968
1	121	74	121.755	79.4895	5.54114
1	121	74	122.078	73.4992	1.18867
1	121	74	117.857	80.2754	7.01867
1	121	74	125.682	73.0027	4.78677
1	121	74	124.064	74.6885	3.1402
1	121	74	126.469	77.6143	6.55567
1	121	74	118.164	77.6602	4.63058
1	121	74	105.166	65.0756	18.1755
1	121	74	123.988	76.4683	3.87587
1	121	74	120.806	71.7371	2.27113
1	121	74	118.997	75.8581	2.73248
1	121	74	118.477	75.7889	3.09307
1	121	74	115.79	77.7045	6.39309
1	121	74	113.176	73.5542	7.83685
1	121	74	126.495	74.5558	5.52352
1	121	74	118.717	74.897	2.45273
1	121	74	119.016	75.4769	2.47364
1	121	74	125.71	73.7899	4.71504
1	121	74	118.353	76.0777	3.36528
1	121	74	128.586	74.4101	7.59745
1	121	74	117.978	75.527	3.38602
1	121	74	120.219	74.0575	0.783506
1	121	74	124.432	74.3239	3.44683
1	121	74	107.15	68.513	14.8972
1	121	74	119.009	75.0442	2.24803
1	121	74	123.507	73.1493	2.64721
1	121	74	119.809	77.0403	3.26522
1	121	74	119.449	74.7963	1.74392
1	121	74	122.221	73.5463	1.30295
1	121	74	123.12	81.1101	7.4194
1	121	74	107.523	93.277	23.521
1	121	74	141.139	86.6438	23.7794
1	121	74	123.603	72.7403	2.89198
1	121	74	123.096	74.1314	2.09983
1	121	74	121.56	76.0732	2.14746
1	121	74	121.349	74.5893	0.684916
1	121	74	114.652	77.4761	7.23718
1	121	74	118.431	76.4684	3.56297
1	121	74	120.168	74.4163	0.9306
1	121	74	122.148	83.4598	9.52922
1	121	74	118.673	78.545	5.10606
1	121	74	119.548	76.4158	2.81855
1	121	74	141.923	85.5674	23.9081
1	121	74	123.857	72.1931	3.38045
1	121	74	120.758	76.843	2.85327
1	121	74	121.826	79.347	5.41041
1	121	74	118.829	75.317	2.5391
1	121	74	120.608	71.9511	2.08597
1	121	74	120.404	79.0993	5.13402
1	121	74	119.473	73.2924	1.68319
1	121	74	119.915	75.4277	1.79293
1	121	74	119.488	81.0009	7.16231
1	121	74	125.65	78.5485	6.50494
1	121	74	125.476	77.8152	5.88099
1	121	74	125.658	75.1134	4.78908
1	121	74	142.079	84.5264	23.5615
1	121	74	117.708	75.3287	3.55015
1	121	74	125.028	72.6432	4.24996
1	121	74	114.052	86.5546	14.3491
1	121	74	119.671	73.8895	1.33387
1	121	74	123.141	71.986	2.9392
1	121	74	125.242	76.7571	5.0594
1	121	74	110.393	72.5123	10.7108
1	121	74	117.441	76.4904	4.34365
1	121	74	121.476	77.6502	3.68111
1	121	74	129.38	82.2093	11.731
1	121	74	119.81	76.9907	3.21861
1	121	74	118.014	74.6824	3.06264
1	121	74	113.785	69.5005	8.50293
1	121	74	124.941	73.062	4.05077
1	121	74	121.104	76.8354	2.83734
1	121	74	120.861	75.1452	1.15357
1	121	74	118.414	74.6724	2.67168
1	121	74	112.471	71.0053	9.0391
1	121	74	118.114	74.9592	3.04099
1	121	74	122.599	75.6017	2.26342
1	121	74	122.827	84.0667	10.2311
1	121	74	142.117	86.1735	24.375
1	121	74	117.663	78.6457	5.71986
1	121	74	121.662	75.9492	2.05846
1	121	74	122.367	74.7993	1.58383
1	121	74	117.697	75.2484	3.53096
1	121	74	124.558	73.8561	3.56101
1	121	74	118.561	74.7601	2.55494
1	121	74	110.204	96.9291	25.3437
1	121	74	141.301	85.9119	23.5381
1	121	74	121.482	73.521	0.679523
