1	121	74	118.194	78.7303	5.50006
1	121	74	121.461	78.0934	4.11936
1	121	74	121.37	77.0152	3.03774
1	121	74	131.449	77.3791	10.9816
1	121	74	121.743	74.4331	0.859968
1	121	74	115.278	80.6071	8.74053
1	121	74	117.848	77.3389	4.59193
1	121	74	132.309	80.4783	13.0332
1	121	74	123.544	46.4981	27.6194
1	121	74	128.464	77.7304	8.34445
1	121	74	116.125	97.4732	23.9741
1	121	74	116.832	82.2775	9.26788
1	121	74	131.226	77.2472	10.7296
1	121	74	129.508	77.9006	9.35958
1	121	74	91.9375	55.1906	34.6182
1	121	74	127.42	79.4607	8.42832
1	121	74	123.397	76.0684	3.16584
1	121	74	105.248	54.9825	24.694
1	121	74	123.742	77.988	4.83982
1	121	74	121.549	75.2854	1.39788
1	121	74	111.091	95.4703	23.6464
1	121	74	119.81	74.8285	1.44994
1	121	74	70.5055	10.7235	80.9544
1	121	74	129.899	72.6322	9.00377
1	121	74	121.427	74.6072	0.742439
1	121	74	63.6093	16.1335	81.4998
1	121	74	127.694	81.3974	9.97671
1	121	74	120.05	74.1097	0.955914
1	121	74	134.82	80.9701	15.4782
1	121	74	118.049	80.3012	6.95783
1	121	74	120.418	75.9032	1.99039
1	121	74	110.251	67.2766	12.6789
1	121	74	124.047	79.5692	6.34836
1	121	74	129.777	70.8639	9.3204
1	121	74	121.984	78.859	4.95754
1	121	74	125.565	79.6111	7.23361
1	121	74	119.6	97.3656	23.4075
1	121	74	121.627	83.8261	9.84608
1	121	74	118.497	76.6513	3.64629
1	121	74	133.333	76.7151	12.6287
1	121	74	56.131	97.4288	68.9703
1	121	74	134.923	71.1258	14.2168
1	121	74	116.946	77.3776	5.27687
1	121	74	127.725	92.6102	19.7881
1	121	74	123.476	78.9341	5.52044
1	121	74	126.243	67.9336	8.01832
1	121	74	118.69	74.1751	2.31665
1	121	74	123.118	76.474	3.25686
1	121	74	115.508	81.2524	9.09701
1	121	74	128.008	78.3842	8.26607
1	121	74	87.9285	66.177	33.9842
1	121	74	122.443	71.3864	2.98543
1	121	74	125.27	69.4884	6.21154
1	121	74	111.57	94.1421	22.2404
1	121	74	52.7883	18.8228	87.7346
1	121	74	119.581	77.2195	3.51851
1	121	74	125.486	78.3357	6.23904
1	121	74	119.728	73.5051	1.36459
1	121	74	121.414	46.1471	27.856
1	121	74	118.841	71.9703	2.9632
1	121	74	127.456	79.6898	8.60552
1	121	74	129.138	74.9321	8.19075
1	121	74	118.081	76.896	4.11151
1	121	74	124.438	75.473	3.74004
1	121	74	116.845	97.4592	23.8243
1	121	74	121.543	71.332	2.72269
1	121	74	118.101	74.8641	3.02489
1	121	74	127.263	81.7195	9.94074
1	121	74	117.306	87.8388	14.3233
1	121	74	116.572	81.8797	9.03854
1	121	74	130.534	75.6665	9.67863
1	121	74	125.424	75.9471	4.83322
1	121	74	131.913	76.9306	11.2997
1	121	74	125.834	67.6368	7.99105
1	121	74	128.457	78.0975	8.50884
1	121	74	120.915	77.6593	3.66029
1	121	74	130.034	71.5274	9.36644
1	121	74	141.118	85.0667	22.9611
1	121	74	115.153	83.584	11.2268
1	121	74	50.603	18.9101	89.3903
1	121	74	123.005	80.8799	7.16598
1	121	74	124.066	77.3316	4.52763
1	121	74	120.335	76.0702	2.17428
1	121	74	94.3578	97.437	35.4838
1	121	74	131.298	82.8018	13.5469
1	121	74	136.296	72.9975	15.3292
1	121	74	140.323	85.5819	22.5286
1	121	74	123.153	82.3681	8.64057
1	121	74	120.989	88.7384	14.7384
1	121	74	130.643	71.6328	9.92915
1	121	74	129.47	79.0577	9.86497
1	121	74	122.064	77.3143	3.48101
1	121	74	130.745	77.8506	10.4786
1	121	74	119.636	78.5704	4.76971
1	121	74	130.002	82.6052	12.4532
1	121	74	122.758	78.5344	4.8633
1	121	74	126.025	72.0187	5.40129
1	121	74	122.414	77.604	3.8714
1	121	74	122.191	86.092	12.1505
1	121	74	126.115	88.3067	15.1935
1	121	74	118.764	77.4725	4.13012
1	121	74	125.213	73.2332	4.28209
1	121	74	121.87	80.3309	6.39034
1	121	74	117.812	85.8721	12.2927
1	121	74	111.772	92.5448	20.7137
1	121	74	129.102	77.6115	8.87005
1	121	74	106.497	97.2762	27.425
1	121	74	130.572	79.8572	11.2216
1	121	74	125.866	68.1844	7.58294
1	121	74	33.3058	28.0494	99.0037
1	121	74	131.315	75.0496	10.3684
1	121	74	119.788	73.326	1.38721
1	121	74	83.6915	56.9932	41.0019
1	121	74	122.223	71.0156	3.22516
1	121	74	119.156	76.3706	3.00337
1	121	74	134.538	75.118	13.5842
1	121	74	123.28	71.8803	3.11348
1	121	74	122.601	84.1959	10.3209
1	121	74	122.845	74.7835	2.00471
1	121	74	121.219	75.8606	1.87345
1	121	74	109.322	97.0774	25.8641
1	121	74	126.545	73.0825	5.62065
1	121	74	67.3564	90.7982	56.2122
1	121	74	110.589	94.9385	23.3841
1	121	74	117.21	76.6469	4.62295
1	121	74	111.319	97.4853	25.4025
1	121	74	131.68	76.3655	10.9391
1	121	74	120.39	84.0871	10.1055
1	121	74	120.707	88.4345	14.4375
1	121	74	126.293	73.873	5.29437
1	121	74	141.759	79.4069	21.4519
1	121	74	116.144	81.5402	8.96872
1	121	74	125.057	80.9804	8.07377
1	121	74	122.535	74.7995	1.73119
1	121	74	116.744	84.244	11.0929
1	121	74	119.376	86.5311	12.6359
1	121	74	70.7522	97.2061	55.3477
1	121	74	108.803	96.4396	25.5402
1	121	74	125.076	80.2544	7.46517
1	121	74	118.462	77.2819	4.14888
1	121	74	126.401	75.3103	5.55774
1	121	74	117.943	77.6649	4.77229
1	121	74	138.054	80.9118	18.4016
1	121	74	129.285	81.529	11.1951
1	121	74	125.289	71.1996	5.12258
1	121	74	97.2263	52.4105	32.1138
1	121	74	115.539	80.9935	8.87332
1	121	74	126.889	72.4205	6.09734
1	121	74	123.014	86.802	12.9595
1	121	74	129.221	42.7474	32.3159
1	121	74	117.992	72.3787	3.41749
1	121	74	128.817	70.6669	8.49823
1	121	74	101.972	86.3709	22.6962
1	121	74	119.488	61.1356	12.9529
1	121	74	136.928	80.2136	17.0966
1	121	74	70.964	94.5537	54.093
1	121	74	124.236	67.9704	6.84288
1	121	74	101.507	64.976	21.4808
1	121	74	95.6026	94.5498	32.6699
1	121	74	120.224	74.5045	0.925421
1	121	74	142.131	82.0436	22.61
1	121	74	122.688	72.5517	2.22442
1	121	74	129.999	82.1524	12.143
1	121	74	119.482	93.8939	19.9517
1	121	74	117.225	91.9428	18.3357
1	121	74	117.697	73.6439	3.32215
1	121	74	116.343	83.4482	10.5335
1	121	74	134.986	77.1087	14.3272
1	121	74	120.927	82.799	8.79926
1	121	74	87.9431	66.1207	33.9829
1	121	74	111.495	97.2541	25.1216
1	121	74	126.32	76.1457	5.73657
1	121	74	119.903	77.9315	4.08173
1	121	74	141.59	84.3965	23.0656
1	121	74	92.8806	97.4367	36.6057
1	121	74	131.205	80.3838	12.0371
1	121	74	130.539	80.0085	11.2739
1	121	74	133.824	71.3583	13.0933
1	121	74	133.328	74.8996	12.3603
1	121	74	126.166	75.3756	5.34588
1	121	74	118.839	73.8543	2.16582
1	121	74	128.947	69.7188	9.02673
1	121	74	31.157	31.213	99.5112
1	121	74	59.874	97.4296	65.4625
1	121	74	95.3578	59.4401	29.4875
1	121	74	133.955	75.5334	13.0453
1	121	74	130.888	84.6601	14.5397
1	121	74	116.188	89.0068	15.7594
1	121	74	119.01	86.3644	12.5234
1	121	74	111.136	94.7631	22.9872
1	121	74	124.856	73.1014	3.95914
1	121	74	123.267	69.6425	4.91208
1	121	74	132.1	81.1351	13.1956
1	121	74	127.738	79.5921	8.75594
1	121	74	128.378	74.5148	7.39588
1	121	74	118.234	92.2825	18.4906
1	121	74	121.753	72.0143	2.12358
1	121	74	130.003	77.5352	9.67208
1	121	74	126.229	92.972	19.6794
1	121	74	115.777	81.7829	9.37297
1	121	74	126.555	72.1589	5.85181
1	121	74	97.6685	66.5849	24.4814
1	121	74	118.228	75.9532	3.39103
1	121	74	110.457	70.706	11.0452
1	121	74	128.926	78.6748	9.20174
1	121	74	131.429	73.8616	10.4299
1	121	74	122.292	46.2783	27.7517
1	121	74	114.793	86.5731	14.0219
1	121	74	136.383	91.3295	23.1718
1	121	74	87.6239	66.146	34.2877
1	121	74	122.819	86.2795	12.4135
1	121	74	119.903	85.3126	11.3657
1	121	74	123.449	88.2643	14.473
1	121	74	121.066	78.8259	4.82635
1	121	74	118.626	74.6375	2.45847
1	121	74	129.139	70.6301	8.80869
1	121	74	140.286	86.1486	22.7931
1	121	74	111.094	91.5033	20.1119
1	121	74	111.046	97.45	25.4752
1	121	74	98.4505	54.5644	29.7695
1	121	74	119.4	45.8448	28.2006
1	121	74	131.791	74.4639	10.8007
1	121	74	116.206	82.208	9.50519
1	121	74	127.906	68.6974	8.70693
1	121	74	118.384	85.2042	11.5056
1	121	74	128.598	75.1644	7.68642
1	121	74	129.929	74.7925	8.96428
1	121	74	110.407	97.3413	25.6327
1	121	74	122.064	79.6616	5.76062
1	121	74	120.206	70.9057	3.19456
1	121	74	127.455	77.9533	7.56937
1	121	74	130.134	91.3471	19.605
1	121	74	126.799	72.0341	6.12336
1	121	74	48.8443	97.4272	75.8635
1	121	74	118.086	77.8397	4.82001
1	121	74	118.978	77.4371	3.98752
1	121	74	121.687	78.5315	4.58335
1	121	74	117.066	84.4875	11.2011
1	121	74	124.835	78.8628	6.19329
1	121	74	126.788	78.3862	7.26211
1	121	74	123.512	76.6033	3.61737
1	121	74	131.819	75.8156	10.9699
1	121	74	128.434	81.3484	10.4526
1	121	74	113.027	75.1263	8.05216
1	121	74	127.231	73.817	6.2336
1	121	74	128.55	67.1739	10.1785
1	121	74	119.959	73.7793	1.06452
1	121	74	120.825	72.2466	1.76206
1	121	74	132.67	90.3396	20.0792
1	121	74	115.408	80.9349	8.90856
1	121	74	128.719	77.5429	8.49366
1	121	74	113.731	97.1653	24.2789
1	121	74	140.138	84.4257	21.7935
1	121	74	128.675	76.9907	8.23732
1	121	74	133.115	74.6296	12.1317
1	121	74	127.351	76.6884	6.89658
1	121	74	52.2606	18.2576	88.5004
1	121	74	95.2614	97.4372	34.8106
1	121	74	134.554	89.9675	20.9442
1	121	74	117.756	45.5902	28.5944
1	121	74	120.022	76.357	2.55185
1	121	74	93.4613	54.7649	33.5912
1	121	74	122.721	87.8252	13.932
1	121	74	114.634	92.9721	20.0116
1	121	74	128.372	71.9761	7.64478
1	121	74	122.197	77.701	3.88968
1	121	74	108.248	96.9236	26.2319
1	121	74	133.37	77.4078	12.8306
1	121	74	62.6701	45.5351	64.9048
1	121	74	96.4005	63.2497	26.846
1	121	74	138.003	80.4283	18.1776
1	121	74	142.213	82.5166	22.859
1	121	74	91.5523	63.8839	31.1369
1	121	74	123.492	61.1884	13.0516
1	121	74	128.168	87.238	15.0542
1	121	74	124.575	89.6329	16.0364
1	121	74	122.475	73.2249	1.66643
1	121	74	128.971	77.7105	8.79213
1	121	74	117.255	81.8813	8.72573
1	121	74	131.316	77.5264	10.9016
1	121	74	140.375	86.3438	22.9728
1	121	74	125.953	81.5546	9.0333
1	121	74	139.36	80.9157	19.619
1	121	74	141.672	84.9459	23.3912
1	121	74	132.075	75.7478	11.2121
1	121	74	117.06	78.377	5.88924
1	121	74	117.607	45.5484	28.6533
1	121	74	134.08	90.2292	20.8443
1	121	74	120.557	77.9266	3.95147
1	121	74	114.073	90.6585	18.0411
1	121	74	123.446	78.3437	4.98505
1	121	74	103.376	93.1985	26.0611
1	121	74	120.09	74.6249	1.10363
1	121	74	131.452	82.4776	13.4581
1	121	74	119.909	85.7967	11.8471
1	121	74	129.257	77.3437	8.9086
1	121	74	119.102	72.9758	2.15644
1	121	74	129.786	73.2505	8.8184
1	121	74	127.209	76.4152	6.6623
1	121	74	142.047	83.7618	23.2004
1	121	74	130.465	71.1032	9.89833
1	121	74	131.561	75.8615	10.7237
1	121	74	118.315	45.633	28.4938
1	121	74	139.802	72.8654	18.8367
1	121	74	141.354	84.7954	23.0394
1	121	74	73.0262	92.8096	51.5294
1	121	74	113.622	95.4677	22.7001
1	121	74	125.011	72.7972	4.18793
1	121	74	133.709	77.7024	13.2377
1	121	74	120.946	73.9736	0.0597876
1	121	74	127.493	78.7253	8.03072
1	121	74	134.316	76.4031	13.5313
1	121	74	70.4105	10.771	80.9765
1	121	74	130.336	72.4001	9.47206
1	121	74	141.238	84.0675	22.6042
1	121	74	123.188	75.026	2.4168
1	121	74	142.188	82.6154	22.8728
1	121	74	55.1562	90.4843	67.8759
1	121	74	121.323	74.4653	0.566279
1	121	74	131.931	80.0117	12.4747
1	121	74	127.3	78.3205	7.63901
1	121	74	123.801	82.5307	8.97884
1	121	74	56.269	97.4288	68.8405
1	121	74	121.787	76.8774	2.98305
1	121	74	120.384	70.4534	3.5998
1	121	74	136.281	74.8843	15.3068
1	121	74	129.326	80.2922	10.4364
1	121	74	122.051	56.0533	17.9774
1	121	74	128.927	76.9852	8.47009
1	121	74	123.608	76.0278	3.30336
1	121	74	126.735	75.2796	5.8762
1	121	74	111.167	97.3522	25.3381
1	121	74	120.875	62.8447	11.156
1	121	74	121.612	73.571	0.747507
1	121	74	87.427	65.9504	34.5245
1	121	74	124.133	80.3613	7.09098
1	121	74	121.155	79.2979	5.30019
1	121	74	117.764	85.0447	11.5091
1	121	74	141.039	83.527	22.1883
1	121	74	121.75	81.3435	7.38165
1	121	74	124.418	92.2803	18.5972
1	121	74	138.774	84.1243	20.455
1	121	74	111.35	90.0841	18.7569
1	121	74	127.63	75.2106	6.73914
1	121	74	122.735	80.5475	6.77339
1	121	74	127.467	76.837	7.06152
1	121	74	120.314	86.668	12.6865
1	121	74	125.82	86.411	13.314
1	121	74	126.772	76.6889	6.36717
1	121	74	127.31	68.2518	8.53535
1	121	74	120.513	46.0167	27.9875
1	121	74	116.725	69.7152	6.05267
1	121	74	120.171	79.4127	5.47587
1	121	74	118.252	78.1094	4.94354
1	121	74	129.722	77.6503	9.4548
1	121	74	94.9853	95.2704	33.6035
1	121	74	120.039	73.226	1.23424
1	121	74	119.561	92.2164	18.2732
1	121	74	122.147	73.9576	1.14753
1	121	74	123.521	62.5692	11.7056
1	121	74	128.765	81.0915	10.5159
1	121	74	142.261	82.5769	22.9256
1	121	74	118.971	74.8322	2.19326
1	121	74	104.023	62.7577	20.3618
1	121	74	130.812	71.7977	10.0562
1	121	74	130.868	69.4059	10.8848
1	121	74	66.151	97.431	59.6441
1	121	74	128.134	64.4997	11.8807
1	121	74	90.5701	88.6184	33.7591
1	121	74	130.259	83.512	13.2742
1	121	74	118.617	78.0646	4.71165
1	121	74	129.573	84.9854	13.9347
1	121	74	130.604	83.2455	13.3312
1	121	74	87.584	66.064	34.3454
1	121	74	122.331	76.7502	3.05517
1	121	74	124.303	75.6681	3.70029
1	121	74	104.611	52.1681	27.2992
1	121	74	130.37	51.7508	24.1417
1	121	74	120.748	72.0608	1.95547
1	121	74	129.367	69.21	9.64152
1	121	74	119.612	74.8169	1.61081
1	121	74	127.533	76.1446	6.87561
1	121	74	117.345	45.5064	28.7272
1	121	74	126.285	83.3496	10.74
1	121	74	120.881	73.3895	0.622038
1	121	74	140.075	86.2271	22.6571
1	121	74	120.884	78.2085	4.21009
1	121	74	119.484	88.1755	14.2563
1	121	74	124.727	72.3153	4.09001
1	121	74	119.911	45.8884	28.1326
1	121	74	123.773	74.6167	2.84119
1	121	74	135.534	48.0932	29.7049
1	121	74	46.8702	20.4169	91.4679
1	121	74	127.285	75.4424	6.44833
1	121	74	116.86	77.1062	5.17537
1	121	74	120.161	70.7289	3.37689
1	121	74	121.397	71.4323	2.59828
1	121	74	139.963	86.4618	22.6913
1	121	74	114.298	72.0564	6.9778
1	121	74	122.638	76.8571	3.29339
1	121	74	117.401	76.1479	4.19162
1	121	74	122.539	71.9332	2.57684
1	121	74	56.8386	97.4289	68.3052
1	121	74	117.875	77.5815	4.75306
1	121	74	115.152	84.1761	11.7367
1	121	74	103.863	94.8958	27.0242
1	121	74	72.1166	12.0454	78.9174
1	121	74	125.357	84.5337	11.3992
1	121	74	118.773	84.4755	10.7096
1	121	74	124.764	67.1934	7.77813
1	121	74	115.401	76.9913	6.34801
1	121	74	118.679	96.9397	23.0569
1	121	74	133.417	43.223	33.1873
1	121	74	133.775	74.1329	12.7761
1	121	74	140.774	84.9119	22.5851
1	121	74	71.3022	11.7926	79.6218
1	121	74	121.994	77.1329	3.28667
1	121	74	128.676	78.9212	9.11839
1	121	74	135.847	76.0961	14.9938
1	121	74	130.078	81.9156	12.0444
1	121	74	133.263	61.3864	17.5924
1	121	74	122.305	81.5713	7.68292
1	121	74	126.971	82.3504	10.2659
1	121	74	118.135	75.189	3.10161
1	121	74	104.915	75.091	16.1223
1	121	74	121.889	73.1617	1.22174
1	121	74	86.6228	62.8888	36.1283
1	121	74	130.436	77.8895	10.2059
1	121	74	120.993	72.4334	1.56659
1	121	74	113.141	97.4409	24.7231
1	121	74	116.228	81.8726	9.20616
1	121	74	129.596	68.9372	9.97652
1	121	74	80.6917	57.6126	43.5122
1	121	74	123.556	72.0001	3.24536
1	121	74	127.814	79.1792	8.55914
1	121	74	136.227	78.3721	15.8423
1	121	74	98.7816	54.791	29.3708
1	121	74	117.382	95.3319	21.6365
1	121	74	121.565	76.3764	2.44266
1	121	74	127.395	70.2478	7.41489
1	121	74	125.162	90.1304	16.6585
1	121	74	132.432	73.5078	11.4425
1	121	74	97.9222	68.4624	23.7329
1	121	74	124.388	67.5299	7.30355
1	121	74	127.175	78.0594	7.38963
1	121	74	129.233	70.4701	8.95792
1	121	74	129.151	75.2892	8.2524
1	121	74	120.228	77.1607	3.2537
1	121	74	129.752	77.8703	9.56991
1	121	74	120.535	75.3431	1.42149
1	121	74	102.745	54.6477	26.6036
1	121	74	102.123	54.5868	27.0779
1	121	74	112.927	97.4894	24.838
1	121	74	132.364	79.1402	12.4728
1	121	74	44.7008	21.121	92.8319
1	121	74	120.678	70.1041	3.90911
1	121	74	123.223	70.1091	4.48116
1	121	74	122.36	74.7813	1.56867
1	121	74	129.207	96.3131	23.7744
1	121	74	124.71	79.2754	6.44905
1	121	74	127.893	87.3547	15.0287
1	121	74	125.334	52.4553	21.9764
1	121	74	130.052	72.8058	9.13074
1	121	74	133.589	51.101	26.1312
1	121	74	124.547	46.6328	27.5961
1	121	74	128.15	86.7905	14.6532
1	121	74	141.97	81.6756	22.331
1	121	74	125.132	79.1745	6.6219
1	121	74	108.179	96.4018	25.8113
1	121	74	117.345	79.6785	6.75317
1	121	74	121.794	80.2542	6.30436
1	121	74	117.031	82.2378	9.14422
1	121	74	124.692	76.5882	4.50916
1	121	74	123.811	72.5886	3.14504
1	121	74	125.82	81.4011	8.83212
1	121	74	109.096	94.5523	23.751
1	121	74	126.073	76.4507	5.63397
1	121	74	123.161	81.0887	7.41083
1	121	74	129.001	75.3241	8.10985
1	121	74	119.821	74.4774	1.27155
1	121	74	71.3327	97.4321	54.9172
1	121	74	122.659	74.3156	1.68906
1	121	74	129.663	81.5186	11.4711
1	121	74	119.105	73.8807	1.89868
1	121	74	121.546	75.5901	1.68125
1	121	74	133.489	76.6107	12.7589
1	121	74	118.212	60.6893	13.5996
1	121	74	128.006	74.6059	7.03226
1	121	74	123.067	72.8621	2.35989
1	121	74	128.083	77.8849	8.07817
1	121	74	133.792	77.7053	13.3177
1	121	74	122.981	80.9261	7.20378
1	121	74	121.527	72.8787	1.23905
1	121	74	120.493	73.4445	0.751801
1	121	74	116.83	74.2724	4.1791
1	121	74	131.592	73.4456	10.6063
1	121	74	139.762	83.5603	21.0569
1	121	74	117.996	86.0289	12.3983
1	121	74	121.143	77.6544	3.65717
1	121	74	134.624	78.8703	14.4684
1	121	74	78.8816	94.2921	46.7518
1	121	74	120.077	73.8877	0.92936
1	121	74	123.122	75.5933	2.65372
1	121	74	112.171	90.8754	19.0456
1	121	74	116.77	97.2765	23.6577
1	121	74	119.01	75.3376	2.39735
1	121	74	124.332	77.3033	4.69186
1	121	74	120.012	72.7938	1.55895
1	121	74	121.005	78.9999	4.99991
1	121	74	118.048	84.9816	11.3715
1	121	74	125.129	79.2501	6.67911
1	121	74	135.813	79.4382	15.78
1	121	74	44.9585	21.0168	92.6797
1	121	74	124.726	75.3614	3.96684
1	121	74	125.392	79.077	6.71313
1	121	74	127.097	50.7697	24.017
1	121	74	110.841	90.2072	19.1282
1	121	74	125.884	79.5803	7.41593
1	121	74	130.242	74.3255	9.24793
1	121	74	130.746	76.8823	10.1633
1	121	74	88.751	66.0146	33.223
1	121	74	125.602	87.1437	13.9261
1	121	74	48.2746	97.4271	76.4056
1	121	74	117.018	75.4365	4.23324
1	121	74	126.712	80.139	8.3852
1	121	74	102.295	97.4386	29.9875
1	121	74	138.431	79.4588	18.2661
1	121	74	114.997	93.6957	20.5902
1	121	74	99.7635	55.076	28.4448
1	121	74	134.237	73.3953	13.2504
1	121	74	120.494	77.9007	3.93339
1	121	74	127.775	72.8969	6.86434
1	121	74	111.002	97.4354	25.4789
1	121	74	125.435	68.8437	6.80134
1	121	74	141.351	84.5451	22.9207
1	121	74	127.298	77.5107	7.2104
1	121	74	123.086	89.2341	15.3762
1	121	74	119.736	76.3933	2.70648
1	121	74	118.22	74.0713	2.78042
1	121	74	92.8543	58.6335	32.0672
1	121	74	131.998	74.8982	11.0345
1	121	74	117.121	82.9558	9.75968
1	121	74	125.531	79.0935	6.81701
1	121	74	134.933	76.9163	14.2348
1	121	74	118.881	73.5919	2.15762
1	121	74	142.299	83.1003	23.1617
1	121	74	120.782	73.191	0.837838
1	121	74	131.737	73.9161	10.7376
1	121	74	123.491	63.1256	11.1561
1	121	74	134.067	77.0903	13.4271
1	121	74	122.504	73.1276	1.73833
1	121	74	121.054	74.462	0.465128
1	121	74	117.913	77.6737	4.79871
1	121	74	109.672	94.4691	23.3948
1	121	74	120.146	88.1865	14.2122
1	121	74	111.636	96.3288	24.2127
1	121	74	58.327	93.4883	65.6331
1	121	74	120.608	74.4822	0.621586
1	121	74	90.2468	64.6468	32.1441
1	121	74	101.256	79.7348	20.5603
1	121	74	123.525	80.4093	6.8888
1	121	74	142.19	83.7583	23.3288
1	121	74	120.624	75.7597	1.79941
1	121	74	116.01	60.9305	13.9897
1	121	74	120.302	73.3947	0.923965
1	121	74	86.0584	66.3208	35.7755
1	121	74	137.239	84.0628	19.104
1	121	74	117.683	79.4638	6.39208
1	121	74	104.564	54.0654	25.8365
1	121	74	132.313	73.4006	11.3286
1	121	74	69.8758	11.0213	81.1172
1	121	74	117.884	74.9237	3.24974
1	121	74	110.657	96.7043	24.9493
1	121	74	87.4372	66.1369	34.4716
1	121	74	110.185	88.8933	18.4057
1	121	74	118.629	61.6832	12.543
1	121	74	120.127	76.8776	3.00704
1	121	74	126.785	73.7213	5.79217
1	121	74	138.305	48.546	30.7795
1	121	74	88.3745	66.007	33.5903
1	121	74	101.305	74.6789	19.707
1	121	74	123.217	71.1703	3.5949
1	121	74	114.919	80.9047	9.20063
1	121	74	127.572	67.5874	9.1819
1	121	74	120.231	77.7131	3.7919
1	121	74	119.304	76.1139	2.70986
1	121	74	101.38	91.737	26.4486
1	121	74	119.545	73.8637	1.46096
1	121	74	119.724	72.716	1.81006
1	121	74	123.076	89.9745	16.1089
1	121	74	128.342	79.3159	9.06478
1	121	74	124.818	68.55	6.65419
1	121	74	127.418	83.8181	11.7297
1	121	74	117.182	83.3753	10.1229
1	121	74	105.72	59.1805	21.2859
1	121	74	106.15	67.7072	16.1287
1	121	74	122.488	82.1523	8.28703
1	121	74	116.24	76.9171	5.58275
1	121	74	121.424	77.2286	3.25632
1	121	74	86.2043	64.5873	36.0464
1	121	74	121.116	89.7329	15.7334
1	121	74	96.8316	71.0407	24.3489
1	121	74	120.571	46.0459	27.9574
1	121	74	132.1	77.9545	11.7836
1	121	74	120.564	72.6241	1.44346
1	121	74	108.973	96.1764	25.2279
1	121	74	126.395	72.6263	5.56737
1	121	74	141.665	76.8929	20.8664
1	121	74	135.508	75.1606	14.554
1	121	74	121.906	76.026	2.21959
1	121	74	122.339	73.6853	1.37588
1	121	74	114.652	81.4989	9.82508
1	121	74	125.209	79.556	6.97059
1	121	74	124.389	75.1528	3.57984
1	121	74	124.817	73.5726	3.84134
1	121	74	122.547	72.083	2.46337
1	121	74	94.0385	53.4533	33.8982
1	121	74	102.324	61.3142	22.5769
1	121	74	141.72	76.9498	20.9289
1	121	74	125.174	78.0664	5.82723
1	121	74	126.384	78.1617	6.80475
1	121	74	150.052	88.6598	32.5412
1	121	74	130.864	76.9545	10.2967
1	121	74	116.989	78.8473	6.29134
1	121	74	128.109	75.0692	7.1891
1	121	74	128.631	74.4356	7.64314
1	121	74	131.234	73.7112	10.2385
1	121	74	116.058	82.7957	10.0889
1	121	74	82.9226	85.517	39.7811
1	121	74	109.673	95.8319	24.5953
1	121	74	120.677	74.6754	0.748555
1	121	74	128.882	73.8083	7.8841
1	121	74	137.504	85.466	20.0961
1	121	74	125.717	75.8849	5.07967
1	121	74	121.835	82.2716	8.31365
1	121	74	132.559	73.7777	11.5612
1	121	74	121.291	90.0996	16.1022
1	121	74	128.99	82.8709	11.9385
1	121	74	136.862	74.158	15.863
1	121	74	117.491	77.12	4.69513
1	121	74	88.9634	64.6967	33.36
1	121	74	119.353	71.9705	2.61381
1	121	74	131.643	70.1294	11.325
1	121	74	122.861	80.2068	6.47981
1	121	74	132.245	77.5954	11.8055
1	121	74	122.969	69.0391	5.33741
1	121	74	122.528	73.1941	1.72785
1	121	74	127.227	76.6733	6.7769
1	121	74	126.637	70.9797	6.39518
1	121	74	123.265	77.8354	4.45432
1	121	74	128.713	71.7769	8.02686
1	121	74	120.087	95.5808	21.6002
1	121	74	113.351	72.7646	7.74852
1	121	74	121.658	71.4944	2.59056
1	121	74	116.132	82.7984	10.0553
1	121	74	105.573	84.3302	18.5663
1	121	74	111.867	97.3734	25.0945
1	121	74	127.231	73.6607	6.23976
1	121	74	125.128	86.1026	12.7873
1	121	74	124.64	86.5494	13.0667
1	121	74	130.031	91.4121	19.6149
1	121	74	129.952	79.3086	10.4073
1	121	74	127.178	75.9593	6.48114
1	121	74	122.019	75.0325	1.45061
1	121	74	131.685	80.3935	12.4519
1	121	74	121.26	84.3035	10.3068
1	121	74	142.172	76.7423	21.3493
1	121	74	126.904	75.6697	6.13535
1	121	74	93.8671	52.2488	34.7752
1	121	74	118.87	74.5312	2.19529
1	121	74	133.938	70.975	13.2866
1	121	74	124.063	71.2397	4.12304
1	121	74	115.861	76.4766	5.70472
1	121	74	128.978	81.2679	10.7922
1	121	74	119.966	77.414	3.56712
1	121	74	104.817	72.7744	16.229
1	121	74	138.936	85.7939	21.4659
1	121	74	136.336	79.8846	16.4258
1	121	74	98.0143	97.4377	32.8279
1	121	74	118.604	75.4855	2.81871
1	121	74	117.31	78.2223	5.60776
1	121	74	96.1084	67.7689	25.6596
1	121	74	114.175	74.7061	6.86155
1	121	74	124.892	86.9564	13.5283
1	121	74	115.361	80.7849	8.82238
1	121	74	107.198	96.055	26.0178
1	121	74	132.925	72.3747	12.0351
1	121	74	117.145	84.5626	11.244
1	121	74	123.271	70.3783	4.27471
1	121	74	127.759	78.5375	8.14087
1	121	74	123.886	81.9936	8.49855
1	121	74	128.53	68.8634	9.11481
1	121	74	115.359	76.8163	6.3049
1	121	74	126.94	75.4476	6.11343
1	121	74	62.4944	45.1941	65.2126
1	121	74	119.482	88.082	14.1635
1	121	74	121.712	76.5656	2.6627
1	121	74	108.65	97.249	26.3257
1	121	74	132.185	73.303	11.2066
1	121	74	126.416	82.736	10.2789
1	121	74	121.25	73.6759	0.409322
1	121	74	120.154	73.6911	0.9007
1	121	74	116.111	75.4206	5.0908
1	121	74	141.579	84.3274	23.0252
1	121	74	119.253	79.42	5.69478
1	121	74	70.3115	10.8204	80.9999
1	121	74	107.297	96.1164	26.0175
1	121	74	128.827	77.3363	8.50814
1	121	74	116.377	77.8506	6.01689
1	121	74	137.086	84.019	18.9514
1	121	74	133.517	78.7671	13.394
1	121	74	115.746	58.5418	16.3267
1	121	74	124.513	74.3231	3.52809
1	121	74	129.682	78.3324	9.70334
1	121	74	123.218	72.5824	2.63269
1	121	74	137.534	79.4811	17.4191
1	121	74	135.138	76.8405	14.4202
1	121	74	120.467	76.676	2.7285
1	121	74	123.534	68.2862	6.25025
1	121	74	95.1315	97.4371	34.9067
1	121	74	132.469	80.6029	13.2338
1	121	74	122.298	69.5066	4.67716
1	121	74	130.961	76.764	10.3373
1	121	74	126.527	70.5233	6.52998
1	121	74	127.643	71.658	7.04403
1	121	74	133.13	90.1944	20.2333
1	121	74	123.281	76.1109	3.1082
1	121	74	117.363	81.9271	8.72148
1	121	74	110.099	96.0975	24.6399
1	121	74	120.051	72.9979	1.38028
1	121	74	52.0586	97.4279	72.8134
1	121	74	120.471	46.0166	27.9884
1	121	74	70.0404	10.9552	81.0649
1	121	74	118.793	86.5339	12.7266
1	121	74	134.493	73.8211	13.4942
1	121	74	121.173	69.0975	4.90551
1	121	74	127.23	82.5114	10.5477
1	121	74	120.797	69.2338	4.77055
1	121	74	125.221	74.9584	4.32811
1	121	74	127.549	76.3493	6.95794
1	121	74	120.417	46.0163	27.9897
1	121	74	121.787	69.8537	4.22026
1	121	74	136.728	72.4941	15.7996
1	121	74	139.983	84.8284	21.8546
1	121	74	118.589	74.8362	2.55227
1	121	74	94.4702	96.2817	34.6455
1	121	74	126.237	82.5411	10.0186
1	121	74	117.943	45.5906	28.5734
1	121	74	122.15	76.9885	3.20219
1	121	74	122.712	66.1	8.08345
1	121	74	130.162	73.034	9.21312
1	121	74	127.194	74.2833	6.20039
1	121	74	70.8459	10.5526	80.8764
1	121	74	119.226	78.2437	4.59952
1	121	74	125.425	86.9001	13.638
1	121	74	122.195	88.2302	14.2803
1	121	74	113.532	81.7949	10.7952
1	121	74	118.822	85.9751	12.1715
1	121	74	109.099	95.1931	24.3062
1	121	74	121.005	74.635	0.63502
1	121	74	121.581	81.4185	7.44127
1	121	74	123.08	80.4367	6.76435
1	121	74	142.241	83.2964	23.1866
1	121	74	110.876	92.8761	21.4198
1	121	74	134.525	43.4099	33.4466
1	121	74	134.333	77.1447	13.6993
1	121	74	129.274	71.0191	8.79493
1	121	74	120.655	76.5646	2.58764
1	121	74	122.367	71.4029	2.9347
1	121	74	123.622	69.0057	5.64072
1	121	74	123.904	77.5719	4.60361
1	121	74	122.909	70.4208	4.05655
1	121	74	141.23	61.4053	23.83
1	121	74	134.734	74.734	13.7532
1	121	74	120.425	72.1859	1.90312
1	121	74	129.321	82.4666	11.8709
1	121	74	129.719	78.0346	9.60761
1	121	74	104.169	56.6353	24.1831
1	121	74	130.612	77.2063	10.133
1	121	74	123.399	78.1663	4.8074
1	121	74	129.085	70.4535	8.82877
1	121	74	121.097	76.7376	2.73928
1	121	74	131.504	76.2948	10.7515
1	121	74	118.715	75.7121	2.85562
1	121	74	118.906	76.791	3.48938
1	121	74	120.294	77.516	3.5862
1	121	74	127.63	76.0666	6.94415
1	121	74	123.086	75.4523	2.54159
1	121	74	127.38	75.3397	6.5192
1	121	74	121.584	74.0745	0.589127
1	121	74	120.557	72.1358	1.91607
1	121	74	135.21	76.0417	14.3561
1	121	74	118.956	84.5266	10.7233
1	121	74	101.757	54.3449	27.5065
1	121	74	106.693	97.1557	27.2191
1	121	74	112.321	96.4999	24.1158
1	121	74	135.173	75.1881	14.2224
1	121	74	114.683	81.1151	9.51486
1	121	74	130.985	75.6925	10.1275
1	121	74	117.902	75.6269	3.49913
1	121	74	123.656	77.4728	4.37183
1	121	74	127.642	81.5045	10.0219
1	121	74	135.508	47.6986	30.0372
1	121	74	118.804	74.3405	2.22224
1	121	74	117.035	66.0166	8.91372
1	121	74	106.836	94.9615	25.2985
1	121	74	109.719	95.4063	24.1969
1	121	74	125.844	79.2635	7.15301
1	121	74	123.334	70.8978	3.88229
1	121	74	130.148	77.2211	9.69827
1	121	74	124.282	77.4969	4.79572
1	121	74	119.325	75.745	2.41873
1	121	74	119.863	71.2854	2.94293
1	121	74	137.067	80.9001	17.4855
1	121	74	119.785	75.5484	1.96812
1	121	74	114.148	81.6967	10.3045
1	121	74	125.506	79.8074	7.35071
1	121	74	126.313	79.0699	7.34364
1	121	74	121.607	71.2909	2.77621
1	121	74	117.706	78.0256	5.20138
1	121	74	108.829	92.1814	21.8792
1	121	74	115.362	80.8754	8.89138
1	121	74	126.85	73.3337	5.88822
1	121	74	119.499	78.8449	5.07209
1	121	74	135.17	88.444	20.234
1	121	74	114.898	85.1892	12.7447
1	121	74	124.759	64.612	10.1125
1	121	74	133.024	73.549	12.0325
1	121	74	126.479	80.3557	8.39158
1	121	74	123.278	79.2747	5.74576
1	121	74	122.416	84.0187	10.1183
1	121	74	127.344	89.5593	16.8029
1	121	74	120.14	73.7351	0.899649
1	121	74	123.134	88.172	14.3317
1	121	74	130.477	76.393	9.77464
1	121	74	126.474	93.1925	19.958
1	121	74	114.248	97.4868	24.4381
1	121	74	122.274	70.2234	3.98556
1	121	74	111.209	94.0862	22.3454
1	121	74	87.9367	60.542	35.6974
1	121	74	126.565	79.8707	8.08927
1	121	74	117.292	80.919	7.84993
1	121	74	55.7701	97.4287	69.3098
1	121	74	118.684	75.4338	2.72349
1	121	74	95.1105	97.4371	34.9223
1	121	74	93.5139	58.6421	31.4857
1	121	74	133.145	80.6796	13.8607
1	121	74	115.853	76.8325	5.8747
1	121	74	132.08	75.0491	11.1299
1	121	74	119.07	83.0961	9.29857
1	121	74	125.043	74.1619	4.04611
1	121	74	123.295	84.0363	10.2955
1	121	74	127.536	73.2844	6.57483
1	121	74	130.62	82.5354	12.8605
1	121	74	122.258	84.3763	10.4522
1	121	74	112.458	93.6488	21.4252
1	121	74	126.688	79.8305	8.14577
1	121	74	115.315	81.9389	9.76466
1	121	74	119.71	73.5298	1.37338
1	121	74	119.788	75.1142	1.64655
1	121	74	122.825	69.288	5.0531
1	121	74	120.544	82.3335	8.34595
1	121	74	119.651	77.4628	3.71619
1	121	74	134.961	76.1682	14.1285
1	121	74	106.207	57.0643	22.4868
1	121	74	126.322	75.4477	5.51541
1	121	74	123.552	86.1966	12.4607
1	121	74	123.783	70.6664	4.34253
1	121	74	122.816	80.7762	7.01533
1	121	74	126.8	72.9878	5.88792
1	121	74	133.31	72.5203	12.3983
1	121	74	119.391	76.6606	3.10902
1	121	74	121.535	85.4181	11.4307
1	121	74	116.481	82.7726	9.86793
1	121	74	121.081	74.6202	0.625462
1	121	74	127.492	72.6259	6.63599
1	121	74	120.282	72.7044	1.48145
1	121	74	129.868	78.4338	9.91481
1	121	74	117.152	71.9367	4.36587
1	121	74	131.976	75.4771	11.0753
1	121	74	132.273	75.3332	11.3513
1	121	74	135.018	84.4158	17.4644
1	121	74	116.766	77.9589	5.79631
1	121	74	119.064	73.9597	1.93677
1	121	74	85.0853	64.1184	37.2493
1	121	74	44.1727	21.3347	93.1454
1	121	74	129.07	76.431	8.42775
1	121	74	139.961	86.3664	22.637
1	121	74	54.8056	97.4285	70.2182
1	121	74	116.013	82.3845	9.75532
1	121	74	116.374	77.1115	5.57477
1	121	74	115.812	64.7283	10.6244
1	121	74	126.418	80.6426	8.57207
1	121	74	133.712	78.8497	13.6061
1	121	74	121.392	68.8036	5.21115
1	121	74	105.059	95.2251	26.5445
1	121	74	105.569	95.6834	26.6137
1	121	74	102.291	54.5743	26.9702
1	121	74	127.65	77.1184	7.34522
1	121	74	119.737	73.6159	1.32054
1	121	74	119.033	45.76	28.3084
1	121	74	124.65	68.6033	6.51504
1	121	74	127.917	71.6152	7.31651
1	121	74	126.525	74.302	5.53357
1	121	74	119.347	74.927	1.89559
1	121	74	123.714	74.7945	2.82768
1	121	74	106.149	96.6624	27.0951
1	121	74	103.713	54.5429	26.0276
1	121	74	118.513	83.3766	9.70075
1	121	74	131.268	73.6498	10.274
1	121	74	128.108	75.2327	7.21416
1	121	74	131.841	82.6703	13.8814
1	121	74	132.254	78.7334	12.2087
1	121	74	123.191	75.4436	2.62365
1	121	74	125.37	88.6588	15.2963
1	121	74	122.066	80.4557	6.54311
1	121	74	125.975	83.9672	11.1399
1	121	74	110.226	91.8526	20.8516
1	121	74	131.744	72.9397	10.7962
1	121	74	113.47	92.1024	19.6062
1	121	74	127.923	70.2673	7.86553
1	121	74	125.61	75.4833	4.843
1	121	74	121.204	68.4557	5.54809
1	121	74	127.572	73.5963	6.58443
1	121	74	121.902	69.3713	4.71572
1	121	74	129.468	79.5163	10.1065
1	121	74	125.892	78.3126	6.52156
1	121	74	120.612	87.5056	13.5111
1	121	74	126.871	79.908	8.32874
1	121	74	94.1441	59.7595	30.3979
1	121	74	123.956	72.8078	3.18778
1	121	74	104.872	54.9555	24.9559
1	121	74	126.27	73.8886	5.27072
1	121	74	128.528	73.7434	7.53257
1	121	74	118.214	45.6328	28.5037
1	121	74	127.071	75.6185	6.28259
1	121	74	127.05	72.9901	6.13367
1	121	74	120.452	94.865	20.8722
1	121	74	114.284	82.3408	10.7084
1	121	74	133.068	75.4242	12.1515
1	121	74	103.959	97.4465	28.9849
1	121	74	130.033	71.9639	9.2596
1	121	74	125.583	73.9065	4.58422
1	121	74	126.087	75.6108	5.33576
1	121	74	118.936	72.5789	2.50596
1	121	74	120.248	85.3599	11.3847
1	121	74	114.521	83.0843	11.158
1	121	74	122.898	74.8807	2.09216
1	121	74	49.0729	97.4272	75.6462
1	121	74	114.118	96.3359	23.372
1	121	74	117.516	80.7128	7.56289
1	121	74	129.79	85.9502	14.8348
1	121	74	119.471	86.227	12.3222
1	121	74	100.03	93.0891	28.3571
1	121	74	125.382	79.2545	6.84179
1	121	74	123.452	76.1382	3.25341
1	121	74	122.024	77.0095	3.1789
1	121	74	119.844	74.4238	1.23098
1	121	74	134.531	71.8716	13.6974
1	121	74	134.378	78.0201	13.9689
1	121	74	114.945	85.8572	13.3135
1	121	74	121.477	74.0255	0.477941
1	121	74	117.475	83.0243	9.68842
1	121	74	121.854	69.6021	4.48014
1	121	74	115.598	80.8693	8.73903
1	121	74	119.5	86.9214	13.0081
