1	121	74	121.496	77.9786	4.00941
1	121	74	102.942	97.4388	29.5886
1	121	74	120.513	72.8132	1.28301
1	121	74	122.454	76.9714	3.30792
1	121	74	121.091	72.9856	1.01846
1	121	74	121.43	74.6341	0.766002
1	121	74	122.11	77.131	3.3221
1	121	74	109.927	70.2729	11.6839
1	121	74	119.316	75.9046	2.54239
1	121	74	138.08	84.8282	20.2234
1	121	74	107.662	97.3741	26.912
1	121	74	122.235	77.0979	3.33507
1	121	74	122.244	74.7678	1.46183
1	121	74	138.385	84.1086	20.1101
1	121	74	120.086	74.7648	1.19177
1	121	74	122.179	75.5492	1.9471
1	121	74	119.669	78.0545	4.26741
1	121	74	137.951	85.2197	20.3273
1	121	74	121.66	76.1302	2.22992
1	121	74	121.203	77.4407	3.44665
1	121	74	119.153	74.1303	1.8517
1	121	74	119.865	75.1554	1.61951
1	121	74	119.527	75.8884	2.39472
1	121	74	109.751	97.4846	26.0399
1	121	74	120.77	73.8162	0.294016
1	121	74	124.696	74.5169	3.73179
1	121	74	120.919	76.4349	2.43624
1	121	74	117.194	73.5512	3.83247
1	121	74	122.897	74.0085	1.89685
1	121	74	121.529	72.928	1.19545
1	121	74	121.967	73.933	0.969498
1	121	74	118.989	76.3889	3.12241
1	121	74	122.165	74.2034	1.18259
1	121	74	122.169	72.7205	1.73297
1	121	74	140.627	85.5517	22.7743
1	121	74	107.94	97.359	26.7622
1	121	74	103.699	90.6118	23.9851
1	121	74	123.677	73.5974	2.70731
1	121	74	123.476	76.1083	3.25224
1	121	74	104.368	85.8791	20.439
1	121	74	121.519	77.7764	3.81198
1	121	74	121.114	75.6632	1.66708
1	121	74	120.788	75.849	1.86103
1	121	74	122.12	74.0534	1.12132
1	121	74	119.114	74.832	2.06133
1	121	74	120.258	74.7899	1.08341
1	121	74	119.398	76.3331	2.8303
1	121	74	120.174	74.3048	0.880891
1	121	74	121.244	72.3185	1.69916
1	121	74	122.285	73.7904	1.30243
1	121	74	123.087	75.4086	2.51768
1	121	74	122.433	79.4746	5.65904
1	121	74	126.692	66.9663	9.04847
1	121	74	69.6794	89.0435	53.48
1	121	74	119.669	74.8834	1.59782
1	121	74	105.294	87.9225	20.9886
1	121	74	112.893	72.6986	8.21037
1	121	74	121.214	75.0786	1.09959
1	121	74	122.241	74.9934	1.58956
1	121	74	120.696	74.3647	0.475017
1	121	74	122.9	73.4492	1.97788
1	121	74	122.947	74.1225	1.95058
1	121	74	133.501	81.9571	14.819
1	121	74	123.751	74.8055	2.8669
1	121	74	120.937	73.9566	0.0768858
1	121	74	124.719	74.5372	3.75795
1	121	74	122.466	74.2219	1.48221
1	121	74	120.057	75.3599	1.65495
1	121	74	123.535	75.1482	2.78297
1	121	74	107.699	97.3896	26.9068
1	121	74	117.895	75.9124	3.64696
1	121	74	123.027	75.1248	2.31805
1	121	74	118.5	75.3955	2.86342
1	121	74	123.931	73.3774	2.99667
1	121	74	119.711	76.448	2.76666
1	121	74	120.096	72.63	1.64121
1	121	74	74.3347	87.4762	48.5722
1	121	74	120.61	73.7779	0.448754
1	121	74	120.397	74.7448	0.958049
1	121	74	122.938	76.8079	3.41163
1	121	74	122.035	72.4682	1.84869
1	121	74	122.137	74.4277	1.21469
1	121	74	123.676	74.3963	2.7047
1	121	74	120.14	71.792	2.36975
1	121	74	118.28	75.4172	3.06691
1	121	74	123.603	74.3991	2.63329
1	121	74	119.329	76.5153	3.01962
1	121	74	120.359	75.5169	1.64658
1	121	74	120.923	76.005	2.00645
1	121	74	124.66	74.6447	3.71629
1	121	74	109.031	95.7713	24.8445
1	121	74	120.398	75.1644	1.31075
1	121	74	122.425	74.5703	1.53471
1	121	74	118.172	75.7775	3.33983
1	121	74	121.531	74.5935	0.796206
1	121	74	124.482	73.9825	3.48173
1	121	74	140.113	85.5269	22.3202
1	121	74	120.889	73.772	0.253499
1	121	74	123.589	74.3134	2.60816
1	121	74	104.495	89.2084	22.4434
1	121	74	95.8011	97.4373	34.4136
1	121	74	120.634	75.0621	1.12335
1	121	74	118.913	75.9607	2.8632
1	121	74	119.719	74.721	1.46983
1	121	74	121.131	75.5369	1.54245
1	121	74	118.687	76.161	3.16515
1	121	74	124.45	74.1245	3.45195
1	121	74	121.067	72.3633	1.638
1	121	74	118.968	75.8782	2.76687
1	121	74	117.776	76.2332	3.9217
1	121	74	119.324	76.3012	2.84697
1	121	74	122.678	77.6114	3.98219
1	121	74	118.77	76.3753	3.2582
1	121	74	120.04	73.2251	1.23373
1	121	74	122.083	78.1236	4.26354
1	121	74	127.654	78.1725	7.85427
1	121	74	122.083	75.6422	1.96729
1	121	74	122.807	77.1944	3.67019
1	121	74	122.861	75.6541	2.48985
1	121	74	122.54	74.831	1.75032
1	121	74	124.172	73.9272	3.17327
1	121	74	122.58	75.4737	2.16067
1	121	74	124.159	74.7324	3.24323
1	121	74	120.056	76.1143	2.31554
1	121	74	119.913	77.1341	3.31726
1	121	74	123.221	76.1411	3.08489
1	121	74	121.931	76.2023	2.39116
1	121	74	119.023	76.3375	3.0612
1	121	74	119.364	74.656	1.76275
1	121	74	116.02	83.4565	10.6875
1	121	74	123.202	75.2334	2.5243
1	121	74	120.223	72.2284	1.93435
1	121	74	119.031	74.8024	2.12666
1	121	74	121.595	74.4492	0.74518
1	121	74	122.239	76.9977	3.24354
1	121	74	120.041	74.1427	0.969962
1	121	74	118.535	74.8404	2.60387
1	121	74	120.854	76.5771	2.58124
1	121	74	121.727	73.8988	0.734323
1	121	74	119.263	75.7406	2.45935
1	121	74	123.757	73.9509	2.75781
1	121	74	122.286	74.2197	1.30445
1	121	74	104.599	97.4391	28.6074
1	121	74	120.764	73.6453	0.42579
1	121	74	138.345	83.9657	20.0038
1	121	74	122.935	74.1207	1.93879
1	121	74	120.295	75.1368	1.33775
1	121	74	119.881	73.8134	1.1346
1	121	74	123.019	73.7697	2.03234
1	121	74	119.404	76.2042	2.72114
1	121	74	123.695	74.9316	2.85177
1	121	74	121.594	74.37	0.700118
1	121	74	121.723	75.1874	1.38999
1	121	74	119.886	75.2454	1.67068
1	121	74	118.823	76.2467	3.12827
1	121	74	122.831	75.2498	2.21652
1	121	74	119.883	76.155	2.42749
1	121	74	121.309	73.4053	0.670098
1	121	74	109.588	97.3484	25.9882
1	121	74	119.316	75.0543	1.98672
1	121	74	120.538	76.3568	2.40157
1	121	74	123.534	75.3668	2.87886
1	121	74	124.586	74.5787	3.63258
1	121	74	114.875	82.4573	10.4424
1	121	74	117.971	75.6288	3.4388
1	121	74	116.924	72.8722	4.22906
1	121	74	109.419	95.4493	24.3761
1	121	74	119.647	75.4291	1.96814
1	121	74	106.329	95.8135	26.2882
1	121	74	118.702	76.3708	3.30188
1	121	74	121.952	74.0614	0.954178
1	121	74	120.14	74.0571	0.86159
1	121	74	124.391	74.9697	3.52725
1	121	74	122.074	73.9479	1.07546
1	121	74	122.375	76.8062	3.12518
1	121	74	118.744	74.5873	2.33126
1	121	74	122.072	78.1027	4.2404
1	121	74	120.934	76.5145	2.51537
1	121	74	121.456	74.0597	0.459485
1	121	74	121.086	76.7955	2.79677
1	121	74	124.023	78.6298	5.52903
1	121	74	112.135	95.476	23.2337
1	121	74	120.808	74.5773	0.608558
1	121	74	116.873	72.1385	4.52698
1	121	74	119.623	74.1704	1.38799
1	121	74	133.545	80.5185	14.1373
1	121	74	112.871	93.3612	20.9986
1	121	74	118.812	74.8402	2.34388
1	121	74	121.328	73.8542	0.359099
1	121	74	118.987	76.6215	3.30532
1	121	74	123.537	73.0286	2.71657
1	121	74	123.056	75.2059	2.38391
1	121	74	121.467	76.918	2.95518
1	121	74	118.818	74.3681	2.21292
1	121	74	123.608	75.3525	2.93772
1	121	74	120.5	75.6956	1.76771
1	121	74	121.606	75.2424	1.38247
1	121	74	122.765	76.4366	3.00888
1	121	74	109.573	97.4091	26.0494
1	121	74	120.765	77.0851	3.09406
1	121	74	102.848	97.4387	29.6455
1	121	74	120.542	75.7581	1.8169
1	121	74	120.66	75.6086	1.6441
1	121	74	106.808	97.4611	27.4195
1	121	74	123.384	76.5816	3.51398
1	121	74	121.696	76.598	2.68974
1	121	74	119.662	76.112	2.50038
1	121	74	120.497	75.98	2.04298
1	121	74	117.524	71.4386	4.31764
1	121	74	106.937	90.784	21.8967
1	121	74	119.552	76.8698	3.21443
1	121	74	119.061	74.3161	1.96485
1	121	74	119.473	75.6051	2.21565
1	121	74	120.766	71.8956	2.11741
1	121	74	122.063	74.1585	1.07461
1	121	74	123.426	74.929	2.59744
1	121	74	120.368	76.5468	2.62402
1	121	74	121.45	77.5173	3.54593
1	121	74	120.504	74.2896	0.574683
1	121	74	121.55	76.8819	2.93385
1	121	74	119.838	74.4235	1.23668
1	121	74	123.153	76.1377	3.03429
1	121	74	118.949	76.3942	3.15244
1	121	74	78.3066	47.8382	50.0716
1	121	74	122.952	75.1237	2.25211
1	121	74	120.787	76.8425	2.85045
1	121	74	141.816	85.4443	23.7542
1	121	74	121.892	77.0907	3.21687
1	121	74	119.156	77.027	3.54426
1	121	74	120.098	73.9497	0.90318
1	121	74	123.026	75.243	2.37702
1	121	74	120.181	74.1611	0.834378
1	121	74	123.111	76.4148	3.20761
1	121	74	120.61	74.2557	0.466033
1	121	74	123.746	74.8836	2.88489
1	121	74	119.739	73.7844	1.27958
1	121	74	124.864	74.0158	3.86404
1	121	74	122.242	77.1649	3.3997
1	121	74	122.502	73.8644	1.5083
1	121	74	121.089	74.1553	0.178869
1	121	74	120.743	74.9608	0.994577
1	121	74	114.169	73.4803	6.85096
1	121	74	121.162	77.8897	3.89303
1	121	74	120.93	77.3254	3.3261
1	121	74	105.634	93.3177	24.6835
1	121	74	108.559	97.304	26.417
1	121	74	119.835	76.4343	2.69893
1	121	74	123.211	73.2972	2.32007
1	121	74	121.897	76.4255	2.58611
1	121	74	124.286	74.5644	3.33446
1	121	74	119.208	74.6385	1.90278
1	121	74	99.0117	78.7705	22.4999
1	121	74	121.931	75.1277	1.46209
1	121	74	122.262	77.6912	3.90113
1	121	74	118.18	76.1751	3.56114
1	121	74	121.21	74.4689	0.513845
1	121	74	122.796	76.371	2.97425
1	121	74	121.006	76.7729	2.77287
1	121	74	122.773	75.1952	2.13819
1	121	74	121.445	75.8758	1.92795
1	121	74	122.425	74.3821	1.47497
1	121	74	122.027	77.2591	3.41695
1	121	74	121.932	74.5692	1.09172
1	121	74	123.2	74.5196	2.26033
1	121	74	116.548	75.4005	4.66755
1	121	74	119.389	74.8673	1.82957
1	121	74	118.264	76.7133	3.85325
1	121	74	108.207	97.3779	26.6495
1	121	74	121.311	74.3702	0.483598
1	121	74	123.582	76.129	3.34656
1	121	74	106.776	90.63	21.8835
1	121	74	137.478	84.7869	19.6945
1	121	74	120.244	76.0328	2.16873
1	121	74	123.226	77.0975	3.8146
1	121	74	123.721	74.3708	2.74643
1	121	74	118.502	75.4449	2.88585
1	121	74	119.034	75.4192	2.42439
1	121	74	114.495	84.1978	12.096
1	121	74	108.916	97.3466	26.2883
1	121	74	122.216	72.68	1.795
1	121	74	121.987	75.2355	1.58151
1	121	74	124.047	73.9084	3.04845
1	121	74	118.41	75.4763	2.98148
1	121	74	122.892	75.0064	2.14288
1	121	74	119.228	76.0788	2.73142
1	121	74	107.706	96.4956	26.1302
1	121	74	119.607	72.7515	1.87089
1	121	74	120.708	74.0671	0.300073
1	121	74	120.82	74.0618	0.190668
1	121	74	123.278	75.1359	2.54537
1	121	74	119.754	72.7395	1.7724
1	121	74	122.49	76.7324	3.11213
1	121	74	122.563	73.8888	1.56701
1	121	74	120.497	76.6469	2.69435
1	121	74	122.043	74.9659	1.42119
1	121	74	119.152	75.1212	2.16191
1	121	74	117.943	75.9886	3.64689
1	121	74	123.857	74.8951	2.99416
1	121	74	119.795	76.9678	3.20315
1	121	74	103.46	87.2541	21.9846
1	121	74	121.202	72.4047	1.60806
1	121	74	120.721	74.1262	0.306556
1	121	74	112.195	71.1138	9.26575
1	121	74	119.431	76.2554	2.7474
1	121	74	120.433	74.1262	0.580812
1	121	74	119.111	76.707	3.30109
1	121	74	72.0843	60.1459	50.8398
1	121	74	124.084	74.7199	3.16734
1	121	74	109.207	97.4524	26.2505
1	121	74	119.988	75.1167	1.50725
1	121	74	120.364	75.4019	1.53925
1	121	74	121.493	74.1823	0.525225
1	121	74	121.281	74.2015	0.34568
1	121	74	118.105	76.1051	3.57974
1	121	74	121.703	77.091	3.16993
1	121	74	128.067	65.6422	10.9449
1	121	74	102.889	89.3681	23.7526
1	121	74	106.61	91.0279	22.2942
1	121	74	119.112	74.4077	1.93166
1	121	74	119.178	74.5248	1.89563
1	121	74	109.083	97.4841	26.3346
1	121	74	107.447	97.3822	27.026
1	121	74	122.914	75.2896	2.30786
1	121	74	125.987	75.9185	5.3431
1	121	74	124.725	75.0223	3.86248
1	121	74	124.036	75.2338	3.27749
1	121	74	123.119	74.0648	2.11954
1	121	74	120.403	76.9901	3.04914
1	121	74	119.874	72.5873	1.80646
1	121	74	99.0404	97.438	32.1179
1	121	74	118.513	75.2825	2.79853
1	121	74	120.375	75.3848	1.5194
1	121	74	118.535	78.6289	5.24415
1	121	74	122.733	74.9733	1.98803
1	121	74	119.157	74.1198	1.84663
1	121	74	117.945	75.7978	3.54484
1	121	74	123.408	76.1808	3.24841
1	121	74	120.345	76.9792	3.05035
1	121	74	118.114	75.5061	3.2557
1	121	74	119.19	75.85	2.58847
1	121	74	121.803	75.4964	1.69811
1	121	74	119.705	74.6546	1.45091
1	121	74	120.52	77.7302	3.76092
1	121	74	121.2	74.901	0.922878
1	121	74	119.663	76.3233	2.68066
1	121	74	118.374	75.224	2.89706
1	121	74	121.368	76.7422	2.76679
1	121	74	121.464	74.0248	0.464667
1	121	74	121.891	75.1665	1.46782
1	121	74	110.262	97.3602	25.7099
1	121	74	120.499	74.5587	0.750405
1	121	74	121.563	75.4178	1.52562
1	121	74	120.159	76.4811	2.61961
1	121	74	120.602	75.0366	1.11027
1	121	74	122.927	77.4696	3.96879
1	121	74	123.292	76.8522	3.65872
1	121	74	107.872	96.0654	25.6756
1	121	74	119.986	75.1404	1.52607
1	121	74	122.249	77.136	3.37564
1	121	74	120.237	73.5871	0.867622
1	121	74	120.908	72.9174	1.08653
1	121	74	96.657	97.4375	33.792
1	121	74	120.65	75.4245	1.46677
1	121	74	124.108	74.936	3.24573
1	121	74	107.775	97.4833	26.9509
1	121	74	119.952	74.1178	1.05451
1	121	74	120.083	77.3509	3.47409
1	121	74	121.709	76.6794	2.77161
1	121	74	106.236	90.8201	22.3806
1	121	74	110.709	96.0565	24.3393
1	121	74	119.6	76.9957	3.30673
1	121	74	108.177	69.5521	13.5726
1	121	74	121.847	75.5317	1.75011
1	121	74	119.506	74.2532	1.51499
1	121	74	104.575	87.786	21.4438
1	121	74	123.424	77.7965	4.50419
1	121	74	122.316	74.1452	1.32443
1	121	74	121.955	75.4943	1.77331
1	121	74	106.921	97.4066	27.3145
1	121	74	122.235	75.9156	2.27916
1	121	74	123.227	72.8326	2.51403
1	121	74	119.557	72.556	2.04143
1	121	74	110.272	97.4176	25.7578
1	121	74	118.851	74.0855	2.15023
1	121	74	118.844	74.3193	2.17973
1	121	74	105.734	95.386	26.2758
1	121	74	121.782	73.7188	0.830759
1	121	74	53.2447	97.4282	71.6914
1	121	74	120.231	74.8887	1.17541
1	121	74	119.417	74.1327	1.58826
1	121	74	109.305	94.4081	23.5215
1	121	74	122.558	73.5724	1.61582
1	121	74	117.928	76.0314	3.68251
1	121	74	123.431	74.6029	2.50497
1	121	74	122.702	75.3405	2.16664
1	121	74	123.192	74.5561	2.2619
1	121	74	101.116	83.1639	21.8939
1	121	74	118.767	75.4375	2.65566
1	121	74	118.567	75.2676	2.74314
1	121	74	124.881	73.4439	3.92105
1	121	74	118.978	73.9527	2.0228
1	121	74	122.477	77.7178	4.00043
1	121	74	120.163	73.7296	0.879446
1	121	74	120.168	75.2039	1.46319
1	121	74	120.146	74.1243	0.862585
1	121	74	116.432	75.3124	4.75312
1	121	74	120.003	72.4593	1.83541
1	121	74	124.125	74.4637	3.15908
1	121	74	122.274	72.8586	1.7105
1	121	74	122.35	77.3649	3.62548
1	121	74	121.998	74.5135	1.12214
1	121	74	120.67	74.5781	0.665821
1	121	74	118.439	76.27	3.42256
1	121	74	120.285	73.6297	0.804904
1	121	74	106.375	96.585	26.9066
1	121	74	123.591	74.0724	2.59165
1	121	74	120.482	75.1583	1.26884
1	121	74	118.959	75.3246	2.43293
1	121	74	122.933	75.8033	2.64331
1	121	74	105.486	66.6479	17.1679
1	121	74	122.057	76.692	2.89212
1	121	74	120.268	76.8144	2.90803
1	121	74	121.012	73.487	0.513174
1	121	74	119.431	75.2308	1.9945
1	121	74	123.285	76.8993	3.69131
1	121	74	119.588	75.0285	1.74655
1	121	74	122.011	77.5542	3.69531
1	121	74	121.68	77.2753	3.34506
1	121	74	118.908	76.7318	3.44056
1	121	74	109.351	94.2093	23.3262
1	121	74	122.336	76.0806	2.47235
1	121	74	121.042	73.5887	0.413422
1	121	74	119.364	75.1365	1.99177
1	121	74	122.232	74.3947	1.2936
1	121	74	121.64	77.4572	3.51594
1	121	74	124.101	75.8244	3.59747
1	121	74	122.988	76.5521	3.23482
1	121	74	121.491	77.934	3.96458
1	121	74	108.027	95.9576	25.5038
1	121	74	118.161	72.9374	3.03165
1	121	74	137.95	83.2452	19.3078
1	121	74	121.677	74.4883	0.834691
1	121	74	135.577	86.4328	19.1593
1	121	74	105.92	89.3251	21.5
1	121	74	121.397	74.5503	0.678562
1	121	74	122.532	74.6692	1.67218
1	121	74	106.863	92.9582	23.6488
1	121	74	123.731	75.2854	3.01863
1	121	74	121.563	74.4008	0.690856
1	121	74	121.022	75.8905	1.8906
1	121	74	124.122	73.9855	3.12242
1	121	74	122.771	74.5861	1.86541
1	121	74	122.621	78.0303	4.34397
1	121	74	120.652	75.96	1.99062
1	121	74	120.776	73.4092	0.63175
1	121	74	120.586	77.6519	3.67532
1	121	74	117.948	75.9652	3.62984
1	121	74	120.868	71.5929	2.41072
1	121	74	118.137	76.3274	3.68939
1	121	74	121.245	76.4648	2.47691
1	121	74	124.746	74.0243	3.74616
1	121	74	123.931	74.7474	3.02482
1	121	74	120.784	75.0627	1.08446
1	121	74	106.491	92.5094	23.5184
1	121	74	118.814	74.9185	2.37159
1	121	74	120.249	75.4685	1.64958
1	121	74	136.843	77.0097	16.1265
1	121	74	119.678	78.6568	4.8407
1	121	74	104.713	87.7489	21.3144
1	121	74	119.848	76.0739	2.37228
1	121	74	121.895	75.7664	1.97997
1	121	74	120.815	76.6262	2.6327
1	121	74	122.226	77.3093	3.52906
1	121	74	121.388	76.3932	2.42457
1	121	74	118.861	75.1054	2.40755
1	121	74	120.001	73.327	1.20449
1	121	74	122.496	75.3341	2.00473
1	121	74	122.512	74.7178	1.67363
1	121	74	119.005	75.604	2.55999
1	121	74	120.952	75.0592	1.06024
1	121	74	121.068	73.1737	0.82909
1	121	74	122.065	75.6188	1.93752
1	121	74	122.88	74.8887	2.07952
1	121	74	141.295	86.088	23.6221
1	121	74	126.013	74.5988	5.04864
1	121	74	140.363	84.8436	22.1927
1	121	74	119.701	73.998	1.29905
1	121	74	121.568	75.6157	1.71281
1	121	74	118.62	75.8827	3.03474
1	121	74	120.719	75.3872	1.41542
1	121	74	119.646	75.6248	2.11506
1	121	74	122.528	75.6836	2.27343
1	121	74	120.139	75.4295	1.66867
1	121	74	106.091	97.4394	27.7792
1	121	74	121.889	73.532	1.00443
1	121	74	120.616	75.9181	1.95622
1	121	74	111.818	88.2535	16.955
1	121	74	119.047	74.9529	2.17311
1	121	74	119.589	73.6433	1.45517
1	121	74	120.256	73.5582	0.865244
1	121	74	121.15	76.4085	2.4132
1	121	74	122.965	73.8693	1.96943
1	121	74	139.395	83.228	20.5802
1	121	74	105.614	91.5686	23.3534
1	121	74	109.507	69.6269	12.2965
1	121	74	119.672	72.888	1.73206
1	121	74	123.47	73.7897	2.47897
1	121	74	121.044	76.4092	2.40957
1	121	74	120.151	76.7603	2.88782
1	121	74	122.34	74.3019	1.37377
1	121	74	120.655	73.6734	0.474785
1	121	74	106.971	91.3794	22.3352
1	121	74	121.817	78.7346	4.8045
1	121	74	120.781	75.0584	1.08071
1	121	74	123.156	73.3325	2.25726
1	121	74	120.308	77.8898	3.95084
1	121	74	117.418	77.1064	4.74114
1	121	74	123.079	74.6592	2.1808
1	121	74	119.093	73.7821	1.91934
1	121	74	121.295	75.022	1.06376
1	121	74	121.178	76.4854	2.49182
1	121	74	137.86	86.5576	21.0227
1	121	74	120.996	75.1796	1.17962
1	121	74	113.767	69.3506	8.59842
1	121	74	118.486	74.8291	2.64756
1	121	74	121.209	74.7752	0.80276
1	121	74	138.945	84.5694	20.8264
1	121	74	122.095	75.1729	1.60447
1	121	74	119.258	75.3848	2.2252
1	121	74	121.457	75.9009	1.95516
1	121	74	121.17	80.183	6.1853
1	121	74	119.972	72.4285	1.87776
1	121	74	127.042	82.0767	10.0866
1	121	74	111.853	94.775	22.6993
1	121	74	124.246	77.3791	4.68571
1	121	74	45.4057	97.4264	79.141
1	121	74	72.3519	59.0341	50.8981
1	121	74	120.818	74.4592	0.493838
1	121	74	122.274	75.7888	2.19607
1	121	74	122.507	74.5017	1.58868
1	121	74	122.738	73.8583	1.7441
1	121	74	118.923	75.2708	2.43476
1	121	74	109.402	70.1006	12.2355
1	121	74	121.417	74.5619	0.699976
1	121	74	106.743	97.3841	27.3876
1	121	74	121.287	74.3579	0.458752
1	121	74	121.681	75.8754	1.99519
1	121	74	124.267	73.6383	3.28671
1	121	74	119.637	72.5173	2.01428
1	121	74	120.552	76.8791	2.91377
1	121	74	119.527	75.4825	2.09015
1	121	74	120.539	73.2857	0.850039
1	121	74	122.158	74.3965	1.22405
1	121	74	118.431	76.5775	3.63887
1	121	74	123.198	76.5043	3.33222
1	121	74	119.177	75.7169	2.50445
1	121	74	118.336	74.9626	2.83252
1	121	74	122.076	77.249	3.4224
1	121	74	114.088	88.0707	15.6767
1	121	74	116.825	88.4545	15.0454
1	121	74	138.452	83.6406	19.9378
1	121	74	106.95	97.3235	27.2286
1	121	74	118.766	74.6669	2.33177
1	121	74	137.709	84.0068	19.4765
1	121	74	103.538	84.0629	20.1536
1	121	74	122.263	78.3317	4.51201
1	121	74	119.643	75.0609	1.72258
1	121	74	122.584	76.956	3.35363
1	121	74	119.877	74.6318	1.28849
1	121	74	120.948	72.8669	1.13426
1	121	74	121.444	73.3087	0.821537
1	121	74	122.175	75.7907	2.14178
1	121	74	129.306	66.1586	11.4228
1	121	74	124.018	74.4746	3.05472
1	121	74	119.87	75.9309	2.23724
1	121	74	119.383	75.9146	2.50581
1	121	74	107.686	90.7958	21.4327
1	121	74	122.925	77.0696	3.62337
1	121	74	124.534	74.3309	3.54958
1	121	74	122.888	73.5273	1.94638
1	121	74	118.316	75.1931	2.93737
1	121	74	117.597	73.5059	3.43844
1	121	74	123.219	75.4822	2.6685
1	121	74	121.118	75.2124	1.21809
1	121	74	119.885	75.2123	1.64721
1	121	74	124.123	74.3573	3.14353
1	121	74	141.966	85.55	23.9369
1	121	74	119.009	78.3877	4.81843
1	121	74	123.576	75.8001	3.1427
1	121	74	120.493	71.7127	2.3428
1	121	74	120.812	75.6076	1.61865
1	121	74	119.107	74.0442	1.89377
1	121	74	109.994	97.3693	25.8312
1	121	74	119.946	72.7662	1.62271
1	121	74	121.857	74.7006	1.10685
1	121	74	121.352	74.5696	0.669397
1	121	74	122.706	75.9805	2.61409
1	121	74	123.979	75.2838	3.24405
1	121	74	124.429	73.4034	3.48076
1	121	74	118.14	75.9269	3.44868
1	121	74	121.136	74.7665	0.778463
1	121	74	122.972	76.5093	3.19141
1	121	74	120.918	76.7674	2.76862
1	121	74	125.325	75.7427	4.6632
1	121	74	118.874	79.1402	5.56265
1	121	74	121.108	74.7912	0.798578
1	121	74	122.621	74.1757	1.63027
1	121	74	123.56	74.9921	2.74527
1	121	74	121.698	74.3253	0.76995
1	121	74	123.102	75.0999	2.37195
1	121	74	119.487	74.7576	1.69182
1	121	74	122.007	74.054	1.00856
1	121	74	118.123	76.2688	3.66407
1	121	74	120.192	74.062	0.810756
1	121	74	122.188	74.3548	1.23943
1	121	74	107.59	97.419	26.9868
1	121	74	123.498	76.4535	3.50124
1	121	74	120.635	75.4426	1.48803
1	121	74	118.491	76.4652	3.51742
1	121	74	121.687	74.9848	1.20063
1	121	74	121.279	72.3825	1.64133
1	121	74	121.223	75.8716	1.88477
1	121	74	120.527	76.3369	2.38434
1	121	74	127.585	67.3663	9.34679
1	121	74	121.788	77.9145	3.99302
1	121	74	118.824	73.3213	2.27955
1	121	74	123.499	75.2107	2.77652
1	121	74	102.374	97.4386	29.9381
1	121	74	123.628	73.7447	2.64007
1	121	74	121.272	75.4249	1.4506
1	121	74	119.08	74.2368	1.93467
1	121	74	120.541	73.7103	0.543013
1	121	74	121.078	78.0224	4.02317
1	121	74	120.967	76.7847	2.78487
1	121	74	121.22	72.4422	1.57324
1	121	74	121.369	78.5453	4.56031
1	121	74	121.799	74.2373	0.833757
1	121	74	117.963	76.2363	3.77187
1	121	74	120.435	73.189	0.988242
1	121	74	121.376	77.5251	3.54516
1	121	74	121.251	73.5626	0.50412
1	121	74	118.385	76.4978	3.61623
1	121	74	118.78	74.4943	2.27401
1	121	74	121.755	74.6163	0.974597
1	121	74	122.344	73.144	1.59374
1	121	74	121.144	75.726	1.73192
1	121	74	121.076	72.63	1.37212
1	121	74	106.305	95.9037	26.3763
1	121	74	122.963	72.696	2.3568
1	121	74	139.793	85.13	21.8416
1	121	74	121.446	72.133	1.91957
1	121	74	120.026	76.2051	2.41078
1	121	74	110.873	97.471	25.5624
1	121	74	124.532	74.1253	3.5338
1	121	74	114.205	72.565	6.94505
1	121	74	109.484	97.4612	26.1351
1	121	74	120.959	77.0077	3.00801
1	121	74	107.487	97.3114	26.9446
1	121	74	119.438	75.2649	2.01011
1	121	74	121.171	74.1187	0.208124
1	121	74	109.422	95.0175	23.9956
1	121	74	119.748	74.7301	1.44904
1	121	74	121.609	74.285	0.671964
1	121	74	121.247	72.1858	1.831
1	121	74	119.292	75.2797	2.13462
1	121	74	120.509	75.9881	2.04797
1	121	74	123.558	77.6036	4.41892
1	121	74	120.756	74.3895	0.459374
1	121	74	118.776	75.0436	2.45673
1	121	74	121.399	75.2159	1.27975
1	121	74	107.279	95.6148	25.6019
1	121	74	122.328	76.7446	3.04912
1	121	74	106.597	93.7058	24.4084
1	121	74	121.225	75.826	1.83984
1	121	74	118.243	74.7192	2.84943
1	121	74	123.08	75.0806	2.3443
1	121	74	118.587	74.4343	2.45151
1	121	74	118.687	74.8816	2.47502
1	121	74	119.079	74.9709	2.15286
1	121	74	124.01	74.9346	3.15142
1	121	74	122.53	72.9134	1.87647
1	121	74	120.881	75.3368	1.34206
1	121	74	119.933	77.7198	3.86996
1	121	74	120.663	71.2551	2.76552
1	121	74	121.079	74.6796	0.684189
1	121	74	122.348	74.6387	1.49145
1	121	74	120.981	74.68	0.680302
1	121	74	136.221	85.1505	18.8682
1	121	74	118.977	74.3339	2.05083
1	121	74	122.357	76.7334	3.0516
1	121	74	105.692	95.3911	26.3039
1	121	74	110.093	96.6995	25.1838
1	121	74	109.279	97.3224	26.1019
1	121	74	122.975	73.6885	1.99896
1	121	74	121.129	76.3074	2.31105
1	121	74	120.425	73.5512	0.729566
1	121	74	126.999	76.6646	6.56436
1	121	74	107.427	97.3741	27.0292
1	121	74	123.264	76.002	3.02226
1	121	74	107.559	97.4643	27.0415
1	121	74	120.527	72.7946	1.29484
1	121	74	121.787	76.0633	2.20834
1	121	74	121.891	77.7061	3.81166
1	121	74	120.64	74.9513	1.01719
1	121	74	121.074	75.5328	1.53456
1	121	74	122.119	72.6281	1.77032
1	121	74	118.116	81.1436	7.70388
1	121	74	117.685	75.1584	3.51123
1	121	74	121.196	76.5323	2.53989
1	121	74	121.045	77.2228	3.22307
1	121	74	121.057	74.7505	0.752715
1	121	74	122.355	75.9916	2.409
1	121	74	98.3915	97.4378	32.565
1	121	74	121.561	74.3579	0.665105
1	121	74	124.65	74.1784	3.65406
1	121	74	120.286	74.5308	0.889475
1	121	74	120.318	75.7961	1.92132
1	121	74	119.042	74.6307	2.05745
1	121	74	116.372	71.1466	5.43731
1	121	74	121.19	74.7951	0.817554
1	121	74	106.998	97.2989	27.1824
1	121	74	120.072	77.91	4.01867
1	121	74	107.748	97.0623	26.5984
1	121	74	119.908	73.2662	1.31599
1	121	74	120.944	75.3326	1.33377
1	121	74	121.715	75.5714	1.72627
1	121	74	107.306	94.3423	24.522
1	121	74	119.85	74.6013	1.29792
1	121	74	116.567	85.5785	12.3982
1	121	74	118.973	76.3431	3.09794
1	121	74	122.635	74.6397	1.75549
1	121	74	107.982	97.3615	26.7436
1	121	74	119.35	73.0853	1.88683
1	121	74	122.288	74.4109	1.35164
1	121	74	123.229	76.4459	3.30903
1	121	74	121.73	77.8853	3.95325
1	121	74	124.526	74.283	3.53744
1	121	74	121.63	74.5078	0.809225
1	121	74	120.47	75.5875	1.67355
1	121	74	107.825	97.3796	26.8362
1	121	74	100.614	97.4383	31.0637
1	121	74	119.989	72.1778	2.08404
1	121	74	121.628	74.5595	0.840737
1	121	74	109.813	97.4042	25.9405
1	121	74	123.878	76.5634	3.85428
1	121	74	120.563	72.0792	1.96998
1	121	74	108.772	95.3132	24.572
1	121	74	120.311	74.8338	1.08193
1	121	74	122.444	74.1888	1.45606
1	121	74	119.734	76.7105	2.99144
1	121	74	107.316	93.7391	24.0185
1	121	74	106.856	96.5933	26.6555
1	121	74	121.058	72.1831	1.81781
1	121	74	141.777	85.3152	23.6586
1	121	74	119.208	75.4441	2.30162
1	121	74	120.397	72.9807	1.18431
1	121	74	119.793	73.8765	1.21284
1	121	74	122.289	73.4345	1.408
1	121	74	119.592	72.9264	1.77062
1	121	74	120.96	72.5471	1.45342
1	121	74	123.213	75.4327	2.63616
1	121	74	140.973	84.1376	22.3987
1	121	74	115.061	73.7982	5.94253
1	121	74	119.603	75.0222	1.73076
1	121	74	121.618	78.3739	4.41739
1	121	74	122.354	76.1446	2.53602
1	121	74	122.28	76.3573	2.68238
1	121	74	124.575	74.7999	3.66305
1	121	74	122.258	74.5159	1.35941
1	121	74	122.966	74.4233	2.01125
1	121	74	122.068	76.6235	2.83253
1	121	74	120.075	76.3603	2.53503
1	121	74	123.187	76.5955	3.39435
1	121	74	118.41	74.9924	2.77405
1	121	74	120.847	73.4491	0.571714
1	121	74	121.556	75.9712	2.04795
1	121	74	123.146	76.9298	3.63137
1	121	74	122.376	75.608	2.11614
1	121	74	121.035	76.4952	2.49546
1	121	74	121.476	75.3735	1.4538
1	121	74	122.473	73.3671	1.60343
1	121	74	123.205	73.9196	2.20635
1	121	74	122.082	77.1329	3.31448
1	121	74	122.64	74.1089	1.6439
1	121	74	123.044	74.0403	2.0439
1	121	74	121.135	72.6394	1.36736
1	121	74	120.606	72.2155	1.8275
1	121	74	121.071	74.7111	0.714666
1	121	74	119.126	76.261	2.93637
1	121	74	119.337	74.1325	1.66798
1	121	74	118.942	76.6804	3.37922
1	121	74	140.509	84.2898	22.0563
1	121	74	120.434	73.5429	0.727836
1	121	74	121.464	76.0671	2.11863
1	121	74	121.639	75.3325	1.47773
1	121	74	121.457	73.5743	0.624187
1	121	74	121.819	74.5768	1.00198
1	121	74	118.411	76.081	3.32192
1	121	74	122.009	75.6552	1.93866
1	121	74	121.523	73.9309	0.527615
1	121	74	118.065	75.4915	3.29253
1	121	74	107.028	97.3786	27.2355
1	121	74	118.445	75.5967	3.0128
1	121	74	120.141	74.2722	0.900913
1	121	74	122.441	74.9926	1.74976
1	121	74	99.0357	97.438	32.1212
1	121	74	124.929	74.1384	3.93101
1	121	74	118.308	75.2673	2.97531
1	121	74	121.939	77.2738	3.40591
1	121	74	119.073	76.8203	3.41561
1	121	74	123.046	74.7147	2.16771
1	121	74	121.343	74.0698	0.349602
1	121	74	121.284	72.6465	1.38306
1	121	74	122.806	76.9296	3.44171
1	121	74	120.206	73.8572	0.806897
1	121	74	116.997	75.3714	4.2317
1	121	74	118.808	75.7029	2.77609
1	121	74	121.529	74.2106	0.568946
1	121	74	122.322	74.1264	1.32828
1	121	74	122.032	74.5924	1.18952
1	121	74	121.75	74.2243	0.782538
1	121	74	108.033	92.3543	22.4727
1	121	74	123.891	74.9156	3.03297
1	121	74	121.293	75.0438	1.08425
1	121	74	120.174	72.362	1.83473
1	121	74	121.05	74.6628	0.664622
1	121	74	121.217	74.8302	0.858082
1	121	74	122.042	77.2902	3.45122
1	121	74	121.27	76.5456	2.55982
1	121	74	123.014	76.0023	2.83991
1	121	74	121.01	74.4316	0.431752
1	121	74	121.452	74.336	0.563401
1	121	74	70.9673	89.681	52.4325
1	121	74	120.758	73.5991	0.468388
1	121	74	123.7	76.2546	3.51779
1	121	74	121.926	75.8103	2.03322
1	121	74	121.18	76.7631	2.76892
1	121	74	120.027	76.2264	2.42962
1	121	74	122.623	77.1027	3.50163
1	121	74	126.452	76.0756	5.83342
1	121	74	124.553	73.2479	3.63179
1	121	74	122.636	74.5875	1.73851
1	121	74	119.353	76.9987	3.42112
1	121	74	114.019	89.5287	17.0258
1	121	74	118.753	75.5273	2.71691
1	121	74	112.447	70.0449	9.42294
1	121	74	124.086	74.4342	3.11661
1	121	74	123.818	75.3202	3.11157
1	121	74	123.877	76.15	3.59196
1	121	74	122.617	76.9806	3.39091
1	121	74	122.944	74.3829	1.98093
1	121	74	122.833	74.9509	2.06486
1	121	74	123.947	74.2489	2.95726
1	121	74	114.76	83.1132	11.0447
1	121	74	119.3	82.3466	8.51791
1	121	74	117.586	75.2856	3.64794
1	121	74	120.697	77.1277	3.14231
1	121	74	122.984	75.7374	2.6375
1	121	74	120.45	74.2795	0.616917
1	121	74	124.061	77.2719	4.48071
1	121	74	116.973	75.0483	4.16098
1	121	74	123.607	76.6529	3.71928
1	121	74	123.231	74.726	2.34662
1	121	74	121.36	77.1524	3.17291
1	121	74	124.379	74.6754	3.44626
1	121	74	118.923	74.1118	2.07972
1	121	74	122.501	73.7257	1.52602
1	121	74	120.37	74.5713	0.850705
1	121	74	131.476	77.4567	11.0318
1	121	74	118.91	76.1206	2.97723
1	121	74	119.619	75.0537	1.73705
1	121	74	123.007	73.9995	2.00689
1	121	74	109.195	96.4222	25.3399
1	121	74	119.641	75.6428	2.13174
1	121	74	119.823	75.9018	2.23663
1	121	74	120.707	76.7336	2.74924
1	121	74	122.231	76.1974	2.51877
1	121	74	106.522	97.4395	27.5505
1	121	74	121.061	72.1784	1.82266
1	121	74	123.723	74.8256	2.84586
1	121	74	121.005	73.1126	0.887366
1	121	74	119.057	75.1592	2.26282
1	121	74	119.084	74.6898	2.03666
1	121	74	121.148	75.1205	1.13026
1	121	74	138.275	83.9426	19.9319
1	121	74	121.077	75.607	1.60884
1	121	74	117.458	81.4195	8.22169
1	121	74	123.674	75.7725	3.20806
1	121	74	121.641	77.1878	3.25157
1	121	74	109.706	97.4702	26.0463
1	121	74	124.163	75.2441	3.39927
1	121	74	119.657	72.6892	1.87682
1	121	74	115.661	88.7704	15.7057
1	121	74	121.74	77.644	3.71841
1	121	74	121.345	73.6056	0.523995
1	121	74	119.783	74.1539	1.2264
1	121	74	97.2471	97.4376	33.3694
1	121	74	121.316	71.9438	2.08039
1	121	74	127.701	76.1419	7.03474
1	121	74	121.354	78.0113	4.02685
1	121	74	123.162	73.9474	2.16244
1	121	74	122.213	74.0148	1.21276
1	121	74	104.91	89.2511	22.1694
1	121	74	108.614	97.4838	26.5502
1	121	74	124.305	73.7433	3.31486
1	121	74	118.807	74.3993	2.22857
1	121	74	118.068	76.3327	3.74663
1	121	74	121.431	74.9454	1.03923
1	121	74	120.219	72.9245	1.32885
1	121	74	120.54	77.9057	3.93267
1	121	74	123.087	75.2299	2.42285
1	121	74	110.265	97.4847	25.8218
1	121	74	124.561	77.0232	4.67138
1	121	74	118.764	74.9919	2.44593
1	121	74	122.581	77.2411	3.60595
1	121	74	105.202	91.983	23.9365
1	121	74	79.5783	45.6872	50.1734
1	121	74	121.998	73.5544	1.09322
1	121	74	142.045	85.5152	23.9895
1	121	74	122.253	76.012	2.37051
1	121	74	119.938	76.549	2.76159
1	121	74	126.758	66.4191	9.51954
1	121	74	121.163	75.4684	1.47743
1	121	74	140.239	85.969	22.6584
1	121	74	124.5	73.573	3.52582
1	121	74	101.454	87.566	23.7927
1	121	74	138	85.0886	20.2964
1	121	74	121.11	74.5098	0.52148
1	121	74	127.607	65.8412	10.4982
1	121	74	119.365	75.1931	2.02382
1	121	74	122.352	75.4801	2.0049
1	121	74	118.321	76.431	3.61763
1	121	74	119.606	75.386	1.96584
1	121	74	121.608	74.3995	0.727528
1	121	74	104.742	93.7162	25.5552
1	121	74	121.087	76.0155	2.01741
1	121	74	119.181	76.8005	3.33956
1	121	74	107.301	94.4254	24.5938
1	121	74	121.838	75.3814	1.61571
1	121	74	122.594	74.3676	1.63611
1	121	74	104.9	92.8895	24.8198
1	121	74	120.888	73.8812	0.162982
1	121	74	122.351	75.8477	2.28911
1	121	74	122.607	74.3445	1.64355
1	121	74	121.872	73.9942	0.872157
1	121	74	123.13	75.7148	2.73413
1	121	74	124.319	73.8666	3.32218
1	121	74	137.703	84.4412	19.6981
1	121	74	122.236	75.6231	2.04037
1	121	74	122.677	76.8483	3.30552
1	121	74	118.545	74.5975	2.52671
1	121	74	120.524	75.2938	1.37862
1	121	74	121.707	75.1444	1.34523
1	121	74	120.796	76.8928	2.90003
1	121	74	117.252	75.3244	3.97512
1	121	74	121.585	75.158	1.2975
1	121	74	120.827	74.1091	0.204322
1	121	74	120.612	73.7631	0.454295
1	121	74	121.263	74.1183	0.288539
1	121	74	121.529	78.1874	4.2207
1	121	74	124.345	73.4264	3.39345
1	121	74	117.882	76.2183	3.82633
1	121	74	123.513	75.0552	2.72549
1	121	74	121.374	73.1259	0.950811
1	121	74	112.181	70.1425	9.62573
1	121	74	102.023	81.8848	20.55
1	121	74	118.352	75.3342	2.96543
1	121	74	120.88	74.6954	0.705684
1	121	74	123.031	74.5443	2.10233
1	121	74	120.509	74.3913	0.627611
1	121	74	120.476	73.2978	0.876383
1	121	74	122.308	76.3984	2.73199
1	121	74	121.836	78.2719	4.3529
1	121	74	121.365	76.4882	2.51486
1	121	74	123.05	72.8186	2.36581
1	121	74	119.857	73.8897	1.14789
1	121	74	123.834	75.2177	3.08465
1	121	74	105.6	95.4962	26.443
1	121	74	122.015	75.721	1.99783
1	121	74	121.876	75.7753	1.97985
1	121	74	121.812	74.8048	1.14335
1	121	74	123.417	74.9689	2.60408
1	121	74	121.709	79.0815	5.1308
1	121	74	139.896	84.8278	21.7788
1	121	74	118.976	74.5042	2.08563
1	121	74	121.006	74.5788	0.57879
1	121	74	121.891	74.1782	0.908664
1	121	74	105.93	93.1714	24.3856
1	121	74	121.87	74.9858	1.3148
