1	121	74	131.241	81.4156	12.6442
1	121	74	126.802	77.3434	6.69676
1	121	74	116.181	82.1952	9.50706
1	121	74	124.566	69.695	5.5899
1	121	74	125.647	79.9329	7.53593
1	121	74	129.948	73.7806	8.95099
1	121	74	121.056	72.9978	1.00376
1	121	74	122.674	87.4511	13.5548
1	121	74	124.939	78.087	5.67647
1	121	74	122.58	71.1108	3.2932
1	121	74	117.896	82.8887	9.41497
1	121	74	118.962	74.9902	2.26619
1	121	74	117.127	76.4258	4.57024
1	121	74	109.765	80.5046	12.9825
1	121	74	119.945	74.1784	1.07013
1	121	74	118.685	74.3772	2.34522
1	121	74	131.561	70.2581	11.204
1	121	74	86.4262	66.1788	35.4475
1	121	74	116.98	95.2405	21.6175
1	121	74	110.443	95.5004	23.9523
1	121	74	88.0643	66.1225	33.8647
1	121	74	119.602	45.8874	28.1473
1	121	74	127.999	88.1974	15.8288
1	121	74	125.149	91.029	17.5271
1	121	74	120.793	71.4082	2.6001
1	121	74	130.462	81.1809	11.878
1	121	74	113.033	65.2943	11.8007
1	121	74	124.985	72.6418	4.21035
1	121	74	120.628	87.2545	13.2598
1	121	74	115.645	81.4335	9.16121
1	121	74	122.757	72.1165	2.57556
1	121	74	130.382	70.9393	9.86831
1	121	74	126.01	70.2669	6.24771
1	121	74	120.977	76.5479	2.54803
1	121	74	121.358	71.501	2.52448
1	121	74	117.464	45.5066	28.7119
1	121	74	110.978	94.5872	22.8971
1	121	74	125.905	79.0117	7.01259
1	121	74	133.882	87.199	18.4434
1	121	74	120.502	75.3002	1.3924
1	121	74	134.694	89.6074	20.7637
1	121	74	132.044	79.8104	12.4791
1	121	74	137.589	47.8736	30.9479
1	121	74	119.278	45.8026	28.2499
1	121	74	116.344	83.3756	10.4681
1	121	74	133.75	75.0266	12.791
1	121	74	117.312	85.2025	11.7938
1	121	74	127.431	81.1523	9.6186
1	121	74	124.332	81.5489	8.25138
1	121	74	122.801	75.6074	2.4143
1	121	74	129.96	82.8103	12.5661
1	121	74	122.411	75.2084	1.85764
1	121	74	118.528	73.9933	2.47183
1	121	74	119.366	86.7123	12.8168
1	121	74	121.664	73.2237	1.02121
1	121	74	125.079	77.2342	5.20544
1	121	74	112.104	97.4858	25.1142
1	121	74	120.663	88.3394	14.3433
1	121	74	124.873	85.1928	11.844
1	121	74	123.311	70.1799	4.46489
1	121	74	107.932	96.92	26.3839
1	121	74	121.317	83.6077	9.61291
1	121	74	107.96	69.0145	13.9607
1	121	74	122.398	73.7585	1.41869
1	121	74	122.943	77.1444	3.6964
1	121	74	132.015	73.844	11.0162
1	121	74	123.398	78.136	4.78112
1	121	74	122.562	89.3517	15.431
1	121	74	118.533	45.6752	28.432
1	121	74	118.024	72.418	3.37031
1	121	74	124.678	74.5449	3.71844
1	121	74	131.07	75.9597	10.2591
1	121	74	127.984	79.8391	9.10315
1	121	74	131.624	73.6404	10.6305
1	121	74	124.873	87.8252	14.3575
1	121	74	108.925	97.17	26.1277
1	121	74	133.128	50.6796	26.2855
1	121	74	124.578	67.5938	7.33759
1	121	74	117.949	45.5906	28.5728
1	121	74	124.892	75.8925	4.32775
1	121	74	121.483	78.4581	4.48424
1	121	74	127.092	78.2262	7.41442
1	121	74	115.829	72.3686	5.4223
1	121	74	121.959	72.7819	1.55037
1	121	74	129.376	81.6782	11.363
1	121	74	130.113	91.8436	20.036
1	121	74	127.096	79.8054	8.41818
1	121	74	121.93	71.0881	3.05696
1	121	74	118.6	75.896	3.05885
1	121	74	133.547	78.7054	13.4003
1	121	74	131.46	76.6034	10.7796
1	121	74	104.83	65.8223	18.1202
1	121	74	124.76	68.621	6.563
1	121	74	121.828	73.6844	0.886584
1	121	74	119.47	71.6741	2.78403
1	121	74	113.167	74.0577	7.83277
1	121	74	126.066	73.0144	5.1609
1	121	74	119.338	77.3377	3.72879
1	121	74	124.591	83.6017	10.2513
1	121	74	132.258	76.7252	11.5828
1	121	74	117.68	76.9705	4.45485
1	121	74	120.498	70.3096	3.72434
1	121	74	113.202	83.1533	12.0249
1	121	74	119.578	75.1402	1.82271
1	121	74	121.826	88.1332	14.1573
1	121	74	124.562	80.2301	7.17647
1	121	74	140.525	84.2916	22.0716
1	121	74	119.139	73.4057	1.95404
1	121	74	125.854	70.5941	5.93004
1	121	74	123.813	68.0156	6.61273
1	121	74	130.117	75.6171	9.25951
1	121	74	114.436	79.3163	8.44691
1	121	74	118.118	73.1528	3.00403
1	121	74	130.313	80.884	11.5807
1	121	74	129.021	71.029	8.5537
1	121	74	106.532	50.1914	27.86
1	121	74	121.346	70.6795	3.33854
1	121	74	123.66	70.2241	4.61872
1	121	74	119.374	45.8029	28.244
1	121	74	128.271	87.9746	15.7532
1	121	74	119.012	45.76	28.3099
1	121	74	119.44	74.7449	1.72881
1	121	74	122.131	79.7243	5.83487
1	121	74	20.2145	36.0094	107.708
1	121	74	133.697	89.7627	20.2406
1	121	74	55.8116	97.4287	69.2707
1	121	74	111.289	60.7158	16.4553
1	121	74	123.459	76.9482	3.83926
1	121	74	129.141	73.2565	8.17496
1	121	74	119.464	86.9598	13.0504
1	121	74	117.863	77.6015	4.77619
1	121	74	126.727	74.6072	5.75952
1	121	74	129.149	67.7259	10.2847
1	121	74	124.531	90.7342	17.1026
1	121	74	124.619	76.3496	4.31456
1	121	74	54.5592	97.4284	70.4505
1	121	74	123.345	46.4542	27.6454
1	121	74	123.624	74.6356	2.69996
1	121	74	142.168	84.5925	23.6704
1	121	74	67.5725	90.9278	56.0451
1	121	74	124.581	79.0775	6.21312
1	121	74	127.883	82.19	10.6985
1	121	74	126.212	75.8645	5.53507
1	121	74	120.815	75.0753	1.09106
1	121	74	134.681	76.6991	13.9451
1	121	74	116.241	77.4995	5.9074
1	121	74	124.021	79.0558	5.88987
1	121	74	118.67	72.8454	2.59999
1	121	74	135.955	86.5457	19.5207
1	121	74	119.696	73.94	1.30488
1	121	74	141.545	81.0941	21.7352
1	121	74	122.464	71.7975	2.64477
1	121	74	126.213	76.4767	5.771
1	121	74	127.098	82.3746	10.3598
1	121	74	126.277	74.7771	5.33375
1	121	74	122.981	84.1351	10.3269
1	121	74	121.858	86.1402	12.1705
1	121	74	122.933	74.8004	2.09187
1	121	74	118.849	76.7599	3.49929
1	121	74	127.012	74.0063	6.0117
1	121	74	119.416	72.4635	2.20679
1	121	74	121.422	77.6735	3.69767
1	121	74	127.528	71.6002	6.95528
1	121	74	55.5524	97.4287	69.5147
1	121	74	118.081	82.3949	8.88793
1	121	74	119.03	85.8851	12.0472
1	121	74	121.197	71.7114	2.29708
1	121	74	121.841	77.6155	3.71204
1	121	74	128.726	82.2644	11.3131
1	121	74	109.259	95.8474	24.8023
1	121	74	132.282	75.226	11.3487
1	121	74	126.864	79.7386	8.20471
1	121	74	118.757	81.6439	7.96626
1	121	74	116.096	97.4162	23.9242
1	121	74	118.491	73.7665	2.51945
1	121	74	125.699	74.8948	4.78354
1	121	74	104.349	50.635	28.6909
1	121	74	122.345	85.4484	11.5272
1	121	74	105.176	51.371	27.6127
1	121	74	125.883	71.5776	5.451
1	121	74	126.432	75.4188	5.61442
1	121	74	111.136	96.6362	24.6921
1	121	74	132.391	76.5643	11.6765
1	121	74	125.462	73.9498	4.46229
1	121	74	115.698	81.5832	9.25271
1	121	74	141.883	85.5396	23.8596
1	121	74	127.041	88.5462	15.7507
1	121	74	128.891	79.0154	9.34992
1	121	74	113.136	97.4722	24.7546
1	121	74	137.707	78.1385	17.2115
1	121	74	71.4343	11.8009	79.5329
1	121	74	125.235	76.0741	4.71538
1	121	74	95.9584	97.4373	34.2986
1	121	74	130.491	74.6962	9.51672
1	121	74	128.911	72.2788	8.09597
1	121	74	119.952	74.0319	1.04799
1	121	74	127.491	72.7937	6.60214
1	121	74	130.713	74.1306	9.71414
1	121	74	121.323	75.516	1.54995
1	121	74	114.156	84.4856	12.5214
1	121	74	118.282	91.8074	18.0136
1	121	74	135.902	72.6055	14.9668
1	121	74	120.438	75.8961	1.97761
1	121	74	110.664	96.2075	24.4949
1	121	74	118.152	77.0362	4.16263
1	121	74	131.915	90.7174	19.9654
1	121	74	119.951	76.5933	2.79754
1	121	74	116.954	71.1154	4.9687
1	121	74	131.22	83.2819	13.8058
1	121	74	97.3596	69.143	24.1342
1	121	74	121.79	72.4604	1.73057
1	121	74	141.044	85.1789	22.9508
1	121	74	119.596	75.1671	1.82603
1	121	74	119.31	77.3627	3.76325
1	121	74	129.466	69.8648	9.42225
1	121	74	92.745	67.6612	28.9573
1	121	74	126.08	87.7147	14.6253
1	121	74	122.215	79.5953	5.72581
1	121	74	118.867	77.493	4.09288
1	121	74	128.042	77.6482	7.93102
1	121	74	125.775	75.6444	5.05045
1	121	74	118.324	45.6747	28.4514
1	121	74	117.234	82.3074	9.12139
1	121	74	118.145	76.7819	3.98615
1	121	74	123.782	70.7894	4.24858
1	121	74	113.199	93.1742	20.7005
1	121	74	86.7432	66.1144	35.1526
1	121	74	132.339	79.1094	12.4373
1	121	74	120.424	45.9743	28.0316
1	121	74	119.693	80.1291	6.26694
1	121	74	132.023	76.1301	11.2267
1	121	74	117.574	76.5797	4.28887
1	121	74	137.699	73.1236	16.7217
1	121	74	70.1628	10.8944	81.0354
1	121	74	119.893	74.5945	1.25689
1	121	74	87.5171	66.1199	34.3977
1	121	74	115.858	81.2806	8.91315
1	121	74	126.237	75.9624	5.59214
1	121	74	125.496	75.4302	4.71805
1	121	74	141.232	84.6586	22.8682
1	121	74	133.369	76.2974	12.5802
1	121	74	113.117	90.469	18.2585
1	121	74	120.154	88.4776	14.5023
1	121	74	84.669	61.4877	38.4253
1	121	74	112.277	74.8885	8.76779
1	121	74	130.532	71.7924	9.78389
1	121	74	127.468	85.4133	13.1185
1	121	74	134.753	76.4912	13.9767
1	121	74	113.811	76.7438	7.69465
1	121	74	124.329	91.5788	17.8911
1	121	74	123.258	80.2744	6.66849
1	121	74	126.44	78.5698	7.10499
1	121	74	117.283	91.8252	18.2086
1	121	74	120.443	70.204	3.83665
1	121	74	133.432	76.1498	12.6166
1	121	74	53.6774	97.4283	71.2826
1	121	74	121.776	88.6557	14.6762
1	121	74	123.514	77.2993	4.14813
1	121	74	111.287	71.4734	10.0359
1	121	74	124.662	82.2374	9.01465
1	121	74	120.609	78.4056	4.42286
1	121	74	118.331	84.1663	10.5109
1	121	74	119.743	45.8879	28.1402
1	121	74	116.078	60.2083	14.6438
1	121	74	130.381	72.379	9.52045
1	121	74	123.871	75.984	3.48961
1	121	74	119.102	72.6953	2.30315
1	121	74	131.497	78.2413	11.3218
1	121	74	123.701	75.6361	3.15807
1	121	74	123.755	71.9748	3.41927
1	121	74	109.822	79.8804	12.6305
1	121	74	121.84	71.2839	2.84319
1	121	74	120.778	74.807	0.837082
1	121	74	123.111	87.52	13.6839
1	121	74	119.373	73.226	1.80155
1	121	74	127.402	78.6203	7.89505
1	121	74	107.515	96.2837	26.0464
1	121	74	98.8974	91.9439	28.4694
1	121	74	72.2042	90.7657	51.5958
1	121	74	130.245	74.3639	9.25232
1	121	74	106.911	92.1222	22.9548
1	121	74	133.237	77.5499	12.7418
1	121	74	120.915	73.0582	0.945584
1	121	74	121.052	74.6382	0.640309
1	121	74	91.1743	65.748	30.9462
1	121	74	122.557	72.5281	2.14279
1	121	74	98.2523	51.0127	32.3399
1	121	74	118.338	91.4163	17.6186
1	121	74	115.749	81.9551	9.53165
1	121	74	126.858	88.4918	15.6312
1	121	74	118.898	75.825	2.78336
1	121	74	140.033	79.7928	19.8949
1	121	74	120.237	74.3409	0.835609
1	121	74	98.6104	63.8124	24.5984
1	121	74	122.449	78.5561	4.78094
1	121	74	117.1	83.5122	10.2805
1	121	74	123.605	89.1724	15.3944
1	121	74	126.861	85.2864	12.7176
1	121	74	96.1192	54.8489	31.3977
1	121	74	124.719	70.9607	4.80318
1	121	74	120.492	70.9062	3.13513
1	121	74	121.321	72.3589	1.67215
1	121	74	119.44	74.9592	1.83147
1	121	74	125.774	76.9956	5.63558
1	121	74	129.268	72.4148	8.41844
1	121	74	132.309	80.8681	13.2312
1	121	74	119.919	80.1242	6.21888
1	121	74	122.307	70.341	3.88532
1	121	74	50.4334	44.9043	76.3296
1	121	74	131.826	75.4087	10.9176
1	121	74	124.846	74.2525	3.85404
1	121	74	120.807	72.1009	1.90893
1	121	74	122.636	74.0711	1.63764
1	121	74	119.273	86.2464	12.3675
1	121	74	59.9357	43.6464	68.1923
1	121	74	127.978	79.0376	8.60671
1	121	74	72.3973	11.506	79.169
1	121	74	123.754	72.9905	2.93357
1	121	74	118.546	75.7378	3.00691
1	121	74	134.529	89.6545	20.6907
1	121	74	120.398	73.0901	1.09088
1	121	74	123.259	74.7421	2.37768
1	121	74	126.688	75.2517	5.82428
1	121	74	119.551	86.4271	12.5113
1	121	74	137.353	82.8725	18.605
1	121	74	125.562	88.7494	15.4386
1	121	74	120.054	72.0667	2.15214
1	121	74	117.306	76.6016	4.51858
1	121	74	139.951	85.1724	21.9989
1	121	74	117.126	95.3538	21.7024
1	121	74	128.118	72.0544	7.37916
1	121	74	130.16	76.4999	9.4953
1	121	74	130.251	82.6924	12.6937
1	121	74	119.046	87.0718	13.217
1	121	74	114.261	89.976	17.3393
1	121	74	121.904	88.3917	14.42
1	121	74	110.679	95.2533	23.6266
1	121	74	123.849	46.5427	27.6047
1	121	74	133.779	79.2238	13.8055
1	121	74	118.542	45.7169	28.3896
1	121	74	113.63	97.4832	24.6124
1	121	74	118.42	75.4874	2.97796
1	121	74	102.751	55.0564	26.3034
1	121	74	133.724	79.5817	13.8944
1	121	74	117.385	77.7058	5.17687
1	121	74	118.537	75.789	3.04392
1	121	74	141.855	78.1926	21.2726
1	121	74	117.007	82.767	9.63337
1	121	74	141.829	84.1253	23.1592
1	121	74	126.681	76.7272	6.30143
1	121	74	88.4014	66.0047	33.5647
1	121	74	92.6133	60.6822	31.3556
1	121	74	126.466	74.5438	5.49331
1	121	74	53.2834	17.9508	87.9037
1	121	74	122.222	84.6906	10.7602
1	121	74	126.556	80.2067	8.32992
1	121	74	122.89	74.4752	1.94862
1	121	74	98.6992	97.3462	32.2858
1	121	74	126.332	77.2891	6.26506
1	121	74	117.225	65.8216	9.00762
1	121	74	117.688	76.698	4.27144
1	121	74	121.439	84.1122	10.1217
1	121	74	130.255	75.7511	9.41944
1	121	74	119.402	86.8865	12.9853
1	121	74	131.649	78.9404	11.7389
1	121	74	14.2084	36.8299	113.075
1	121	74	110.705	95.5815	23.9113
1	121	74	127.316	77.9361	7.44186
1	121	74	86.9996	66.1783	34.8885
1	121	74	119.653	82.9005	9.00188
1	121	74	118.018	94.9581	21.1691
1	121	74	123.362	87.3852	13.5921
1	121	74	130.665	91.4895	19.9823
1	121	74	120.86	81.932	7.93318
1	121	74	120.235	45.9736	28.0369
1	121	74	126.767	76.3025	6.20971
1	121	74	126.579	65.2806	10.3514
1	121	74	119.606	85.6121	11.6955
1	121	74	127.312	84.564	12.306
1	121	74	114.663	82.7519	10.8054
1	121	74	119.439	74.7955	1.7521
1	121	74	103.894	66.7035	18.5968
1	121	74	113.815	83.929	12.2561
1	121	74	120.844	73.8893	0.191487
1	121	74	138.358	83.5984	19.835
1	121	74	127.601	78.1458	7.79514
1	121	74	124.013	78.8477	5.70773
1	121	74	121.546	71.2274	2.82576
1	121	74	73.1623	90.9515	50.7523
1	121	74	120.994	74.4553	0.455342
1	121	74	142.021	79.3897	21.7006
1	121	74	138.176	48.562	30.6937
1	121	74	119.593	82.0955	8.21686
1	121	74	107.197	50.7396	27.0474
1	121	74	131.288	87.3995	16.8933
1	121	74	118.395	71.8991	3.34664
1	121	74	113.658	96.5037	23.6711
1	121	74	133.093	79.9637	13.4831
1	121	74	114.168	97.4201	24.3961
1	121	74	112.349	97.4859	25.0286
1	121	74	123.3	86.0379	12.2558
1	121	74	125.663	69.7652	6.29892
1	121	74	119.698	75.5729	2.04193
1	121	74	129.878	74.5903	8.89725
1	121	74	125.243	81.6474	8.74555
1	121	74	121.764	62.2833	11.7416
1	121	74	119.48	45.8451	28.1959
1	121	74	125.253	74.9343	4.35426
1	121	74	118.177	75.2492	3.0874
1	121	74	107.679	97.4593	26.9774
1	121	74	118.815	81.5047	7.81624
1	121	74	116.627	83.4506	10.4135
1	121	74	128.441	71.9549	7.71739
1	121	74	135.036	77.7924	14.5392
1	121	74	118.14	85.5889	11.9367
1	121	74	120.549	77.2271	3.25844
1	121	74	117.971	75.0073	3.19163
1	121	74	122.118	83.8315	9.89481
1	121	74	121.85	78.0304	4.11904
1	121	74	120.132	88.8479	14.8732
1	121	74	122.259	77.0997	3.34584
1	121	74	109.151	94.6034	23.7677
1	121	74	130.001	74.0271	9.00106
1	121	74	140.851	84.6442	22.5248
1	121	74	130.238	71.9057	9.47248
1	121	74	132.987	77.0611	12.3721
1	121	74	134.597	72.3856	13.6927
1	121	74	129.255	74.6696	8.28205
1	121	74	111.799	93.6259	21.6759
1	121	74	128.889	78.831	9.25107
1	121	74	127.84	74.2868	6.84612
1	121	74	122.398	78.9203	5.11511
1	121	74	44.6712	21.2349	92.7914
1	121	74	113.984	97.4638	24.4904
1	121	74	118.442	91.4825	17.6686
1	121	74	118.543	74.5588	2.52005
1	121	74	113.539	84.3926	12.7934
1	121	74	116.018	82.3586	9.73049
1	121	74	56.1309	97.4288	68.9704
1	121	74	119.408	74.9961	1.87757
1	121	74	115.239	81.4128	9.38846
1	121	74	108.625	97.4146	26.4839
1	121	74	137.46	72.1535	16.5632
1	121	74	121.673	74.3722	0.769326
1	121	74	115.039	96.3713	23.1518
1	121	74	110.504	96.9614	25.2467
1	121	74	114.288	83.7042	11.7994
1	121	74	118.856	77.3071	3.94106
1	121	74	117.865	76.9743	4.32122
1	121	74	118.564	76.2306	3.30334
1	121	74	121.475	76.1971	2.24776
1	121	74	118.011	81.0512	7.65865
1	121	74	123.788	69.2244	5.52994
1	121	74	118.513	45.7169	28.3923
1	121	74	120.737	83.754	9.75756
1	121	74	126.739	78.2467	7.13923
1	121	74	118.62	45.7171	28.3828
1	121	74	121.658	76.2667	2.36041
1	121	74	116.463	82.6592	9.77602
1	121	74	128.971	78.9692	9.3932
1	121	74	123.876	85.5007	11.8549
1	121	74	102.716	55.1193	26.2831
1	121	74	121.975	88.4475	14.4804
1	121	74	119.991	74.0498	1.00995
1	121	74	124.788	73.288	3.8546
1	121	74	120.486	80.9935	7.01238
1	121	74	121.504	86.8339	12.8438
1	121	74	130.45	78.4777	10.4574
1	121	74	135.77	75.6083	14.8573
1	121	74	126.77	82.0817	9.93025
1	121	74	121.838	90.1894	16.211
1	121	74	122.808	71.1557	3.37025
1	121	74	87.5371	66.0888	34.3853
1	121	74	116.823	81.7216	8.77922
1	121	74	72.8903	11.9073	78.5497
1	121	74	132.681	75.0946	11.732
1	121	74	116.597	74.4384	4.42473
1	121	74	121.944	74.7261	1.19129
1	121	74	132.759	81.6686	14.0387
1	121	74	141.825	78.4604	21.297
1	121	74	119.589	75.3045	1.92162
1	121	74	119.767	45.8879	28.1391
1	121	74	121.084	76.7652	2.76646
1	121	74	109.475	94.7873	23.7685
1	121	74	110.457	91.8562	20.7364
1	121	74	131.081	75.5359	10.1977
1	121	74	127.006	67.9876	8.49823
1	121	74	121.648	72.548	1.59009
1	121	74	131.648	86.2546	16.2342
1	121	74	124.468	70.8781	4.66626
1	121	74	129.538	79.8545	10.352
1	121	74	118.134	78.9658	5.73335
1	121	74	127.905	81.7136	10.353
1	121	74	113.285	86.9011	15.0321
1	121	74	126.86	86.9063	14.1744
1	121	74	118.24	74.8116	2.87661
1	121	74	122.827	70.444	3.99799
1	121	74	86.688	65.8834	35.259
1	121	74	124.875	80.4372	7.51358
1	121	74	124.681	75.2472	3.88674
1	121	74	129.506	76.1043	8.76247
1	121	74	118.514	56.8212	17.3578
1	121	74	120.932	86.3096	12.3098
1	121	74	134.851	72.6814	13.914
1	121	74	29.8817	27.4094	102.339
1	121	74	122.166	71.145	3.08391
1	121	74	115.87	82.8017	10.1874
1	121	74	95.3425	68.143	26.3175
1	121	74	118.946	45.7598	28.3148
1	121	74	133.671	78.4765	13.4382
1	121	74	95.7533	58.8765	29.4298
1	121	74	119.421	87.5798	13.6713
1	121	74	103.396	55.8052	25.3172
1	121	74	120.249	81.8766	7.91229
1	121	74	118.65	77.8847	4.54027
1	121	74	121.905	79.4257	5.50065
1	121	74	44.3426	21.2646	93.045
1	121	74	130.891	74.9591	9.9372
1	121	74	120.505	73.497	0.705449
1	121	74	125.36	81.985	9.09754
1	121	74	128.601	86.8852	14.9601
1	121	74	117.839	45.5904	28.5849
1	121	74	124.445	81.1015	7.89309
1	121	74	140.011	76.8607	19.2248
1	121	74	128.223	82.4575	11.1224
1	121	74	125.962	76.0094	5.35307
1	121	74	26.9804	27.4408	104.916
1	121	74	118.987	79.2231	5.59776
1	121	74	123.575	74.7722	2.68855
1	121	74	116.856	82.9571	9.86933
1	121	74	42.4802	25.3746	92.3569
1	121	74	119.163	82.8322	9.02115
1	121	74	113.174	91.964	19.5945
1	121	74	114.462	94.3427	21.3676
1	121	74	123.781	79.0135	5.73322
1	121	74	124.095	75.4967	3.43831
1	121	74	111.695	95.0438	23.0094
1	121	74	140.823	85.9117	23.1263
1	121	74	100.173	54.6711	28.4141
1	121	74	119.539	86.6696	12.7535
1	121	74	141.686	85.7538	23.7923
1	121	74	118.237	78.4247	5.21666
1	121	74	105.27	51.3377	27.5866
1	121	74	127.248	70.2161	7.30431
1	121	74	117.666	45.5485	28.6462
1	121	74	123.006	84.4366	10.6277
1	121	74	126.951	77.5035	6.90557
1	121	74	130.244	82.2133	12.366
1	121	74	122.04	76.2826	2.50832
1	121	74	122.161	81.3755	7.46636
1	121	74	119.183	83.2476	9.4244
1	121	74	141.234	84.7777	22.9253
1	121	74	107.796	60.6236	18.7955
1	121	74	121.31	74.3742	0.486155
1	121	74	109.663	92.6982	21.8665
1	121	74	125.076	66.6175	8.4329
1	121	74	130.164	74.5382	9.17957
1	121	74	117.855	87.0277	13.4019
1	121	74	118.831	77.2542	3.91058
1	121	74	123.228	77.468	4.12226
1	121	74	125.94	78.5857	6.74001
1	121	74	126.067	63.8812	11.3166
1	121	74	120.759	74.8367	0.870756
1	121	74	122.833	71.2894	3.27213
1	121	74	123.268	75.5145	2.72722
1	121	74	136.632	78.303	16.2138
1	121	74	142.176	83.7223	23.3011
1	121	74	55.9843	97.4288	69.1082
1	121	74	99.7296	66.3665	22.5987
1	121	74	90.1721	65.2032	32.0584
1	121	74	123.581	79.4213	6.00453
1	121	74	122.974	81.4575	7.71445
1	121	74	126.251	78.5832	6.96982
1	121	74	124.989	84.5651	11.2931
1	121	74	127.52	77.3634	7.33621
1	121	74	121.972	79.6734	5.75615
1	121	74	128.335	81.7509	10.6711
1	121	74	133.367	75.3549	12.4406
1	121	74	118.611	45.7171	28.3836
1	121	74	115.447	78.3481	7.05291
1	121	74	133.286	79.906	13.6322
1	121	74	117.941	85.0777	11.4922
1	121	74	123.108	88.5898	14.7412
1	121	74	126.53	82.7514	10.3519
1	121	74	127.148	77.0426	6.85953
1	121	74	121.293	76.5851	2.60164
1	121	74	117.402	85.5611	12.1079
1	121	74	126.092	83.154	10.475
1	121	74	117.656	82.2304	8.8837
1	121	74	107.23	26.7429	49.2224
1	121	74	70.6686	10.6418	80.9167
1	121	74	117.962	77.2127	4.42133
1	121	74	120.281	77.3099	3.387
1	121	74	118.58	75.1188	2.66571
1	121	74	136.217	75.3112	15.2733
1	121	74	103.593	54.0103	26.5061
1	121	74	124.345	73.0592	3.47511
1	121	74	126.253	73.5217	5.27454
1	121	74	120.544	87.7494	13.7569
1	121	74	114.786	97.3932	24.2045
1	121	74	110.186	74.7459	10.8394
1	121	74	125.074	68.6015	6.76344
1	121	74	140.339	84.2295	21.8781
1	121	74	97.1209	97.193	33.2886
1	121	74	124.557	83.5389	10.1805
1	121	74	114.548	70.5984	7.29365
1	121	74	133.163	81.1664	14.117
1	121	74	121.216	75.1494	1.16952
1	121	74	114.973	81.4332	9.56958
1	121	74	110.359	96.1426	24.5667
1	121	74	124.337	68.9126	6.08414
1	121	74	122.008	71.0409	3.12591
1	121	74	131.708	81.0082	12.7978
1	121	74	128.412	69.9473	8.44751
1	121	74	135.059	43.3439	33.7261
1	121	74	109.107	96.3712	25.3361
1	121	74	124.112	77.8424	4.94449
1	121	74	126.795	72.9502	5.88977
1	121	74	52.2572	97.4279	72.6254
1	121	74	123.765	80.2124	6.79984
1	121	74	86.1336	65.989	35.7749
1	121	74	123.194	83.3877	9.64069
1	121	74	133.535	90.469	20.6968
1	121	74	119.061	78.3919	4.80075
1	121	74	118.243	74.4549	2.79425
1	121	74	39.3185	23.0402	96.2745
1	121	74	115.558	81.0096	8.87408
1	121	74	118.052	75.9482	3.53386
1	121	74	131.321	78.4244	11.2292
1	121	74	117.648	76.8178	4.37902
1	121	74	102.178	83.4731	21.0716
1	121	74	95.1443	97.4371	34.8972
1	121	74	111.847	97.4589	25.1813
1	121	74	130.734	69.9355	10.5484
1	121	74	131.876	76.9936	11.2801
1	121	74	125.643	82.7184	9.87774
1	121	74	124.972	71.004	4.97557
1	121	74	133.351	78.4364	13.1238
1	121	74	130.139	61.0339	15.8631
1	121	74	121.18	79.0818	5.08496
1	121	74	88.5832	65.9537	33.4004
1	121	74	141.465	78.786	21.0176
1	121	74	141.553	80.4907	21.5538
1	121	74	120.029	74.1445	0.981466
1	121	74	129.878	74.185	8.88005
1	121	74	122.122	72.0722	2.23075
1	121	74	111.254	95.6494	23.742
1	121	74	141.062	84.0849	22.4539
1	121	74	123.723	78.0325	4.86598
1	121	74	123.497	78.304	4.97565
1	121	74	127.733	73.5923	6.74496
1	121	74	119.51	75.0149	1.8027
1	121	74	92.8358	94.3604	34.753
1	121	74	85.9838	64.152	36.3747
1	121	74	97.1117	69.1055	24.3845
1	121	74	124.808	78.7565	6.09334
1	121	74	125.065	78.7435	6.247
1	121	74	114.872	89.2635	16.4475
1	121	74	130.358	76.8252	9.77531
1	121	74	126.725	57.4936	17.471
1	121	74	121.655	83.7265	9.74853
1	121	74	122.703	80.3733	6.59697
1	121	74	119.882	76.1751	2.44585
1	121	74	118.167	82.8833	9.32407
1	121	74	129.68	78.8066	9.92191
1	121	74	122.629	71.2735	3.17604
1	121	74	123.933	70.9092	4.26077
1	121	74	121.166	73.6471	0.390119
1	121	74	114.429	76.4594	7.01643
1	121	74	115.105	84.9189	12.4084
1	121	74	95.2996	51.9176	33.8842
1	121	74	128.175	73.2764	7.21153
1	121	74	86.3026	66.0924	35.5871
1	121	74	87.7099	66.047	34.2268
1	121	74	122.328	78.4874	4.67968
1	121	74	54.5144	97.4283	70.4927
1	121	74	94.5736	95.9928	34.3808
1	121	74	122.669	75.721	2.39731
1	121	74	134.562	77.7592	14.0733
1	121	74	69.0575	91.0907	54.6819
1	121	74	131.713	78.4084	11.5845
1	121	74	117.707	45.5485	28.6414
1	121	74	120.74	73.8348	0.308068
1	121	74	116.428	77.8749	5.99332
1	121	74	132.006	80.6312	12.8491
1	121	74	123.935	77.2672	4.39224
1	121	74	142.132	82.5153	22.783
1	121	74	133.658	74.9154	12.6914
1	121	74	119.122	82.3104	8.51984
1	121	74	123.028	74.5403	2.09902
1	121	74	135.777	74.1971	14.7787
1	121	74	137.934	54.1226	26.1124
1	121	74	120.178	83.9712	10.005
1	121	74	128.071	75.1759	7.16804
1	121	74	134.152	77.623	13.6416
1	121	74	123.294	71.6654	3.27316
1	121	74	123.177	71.935	3.00087
1	121	74	139.182	86.573	22.1058
1	121	74	121.525	70.2984	3.73859
1	121	74	135.501	74.09	14.5011
1	121	74	123.858	69.8355	5.05079
1	121	74	119.519	95.051	21.103
1	121	74	121.011	77.5723	3.57233
1	121	74	121.944	86.2938	12.33
1	121	74	136.81	78.2594	16.3737
1	121	74	127.972	75.988	7.24954
1	121	74	97.2718	67.0306	24.7306
1	121	74	140.967	82.7783	21.8116
1	121	74	141.828	83.9531	23.0836
1	121	74	126.121	87.4461	14.3882
1	121	74	135.467	74.5239	14.4762
1	121	74	122.116	86.2612	12.3119
1	121	74	133.494	80.0869	13.8982
1	121	74	120.433	81.7441	7.76486
1	121	74	122.028	69.6379	4.4816
1	121	74	141.352	84.6578	22.9739
1	121	74	118.862	83.0795	9.32787
1	121	74	131.303	77.4843	10.8758
1	121	74	129.904	79.7139	10.5796
1	121	74	118.657	75.3864	2.72288
1	121	74	107.249	68.9269	14.6573
1	121	74	65.3486	91.1152	58.2238
1	121	74	124.618	78.2364	5.57092
1	121	74	141.52	81.0964	21.7128
1	121	74	121.726	69.6283	4.43168
1	121	74	135.975	74.9254	15.0037
1	121	74	124.744	68.0856	7.00013
1	121	74	123.507	68.3228	6.20596
1	121	74	115.412	95.4005	22.1181
1	121	74	118.946	73.562	2.10037
1	121	74	65.6227	91.3983	58.046
1	121	74	116.455	81.6609	8.90792
1	121	74	118.407	75.6086	3.05138
1	121	74	120.453	70.177	3.86187
1	121	74	124.272	73.7524	3.28109
1	121	74	95.2098	58.4858	30.097
1	121	74	124.001	68.8792	5.93538
1	121	74	130.949	82.5442	13.114
1	121	74	117.795	77.6478	4.85565
1	121	74	118.79	45.7176	28.3687
1	121	74	122.758	73.6367	1.79556
1	121	74	122.667	88.9667	15.0593
1	121	74	119.727	75.229	1.76949
1	121	74	119.93	77.1534	3.33015
1	121	74	127.784	76.2421	7.14488
1	121	74	129.217	79.359	9.81008
1	121	74	119.493	73.5324	1.57835
1	121	74	117.289	84.9715	11.5822
1	121	74	117.886	96.5329	22.7471
1	121	74	118.618	72.4204	2.85815
1	121	74	123.195	77.5205	4.14869
1	121	74	114.765	76.5854	6.75018
1	121	74	121.564	75.3603	1.47275
1	121	74	111.535	81.172	11.8751
1	121	74	139.809	85.6935	22.1478
1	121	74	128.51	71.7456	7.84072
1	121	74	131.923	75.866	11.0808
1	121	74	123.695	72.6733	3.00372
1	121	74	135.722	75.5253	14.8011
1	121	74	62.7146	45.6602	64.8099
1	121	74	110.067	94.8716	23.5616
1	121	74	121.266	72.6171	1.4082
1	121	74	119.934	73.5671	1.15047
1	121	74	124.691	46.6766	27.5715
1	121	74	128.831	71.0068	8.384
1	121	74	122.62	78.3036	4.59858
1	121	74	121.941	76.5455	2.71381
1	121	74	128.649	82.5643	11.4831
1	121	74	117.602	83.8763	10.4446
1	121	74	126.673	79.8212	8.12823
1	121	74	124.522	81.4863	8.27341
1	121	74	131.272	67.9511	11.9206
1	121	74	105.123	97.4392	28.3105
1	121	74	139.968	75.4567	19.0241
1	121	74	132.571	73.4648	11.5831
1	121	74	106.552	50.9604	27.1948
1	121	74	130.944	91.2733	19.931
1	121	74	121.371	72.3591	1.68221
1	121	74	121.486	79.9212	5.94107
1	121	74	134.959	77.3771	14.3618
1	121	74	111.914	94.4372	22.3659
1	121	74	122.481	84.644	10.7465
1	121	74	137.084	83.5559	18.7088
1	121	74	116.469	57.7707	16.85
1	121	74	133.403	77.8732	12.9941
1	121	74	117.925	45.5905	28.5754
1	121	74	128.027	75.644	7.21721
1	121	74	131.65	81.3814	12.9579
1	121	74	128.492	83.8353	12.364
1	121	74	107.794	90.5153	21.146
1	121	74	129.401	80.9327	10.8922
1	121	74	123.588	72.2024	3.15087
1	121	74	118.77	79.2543	5.70813
1	121	74	131.281	82.628	13.4214
1	121	74	135.521	76.3167	14.7047
1	121	74	120.6	46.0171	27.9858
1	121	74	136.823	88.833	21.6884
1	121	74	141.117	84.9724	22.9147
1	121	74	104.7	76.7466	16.5296
1	121	74	131.377	78.3474	11.2506
1	121	74	123.912	71.8042	3.64696
1	121	74	119.016	76.1301	2.91079
1	121	74	123.976	75.9798	3.57439
1	121	74	123.613	46.4985	27.6254
1	121	74	128.614	75.3116	7.72579
1	121	74	91.0204	57.9859	33.9886
1	121	74	91.0121	71.9801	30.0558
1	121	74	132.14	77.6438	11.721
1	121	74	115.33	81.746	9.59969
1	121	74	119.448	83.3066	9.4351
1	121	74	119.657	45.8876	28.1445
1	121	74	131.188	90.7782	19.6293
1	121	74	70.6901	10.631	80.9118
1	121	74	118.873	82.1399	8.4132
1	121	74	87.8246	66.1774	34.0852
1	121	74	117.922	82.9532	9.46752
1	121	74	121.44	74.1711	0.471634
1	121	74	141.474	76.7292	20.6547
1	121	74	117.929	78.7399	5.64781
1	121	74	97.0859	72.8428	23.9421
1	121	74	136.231	70.5554	15.6153
1	121	74	111.427	96.6951	24.6314
1	121	74	132.298	75.5417	11.4024
1	121	74	119.197	74.4275	1.8534
1	121	74	124.403	46.589	27.6214
1	121	74	116.605	77.7163	5.7554
1	121	74	128.12	72.7283	7.23249
1	121	74	120.477	71.465	2.5885
1	121	74	130.177	79.5286	10.7134
1	121	74	92.9277	54.2802	34.3064
1	121	74	92.3216	67.7616	29.3491
1	121	74	120.906	72.1188	1.88353
1	121	74	124.033	76.7278	4.07936
1	121	74	121.359	73.4583	0.650004
1	121	74	124.895	89.4806	15.963
1	121	74	129.55	82.9847	12.4028
1	121	74	114.908	74.2717	6.09852
1	121	74	106.002	58.4584	21.5981
1	121	74	123.191	73.6903	2.21327
1	121	74	125.317	79.8268	7.2516
1	121	74	131.098	73.1463	10.1338
1	121	74	124.849	82.3744	9.21673
1	121	74	130.796	78.3494	10.7182
1	121	74	119.464	76.9068	3.28778
1	121	74	131.534	63.9017	14.5928
1	121	74	120.419	74.5758	0.818067
1	121	74	133.21	80.5354	13.8491
1	121	74	141.353	83.2172	22.3428
1	121	74	117.779	76.3345	3.97805
1	121	74	104.977	54.3052	25.3895
1	121	74	123.299	73.2328	2.42328
1	121	74	119.28	76.5013	3.0354
1	121	74	124.283	75.6487	3.67345
1	121	74	126.212	75.7313	5.49233
1	121	74	117.698	77.2404	4.62664
1	121	74	119.295	72.649	2.17506
1	121	74	118.376	97.4072	23.5538
1	121	74	125.149	80.0928	7.37153
1	121	74	134.326	90.0481	20.8596
1	121	74	126.561	74.8083	5.61958
1	121	74	134.461	80.4031	14.9062
1	121	74	132.481	72.0229	11.6502
1	121	74	125.923	81.4242	8.90805
1	121	74	128.145	79.3719	8.9389
1	121	74	125.034	76.1256	4.55965
1	121	74	115.227	80.3236	8.56281
1	121	74	114.588	85.8151	13.4427
1	121	74	127.595	72.815	6.70074
1	121	74	114.729	80.1858	8.80862
1	121	74	117.106	81.5906	8.53126
1	121	74	136.348	73.5404	15.3551
1	121	74	120.763	73.2757	0.762211
1	121	74	123.659	81.4867	7.94491
1	121	74	117.517	76.7858	4.45995
1	121	74	125.092	78.9027	6.38602
1	121	74	121.233	78.2607	4.26708
1	121	74	128.432	72.6957	7.54597
1	121	74	115.143	81.0775	9.18702
1	121	74	124.839	75.8433	4.25874
1	121	74	125.271	81.7596	8.85717
1	121	74	121.151	93.1679	19.1685
1	121	74	86.4229	65.9174	35.5092
1	121	74	130.558	83.5501	13.5113
1	121	74	27.5518	27.3122	104.462
1	121	74	125.093	71.9122	4.5949
1	121	74	87.5547	63.9206	34.931
1	121	74	112.037	64.2345	13.2552
1	121	74	109.795	69.5582	12.0534
1	121	74	136.594	71.5079	15.7917
1	121	74	121.927	76.8316	2.97933
1	121	74	119.616	73.5017	1.47085
1	121	74	113.919	97.4787	24.5232
1	121	74	114.352	97.4564	24.3803
1	121	74	130.55	81.3325	12.0399
1	121	74	124.4	68.2905	6.64541
1	121	74	122.408	70.6781	3.60798
1	121	74	125.246	72.3634	4.55011
1	121	74	116.691	80.4106	7.72444
1	121	74	110.693	64.7813	13.8281
1	121	74	119.231	87.5048	13.6202
1	121	74	122.607	79.1782	5.42178
1	121	74	133.92	79.6225	14.0901
1	121	74	130.011	72.9711	9.0693
1	121	74	128.099	83.0764	11.5226
1	121	74	120.149	78.2125	4.29762
1	121	74	123.901	77.7127	4.7115
1	121	74	129.996	77.5688	9.67763
1	121	74	127.198	71.6708	6.62081
1	121	74	114.081	96.6895	23.7209
1	121	74	134.061	79.676	14.241
1	121	74	130.616	83.4517	13.4832
1	121	74	119.25	74.2003	1.76141
1	121	74	130.401	72.0291	9.60576
1	121	74	106.272	51.6218	26.79
1	121	74	140.883	85.2959	22.868
1	121	74	125.102	77.2791	5.25143
1	121	74	129.322	72.0242	8.55295
1	121	74	123	71.2883	3.36926
1	121	74	121.144	74.1191	0.186855
1	121	74	123.787	73.1303	2.91979
1	121	74	138.86	48.5698	31.0752
1	121	74	128.519	74.7553	7.55693
1	121	74	122.692	76.9119	3.36779
1	121	74	129.67	65.1883	12.3619
1	121	74	117.951	45.5906	28.5726
1	121	74	122.7	77.6451	4.02211
1	121	74	129.935	79.7398	10.6202
1	121	74	125.275	82.0411	9.10669
1	121	74	124.049	70.7947	4.4237
1	121	74	122.11	77.064	3.25885
1	121	74	119.633	45.8875	28.1457
1	121	74	126.652	72.7429	5.78993
1	121	74	118.383	75.6189	3.07745
1	121	74	140.355	78.6873	19.9149
1	121	74	124.785	75.805	4.1932
1	121	74	129.039	82.5474	11.734
1	121	74	121.127	88.2758	14.2764
1	121	74	121.87	88.6453	14.6711
1	121	74	141.018	84.3486	22.5348
1	121	74	116.208	78.8659	6.82938
1	121	74	134.834	76.7662	14.1076
1	121	74	125.577	74.2746	4.58483
1	121	74	115.136	97.4547	24.1767
1	121	74	118.941	87.8054	13.958
1	121	74	118.984	77.117	3.71212
1	121	74	49.0296	25.3431	86.8748
1	121	74	117.785	45.5487	28.6324
1	121	74	128.232	82.5857	11.226
1	121	74	128.073	79.709	9.0897
1	121	74	118.636	73.2874	2.46861
1	121	74	127.749	76.4774	7.18897
1	121	74	126.041	75.0175	5.14262
1	121	74	127.484	75.5879	6.67597
1	121	74	136.123	73.437	15.1331
1	121	74	82.868	97.4346	44.7574
1	121	74	87.0177	58.3065	37.431
1	121	74	115.704	81.7878	9.4178
1	121	74	119.349	75.2137	2.04899
1	121	74	122.408	75.1407	1.81218
1	121	74	135.367	73.6196	14.3719
1	121	74	120.18	74.0529	0.821354
1	121	74	134.026	51.3861	26.0973
1	121	74	136.306	73.2107	15.3264
1	121	74	130.808	83.0117	13.3197
1	121	74	117.196	82.6683	9.4661
