1	121	74	123.324	74.0779	2.3253
1	121	74	119.075	73.4247	2.00872
1	121	74	122.123	74.0138	1.1226
1	121	74	124.022	76.0403	3.64637
1	121	74	120.557	75.7933	1.8472
1	121	74	119.723	77.3118	3.54963
1	121	74	110.676	97.4455	25.6181
1	121	74	122.847	74.1372	1.85226
1	121	74	122.021	77.0918	3.25592
1	121	74	122.781	76.0788	2.73734
1	121	74	123.701	75.3637	3.02583
1	121	74	124.354	74.3058	3.36787
1	121	74	105.702	89.5717	21.8291
1	121	74	122.015	73.6986	1.05898
1	121	74	119.114	75.7503	2.57306
1	121	74	97.7822	97.4377	32.9908
1	121	74	110.111	94.7044	23.3933
1	121	74	122.319	72.2986	2.15299
1	121	74	118.512	75.2804	2.79838
1	121	74	121.985	75.4117	1.72143
1	121	74	124.333	78.8844	5.91322
1	121	74	108.631	97.314	26.3921
1	121	74	110.7	96.5824	24.8204
1	121	74	120.595	73.8399	0.43539
1	121	74	108.541	97.4407	26.5458
1	121	74	120.243	74.1507	0.771383
1	121	74	119.939	74.0509	1.06241
1	121	74	122.996	76.3778	3.1042
1	121	74	121.98	74.6175	1.15808
1	121	74	119.075	74.4735	1.98266
1	121	74	123.401	74.3885	2.43267
1	121	74	119.393	76.9893	3.39371
1	121	74	121.982	74.4032	1.06178
1	121	74	105.531	90.7495	22.7996
1	121	74	124.463	77.0399	4.60796
1	121	74	95.6307	97.4372	34.5385
1	121	74	120.983	73.6456	0.354796
1	121	74	118.956	76.3127	3.08626
1	121	74	124.045	74.6699	3.11763
1	121	74	105.655	90.4094	22.4661
1	121	74	120.311	71.9168	2.19415
1	121	74	110.693	96.9289	25.1389
1	121	74	101.151	97.4384	30.7139
1	121	74	120.253	73.7473	0.788188
1	121	74	122.273	73.3481	1.4302
1	121	74	118.864	75.664	2.70757
1	121	74	122.452	73.5031	1.53494
1	121	74	122.793	75.0893	2.09786
1	121	74	123.696	74.8299	2.82043
1	121	74	102.826	90.0169	24.2244
1	121	74	119.289	74.9627	1.96354
1	121	74	106.013	93.4331	24.5411
1	121	74	121.187	73.3063	0.718434
1	121	74	121.027	73.9769	0.0352674
1	121	74	123.456	74.7486	2.56759
1	121	74	120.811	73.8342	0.251382
1	121	74	120.649	76.3548	2.38074
1	121	74	121.195	76.7387	2.74564
1	121	74	121.546	75.4525	1.55169
1	121	74	105.765	93.3909	24.66
1	121	74	139.965	84.2604	21.5626
1	121	74	105.011	91.8227	23.9438
1	121	74	118.824	75.2621	2.51528
1	121	74	122.494	77.2438	3.57151
1	121	74	122.46	76.4775	2.87578
1	121	74	119.805	77.217	3.4317
1	121	74	118.958	76.6536	3.34847
1	121	74	122.194	73.1835	1.44657
1	121	74	124.496	74.5778	3.54383
1	121	74	120.138	77.1131	3.23009
1	121	74	122.328	74.6185	1.46472
1	121	74	79.5688	46.4421	49.7592
1	121	74	120.196	75.4274	1.63815
1	121	74	119.243	75.9993	2.66147
1	121	74	114.363	72.8056	6.74373
1	121	74	138.549	85.6616	21.0703
1	121	74	120.495	75.6099	1.68726
1	121	74	123.984	73.7114	2.9976
1	121	74	119.477	76.9836	3.34979
1	121	74	119.426	73.1145	1.80634
1	121	74	123.629	74.9256	2.78672
1	121	74	119.085	75.9001	2.69751
1	121	74	103.906	94.9991	27.0769
1	121	74	119.621	75.6378	2.14126
1	121	74	107.619	96.0479	25.7906
1	121	74	119.727	72.5707	1.91423
1	121	74	123.311	75.7211	2.88115
1	121	74	106.888	93.5073	24.0766
1	121	74	121.419	76.4057	2.44191
1	121	74	108.876	97.3245	26.2875
1	121	74	123.918	74.2773	2.93092
1	121	74	119.704	75.8087	2.22537
1	121	74	118.719	75.2444	2.59857
1	121	74	124.252	74.2338	3.26074
1	121	74	119.859	75.5958	1.96192
1	121	74	121.961	75.7385	1.98648
1	121	74	118.653	75.6639	2.87672
1	121	74	120.537	76.7534	2.79207
1	121	74	118.782	76.4656	3.31622
1	121	74	124.349	74.6444	3.41008
1	121	74	77.9237	49.9863	49.3176
1	121	74	121.502	77.5096	3.54528
1	121	74	120.476	77.1432	3.18655
1	121	74	119.651	74.2981	1.38141
1	121	74	122.826	76.9686	3.48502
1	121	74	122.458	77.7062	3.98281
1	121	74	119.876	73.6665	1.1724
1	121	74	120.899	75.3925	1.39616
1	121	74	121.95	74.2535	0.983414
1	121	74	123.345	75.4084	2.73519
1	121	74	119.388	77.8444	4.16859
1	121	74	119.146	74.3178	1.88119
1	121	74	121.171	74.6252	0.648204
1	121	74	120.544	76.9971	3.03163
1	121	74	107.951	95.9495	25.5353
1	121	74	121.838	75.2603	1.51327
1	121	74	108.313	93.4919	23.2573
1	121	74	122.03	73.1869	1.31186
1	121	74	108.007	94.4033	24.1892
1	121	74	118.735	74.1032	2.2677
1	121	74	121.031	77.1275	3.1277
1	121	74	121.683	73.3808	0.921616
1	121	74	122.148	73.3027	1.34303
1	121	74	121.786	74.5238	0.944888
1	121	74	119.983	75.3446	1.68599
1	121	74	139.619	84.2433	21.2507
1	121	74	121.81	74.5705	0.990879
1	121	74	110.787	96.2532	24.485
1	121	74	122.353	75.1068	1.74776
1	121	74	120.056	75.4259	1.70984
1	121	74	122.06	76.3923	2.61679
1	121	74	120.41	74.0105	0.590342
1	121	74	122.88	77.3912	3.87751
1	121	74	119.394	75.3911	2.12457
1	121	74	120.22	74.3434	0.8527
1	121	74	120.861	73.782	0.258574
1	121	74	121.312	73.7866	0.377914
1	121	74	125.941	77.9265	6.31145
1	121	74	118.745	74.6003	2.33307
1	121	74	124.127	73.5554	3.15839
1	121	74	120.978	76.5327	2.53277
1	121	74	120.591	76.9254	2.95395
1	121	74	122.826	75.3357	2.26258
1	121	74	120.916	74.4844	0.491575
1	121	74	122.735	75.1877	2.10256
1	121	74	122.534	75.007	1.83471
1	121	74	119.327	72.9615	1.96932
1	121	74	123.955	74.1971	2.96179
1	121	74	126.16	66.9176	8.76267
1	121	74	119.427	78.6439	4.90304
1	121	74	122.958	78.1706	4.60735
1	121	74	120.88	75.4077	1.41273
1	121	74	121.718	73.6531	0.797488
1	121	74	119.814	74.6208	1.33846
1	121	74	118.402	75.1406	2.83714
1	121	74	120.592	75.1759	1.2447
1	121	74	120.717	73.9645	0.285641
1	121	74	120.666	75.4185	1.45727
1	121	74	120.189	77.0063	3.11388
1	121	74	119.497	74.1881	1.51522
1	121	74	120.711	76.3581	2.37571
1	121	74	118.61	75.301	2.72122
1	121	74	121.699	72.1677	1.96114
1	121	74	107.088	93.1036	23.6323
1	121	74	121.362	75.2308	1.2828
1	121	74	123.256	75.2424	2.57538
1	121	74	118.56	78.7152	5.30893
1	121	74	125.114	73.3734	4.16133
1	121	74	119.421	76.4696	2.93141
1	121	74	121.768	75.4281	1.62127
1	121	74	122.402	77.2354	3.52625
1	121	74	120.245	73.9915	0.754579
1	121	74	119.017	75.9334	2.76958
1	121	74	120.528	77.9498	3.9778
1	121	74	115.087	72.2031	6.17958
1	121	74	121.082	73.9283	0.108874
1	121	74	121.038	74.5636	0.564862
1	121	74	119.706	73.9834	1.2939
1	121	74	121.354	76.2828	2.3101
1	121	74	122.553	77.7286	4.03914
1	121	74	120.553	76.6308	2.66863
1	121	74	107.512	97.4831	27.0809
1	121	74	117.798	76.2802	3.93118
1	121	74	119.388	74.5004	1.68783
1	121	74	123.267	74.883	2.43296
1	121	74	123.52	76.7677	3.74298
1	121	74	120.64	76.5893	2.61425
1	121	74	120.635	74.9482	1.01584
1	121	74	121.034	73.1941	0.806611
1	121	74	97.8682	97.4377	32.9303
1	121	74	121.373	77.8341	3.85216
1	121	74	120.069	76.966	3.10869
1	121	74	121.211	75.5927	1.60651
1	121	74	123.763	74.9954	2.93729
1	121	74	124.257	74.012	3.25697
1	121	74	122.22	72.986	1.58614
1	121	74	108.157	95.3972	24.9556
1	121	74	119.771	76.8954	3.14549
1	121	74	121.623	74.6423	0.894824
1	121	74	119.602	72.8637	1.80181
1	121	74	71.7832	60.5456	51.0227
1	121	74	119.534	74.131	1.472
1	121	74	118.15	76.2821	3.65125
1	121	74	105.339	86.2478	19.8818
1	121	74	120.913	78.4107	4.41162
1	121	74	109.798	97.4845	26.0194
1	121	74	122.586	75.0265	1.88883
1	121	74	123.636	77.0554	4.03546
1	121	74	121.205	77.2884	3.29483
1	121	74	104.797	89.4525	22.3904
1	121	74	122.794	77.9587	4.34617
1	121	74	139.285	84.4205	21.0457
1	121	74	119.157	74.9908	2.09274
1	121	74	93.3527	97.4368	36.2444
1	121	74	119.935	75.4634	1.80996
1	121	74	122.106	77.9667	4.11789
1	121	74	124.239	73.2838	3.31741
1	121	74	121.052	72.6869	1.31413
1	121	74	122.069	77.326	3.4937
1	121	74	101.804	87.2338	23.3154
1	121	74	123.734	76.431	3.65813
1	121	74	123.111	72.8973	2.38148
1	121	74	119.194	77.0613	3.55455
1	121	74	118.58	75.4527	2.82294
1	121	74	123.861	75.386	3.17887
1	121	74	123.207	74.7398	2.32782
1	121	74	126.485	75.4682	5.67848
1	121	74	121.89	73.2931	1.1363
1	121	74	120.589	74.1073	0.424903
1	121	74	121.305	73.598	0.504903
1	121	74	123.982	75.5171	3.34614
1	121	74	119.646	77.0557	3.3421
1	121	74	119.923	74.4369	1.16269
1	121	74	121.828	75.7656	1.95026
1	121	74	122.065	74.9424	1.42188
1	121	74	123.073	77.045	3.68379
1	121	74	120.317	75.3738	1.53413
1	121	74	107.02	97.4909	27.3359
1	121	74	119.549	77.0399	3.36866
1	121	74	122.264	74.4638	1.3464
1	121	74	120.471	76.4871	2.54267
1	121	74	121.82	75.1621	1.42223
1	121	74	121.802	75.2436	1.4796
1	121	74	106.686	95.5119	25.839
1	121	74	119.717	76.3885	2.71148
1	121	74	120.025	74.7494	1.22934
1	121	74	120.304	74.6003	0.91927
1	121	74	122.943	74.9447	2.16047
1	121	74	107.954	97.3483	26.7457
1	121	74	121.67	73.4486	0.867996
1	121	74	120.417	73.6401	0.68553
1	121	74	122.219	73.6403	1.27109
1	121	74	98.8389	97.4379	32.256
1	121	74	118.915	76.4592	3.22397
1	121	74	121.846	74.5031	0.984182
1	121	74	119.129	76.9265	3.47372
1	121	74	123.034	75.5219	2.54072
1	121	74	122.016	76.8197	2.99716
1	121	74	122.853	75.2236	2.22057
1	121	74	119.263	73.9362	1.73783
1	121	74	106.44	92.0097	23.159
1	121	74	122.109	75.5595	1.9136
1	121	74	121.772	77.0463	3.14254
1	121	74	118.319	80.1292	6.69007
1	121	74	120.597	73.0952	0.990581
1	121	74	107.667	97.3273	26.8688
1	121	74	122.168	73.975	1.16782
1	121	74	121.202	75.0305	1.05005
1	121	74	121.62	75.7034	1.81274
1	121	74	99.602	97.4381	31.7367
1	121	74	80.3663	48.2919	48.0833
1	121	74	125.106	76.4936	4.80386
1	121	74	118.46	75.4035	2.90213
1	121	74	109.693	97.4198	26.0066
1	121	74	119.759	75.4253	1.89005
1	121	74	120.084	72.5422	1.72185
1	121	74	120.972	75.9854	1.98561
1	121	74	119.755	73.5998	1.30796
1	121	74	121.369	72.3653	1.67591
1	121	74	119.197	73.6356	1.83971
1	121	74	107.338	68.5232	14.7187
1	121	74	119.771	73.3484	1.39127
1	121	74	123.174	74.9811	2.38497
1	121	74	121.08	74.1627	0.181442
1	121	74	122.709	75.6933	2.4055
1	121	74	122.309	75.9141	2.31906
1	121	74	121.977	77.7255	3.8514
1	121	74	116.281	82.7241	9.91858
1	121	74	120.88	77.8629	3.86473
1	121	74	120.047	76.0476	2.25851
1	121	74	125.228	73.3328	4.28028
1	121	74	122.098	74.5923	1.24761
1	121	74	101.567	97.4385	30.4465
1	121	74	121.615	74.712	0.940953
1	121	74	123.943	73.4683	2.99059
1	121	74	105.293	94.3972	25.744
1	121	74	117.949	75.6219	3.45544
1	121	74	121.545	76.5075	2.56606
1	121	74	121.989	76.3368	2.53747
1	121	74	121.363	74.2162	0.422289
1	121	74	122.189	75.4551	1.87933
1	121	74	122.457	75.2769	1.93727
1	121	74	119.04	74.8118	2.12179
1	121	74	123.898	75.034	3.07713
1	121	74	120.839	75.591	1.5991
1	121	74	120.513	76.4643	2.51198
1	121	74	120.077	73.3341	1.13839
1	121	74	123.108	73.1987	2.25555
1	121	74	118.501	78.723	5.34363
1	121	74	117.384	79.579	6.64819
1	121	74	122.078	76.5753	2.79181
1	121	74	120.835	74.9962	1.00968
1	121	74	121.414	72.9477	1.13072
1	121	74	123.641	75.1927	2.89781
1	121	74	95.1076	97.4371	34.9244
1	121	74	121.963	75.1578	1.50602
1	121	74	117.422	75.2882	3.80326
1	121	74	119.642	77.2522	3.52448
1	121	74	121.326	76.3116	2.33441
1	121	74	118.793	74.3449	2.23361
1	121	74	121.953	74.9951	1.37808
1	121	74	120.337	75.7315	1.85424
1	121	74	119.845	78.8945	5.02896
1	121	74	108.366	97.3692	26.5659
1	121	74	122.201	74.4251	1.27385
1	121	74	125.152	78.9017	6.42385
1	121	74	119.381	74.9749	1.88995
1	121	74	124.439	73.7798	3.44581
1	121	74	120.565	74.5221	0.67951
1	121	74	121.935	76.6901	2.84808
1	121	74	120.684	74.8574	0.91383
1	121	74	120.226	75.4306	1.62643
1	121	74	121.326	73.8112	0.376353
1	121	74	108.456	97.4088	26.5581
1	121	74	121.232	78.0576	4.06427
1	121	74	131.203	78.0134	10.9637
1	121	74	117.852	76.2272	3.85644
1	121	74	120.562	75.0361	1.12487
1	121	74	101.7	97.4385	30.3621
1	121	74	123.567	76.0473	3.28316
1	121	74	100.312	79.7531	21.4728
1	121	74	121.455	72.4955	1.57191
1	121	74	139.645	85.0079	21.6517
1	121	74	109.023	97.4156	26.3011
1	121	74	119.744	76.299	2.61969
1	121	74	123.805	74.5837	2.86478
1	121	74	121.093	73.4134	0.59399
1	121	74	141.331	85.8529	23.5335
1	121	74	117.941	75.3538	3.34552
1	121	74	118.723	76.2014	3.16734
1	121	74	105.399	88.7787	21.4897
1	121	74	101.801	83.438	21.3931
1	121	74	121.272	74.3992	0.483308
1	121	74	105.325	89.1559	21.8039
1	121	74	116.927	75.1482	4.2314
1	121	74	114.322	84.4511	12.4022
1	121	74	120.06	75.61	1.86434
1	121	74	121.791	76.0824	2.22751
1	121	74	107.782	93.6346	23.6692
1	121	74	119.122	74.5191	1.94803
1	121	74	120.388	75.3319	1.46574
1	121	74	122.498	76.1114	2.58912
1	121	74	118.743	74.5061	2.3128
1	121	74	138.486	84.6677	20.4827
1	121	74	117.245	72.7018	3.97289
1	121	74	119.819	74.2687	1.21081
1	121	74	122.834	77.6312	4.0681
1	121	74	119.713	74.0693	1.28928
1	121	74	120.715	73.4573	0.612893
1	121	74	118.98	76.1545	2.95362
1	121	74	118.903	74.245	2.11134
1	121	74	120.525	74.6213	0.781789
1	121	74	122.139	75.9544	2.2619
1	121	74	123.701	76.3056	3.55157
1	121	74	125.687	66.7945	8.59604
1	121	74	119.269	74.138	1.73622
1	121	74	120.544	74.7223	0.854442
1	121	74	119.999	74.3005	1.04466
1	121	74	119.558	75.5299	2.10209
1	121	74	121.597	77.1424	3.19864
1	121	74	122.427	74.8049	1.63871
1	121	74	119.937	74.5711	1.20653
1	121	74	118.316	75.3195	2.99066
1	121	74	123.453	78.4868	5.11368
1	121	74	120.659	76.5813	2.60365
1	121	74	118.828	74.1382	2.17657
1	121	74	119.987	73.8151	1.03009
1	121	74	123.352	76.0343	3.10953
1	121	74	120.652	75.8197	1.85264
1	121	74	119.597	73.083	1.67614
1	121	74	106.768	89.9355	21.3657
1	121	74	118.047	83.175	9.63861
1	121	74	120.571	74.4695	0.635681
1	121	74	123.215	74.7214	2.32975
1	121	74	105.042	93.125	24.9083
1	121	74	120.363	71.9797	2.11825
1	121	74	121.722	73.5671	0.842184
1	121	74	120.562	76.1474	2.19167
1	121	74	119.861	74.0098	1.13917
1	121	74	122.323	73.6233	1.37516
1	121	74	124.72	74.2051	3.72557
1	121	74	119.732	73.6076	1.32741
1	121	74	113.689	70.7517	8.00033
1	121	74	121.643	73.6751	0.720486
1	121	74	118.016	75.3799	3.28786
1	121	74	107.909	96.3406	25.8936
1	121	74	120.969	74.6263	0.627123
1	121	74	121.886	72.463	1.77404
1	121	74	121.248	74.7521	0.791916
1	121	74	121.979	75.3184	1.64198
1	121	74	119.736	75.6674	2.09212
1	121	74	120.343	75.0837	1.26731
1	121	74	123.351	73.7169	2.36759
1	121	74	124.302	73.8108	3.30719
1	121	74	124.022	74.2384	3.03166
1	121	74	107.047	92.3894	23.0837
1	121	74	123.36	75.7096	2.91413
1	121	74	112.346	69.3046	9.84582
1	121	74	122.564	73.273	1.72493
1	121	74	122.842	73.8002	1.85265
1	121	74	124.085	74.2569	3.09523
1	121	74	124.108	74.3693	3.12987
1	121	74	117.158	75.4375	4.10231
1	121	74	139.332	83.4887	20.6422
1	121	74	120.857	74.9029	0.914156
1	121	74	123.455	73.2851	2.55697
1	121	74	124.204	74.2596	3.2144
1	121	74	121.927	73.0675	1.3152
1	121	74	121.212	74.7811	0.809278
1	121	74	117.257	75.4303	4.00654
1	121	74	120.032	75.9377	2.1662
1	121	74	127.757	76.3737	7.16154
1	121	74	95.6527	97.4372	34.5223
1	121	74	123.321	76.8873	3.70466
1	121	74	123.828	75.7245	3.31217
1	121	74	110.42	92.7023	21.4878
1	121	74	126.164	80.1831	8.0562
1	121	74	121.803	74.2886	0.852823
1	121	74	118.122	75.0531	3.06491
1	121	74	122.231	75.1689	1.69785
1	121	74	119.183	75.6533	2.4563
1	121	74	119.453	74.8545	1.76757
1	121	74	121.461	76.8308	2.86813
1	121	74	75.7038	53.0079	49.9241
1	121	74	122.826	74.5052	1.89418
1	121	74	123.82	74.8548	2.94639
1	121	74	125.214	74.5455	4.24892
1	121	74	121.192	77.0541	3.06015
1	121	74	120.257	74.5218	0.908288
1	121	74	119.295	76.8507	3.32182
1	121	74	119.851	77.4341	3.6213
1	121	74	118.717	75.7917	2.90194
1	121	74	122.04	73.651	1.09674
1	121	74	120.222	76.8951	2.99787
1	121	74	104.954	91.0928	23.4442
1	121	74	130.963	79.7215	11.4886
1	121	74	122.682	74.1835	1.69151
1	121	74	122.176	74.1955	1.19216
1	121	74	120.54	75.4692	1.53956
1	121	74	123.132	74.076	2.13323
1	121	74	119.683	73.7339	1.34383
1	121	74	118.32	75.6763	3.16124
1	121	74	122.535	73.6232	1.58062
1	121	74	101.161	82.9392	21.7603
1	121	74	119.57	75.4291	2.02156
1	121	74	104.657	91.1533	23.6924
1	121	74	120.599	73.2634	0.838504
1	121	74	107.233	97.3508	27.1068
1	121	74	120.809	75.1304	1.14645
1	121	74	107.971	93.4206	23.3864
1	121	74	137.743	85.9773	20.5859
1	121	74	123.894	75.0884	3.09231
1	121	74	106.763	97.4189	27.4067
1	121	74	121.291	75.0108	1.0518
1	121	74	109.235	97.4841	26.2662
1	121	74	107.694	97.3091	26.8395
1	121	74	122.227	74.2168	1.2456
1	121	74	121.216	77.3993	3.40612
1	121	74	118.175	76.9777	4.10477
1	121	74	118.192	76.3937	3.68969
1	121	74	132.41	84.7922	15.7052
1	121	74	123.507	75.966	3.18608
1	121	74	122.792	74.9045	2.00748
1	121	74	118.941	74.7548	2.19325
1	121	74	120.982	75.3303	1.33046
1	121	74	120.984	72.9394	1.06072
1	121	74	124.141	73.6755	3.15799
1	121	74	121.782	75.4656	1.66116
1	121	74	130.953	78.9671	11.1233
1	121	74	121.417	72.7699	1.29902
1	121	74	127.557	68.296	8.69064
1	121	74	122.879	73.1824	2.04933
1	121	74	110.87	68.6992	11.4334
1	121	74	119.283	73.6415	1.75402
1	121	74	120.415	74.6622	0.883522
1	121	74	118.86	74.3756	2.17319
1	121	74	119.133	73.6921	1.89183
1	121	74	118.517	75.7718	3.05012
1	121	74	107.757	97.2595	26.7651
1	121	74	122.255	75.5125	1.96526
1	121	74	107.942	97.4523	26.8426
1	121	74	121.512	77.0799	3.12212
1	121	74	109.374	97.4842	26.2046
1	121	74	120.59	74.0821	0.418135
1	121	74	111.457	68.6493	10.941
1	121	74	41.064	97.4255	83.2977
1	121	74	122.831	75.5556	2.40292
1	121	74	119.814	77.1148	3.33281
1	121	74	119.03	75.6291	2.55641
1	121	74	120.979	75.8268	1.82687
1	121	74	105.426	94.9384	26.0954
1	121	74	120.596	72.1664	1.87746
1	121	74	124.771	73.2209	3.85092
1	121	74	121.966	74.2519	0.998565
1	121	74	120.609	75.379	1.43328
1	121	74	118.697	74.2768	2.3197
1	121	74	118.837	76.6934	3.45438
1	121	74	119.756	76.7961	3.06041
1	121	74	122.648	75.6324	2.31963
1	121	74	119.993	76.2639	2.47775
1	121	74	119.67	73.7133	1.36047
1	121	74	107.846	92.5458	22.7369
1	121	74	123.338	75.8114	2.95784
1	121	74	121.199	72.414	1.59841
1	121	74	120.329	75.5331	1.67346
1	121	74	121.797	73.2531	1.09249
1	121	74	108.363	93.0524	22.8623
1	121	74	112.572	71.9059	8.68407
1	121	74	118.593	76.3747	3.3814
1	121	74	120.45	74.2076	0.588223
1	121	74	53.4128	97.4282	71.5326
1	121	74	122.108	78.7691	4.89608
1	121	74	122.205	75.5508	1.96376
1	121	74	105.971	90.0716	22.004
1	121	74	122.178	75.6023	1.98884
1	121	74	110.735	91.0361	19.8896
1	121	74	121.309	75.5532	1.58358
1	121	74	122.25	77.5437	3.75774
1	121	74	120.202	75.0085	1.2861
1	121	74	119.618	75.6891	2.18211
1	121	74	128.008	67.2407	9.73688
1	121	74	121.27	74.6854	0.736639
1	121	74	121.937	74.8383	1.25758
1	121	74	122.599	76.0434	2.59477
1	121	74	104.32	91.1384	23.9156
1	121	74	123.034	75.5407	2.55148
1	121	74	118.575	74.6187	2.50235
1	121	74	119.523	73.328	1.62226
1	121	74	123.171	74.3997	2.20782
1	121	74	122.798	77.8195	4.22159
1	121	74	123.199	75.2385	2.52343
1	121	74	122.004	74.724	1.23779
1	121	74	105.991	93.7356	24.7942
1	121	74	121.849	73.3426	1.07364
1	121	74	121.37	77.2817	3.30242
1	121	74	122.731	74.1896	1.7412
1	121	74	121.253	78.1344	4.14213
1	121	74	119.164	75.8535	2.60878
1	121	74	119.733	75.5438	1.99741
1	121	74	124.824	74.0328	3.82457
1	121	74	110.59	97.4849	25.6886
1	121	74	118.168	76.4348	3.73488
1	121	74	121.753	76.7432	2.84473
1	121	74	122.85	79.5208	5.82241
1	121	74	119.599	75.9045	2.36434
1	121	74	120.027	74.7707	1.24141
1	121	74	124.535	74.2581	3.54483
1	121	74	119.235	76.1323	2.76815
1	121	74	122.443	72.5504	2.04567
1	121	74	120.858	76.9486	2.95201
1	121	74	117.243	77.5317	5.1566
1	121	74	96.3269	97.4374	34.0305
1	121	74	120.45	72.2768	1.80895
1	121	74	124.583	73.3885	3.63457
1	121	74	119.628	75.1149	1.76751
1	121	74	122.979	75.2947	2.36507
1	121	74	119.158	73.5866	1.88805
1	121	74	120.288	75.2257	1.4177
1	121	74	139.95	84.2232	21.5316
1	121	74	122.391	78.9461	5.13785
1	121	74	110.794	95.3259	23.6423
1	121	74	121.331	73.9088	0.342978
1	121	74	122.442	76.9173	3.25446
1	121	74	120.5	74.1276	0.515674
1	121	74	107.001	94.0942	24.4899
1	121	74	119.029	75.6244	2.55387
1	121	74	106.711	92.488	23.3665
1	121	74	107.682	97.4832	26.9969
1	121	74	123.787	73.2217	2.89392
1	121	74	119.159	73.6162	1.8803
1	121	74	120.849	78.2995	4.30212
1	121	74	122.799	72.7422	2.19501
1	121	74	120.984	71.813	2.1871
1	121	74	117.838	76.3721	3.95247
1	121	74	120.193	74.1636	0.823503
1	121	74	120.921	76.16	2.16144
1	121	74	142.193	85.6685	24.1925
1	121	74	106.857	97.3348	27.2861
1	121	74	119.941	76.3379	2.56657
1	121	74	122.375	76.7319	3.05841
1	121	74	123.521	76.2827	3.40125
1	121	74	123.812	74.0852	2.81367
1	121	74	124.232	76.3594	4.00173
1	121	74	125.67	77.1024	5.60662
1	121	74	123.182	75.5904	2.70035
1	121	74	120.786	75.8077	1.82026
1	121	74	120.238	76.7703	2.87312
1	121	74	120.111	74.8222	1.21113
1	121	74	123.048	75.9857	2.85242
1	121	74	120.676	71.9654	2.06019
1	121	74	107.27	92.0666	22.692
1	121	74	121.172	75.8662	1.87412
1	121	74	124.19	74.7006	3.26606
1	121	74	121.964	74.6891	1.18524
1	121	74	123.862	74.6831	2.9422
1	121	74	118.642	76.7886	3.65182
1	121	74	122.977	75.1991	2.31234
1	121	74	120.721	73.9855	0.279637
1	121	74	119.947	75.6083	1.92207
1	121	74	119.917	73.4276	1.22502
1	121	74	121.098	76.0734	2.07574
1	121	74	121.562	77.1862	3.23543
1	121	74	119.679	76.2478	2.60736
1	121	74	121.34	75.4877	1.52613
1	121	74	121.927	76.4018	2.5744
1	121	74	124.093	74.5674	3.14464
1	121	74	123.46	75.8769	3.09422
1	121	74	122.678	75.5569	2.2889
1	121	74	123.749	74.9347	2.90373
1	121	74	119.103	75.2459	2.26936
1	121	74	137.71	82.6164	18.801
1	121	74	119.445	73.8143	1.566
1	121	74	120.503	75.1736	1.27434
1	121	74	120.304	75.3356	1.5059
1	121	74	121.544	73.8545	0.562674
1	121	74	122.037	73.2105	1.30357
1	121	74	123.812	74.5361	2.86239
1	121	74	117.861	73.9871	3.13866
1	121	74	119.684	76.0068	2.39981
1	121	74	120.341	74.8398	1.06761
1	121	74	119.378	74.6323	1.74048
1	121	74	119.9	74.8266	1.37604
1	121	74	121.027	75.6331	1.63337
1	121	74	120.99	76.5558	2.55577
1	121	74	120.034	75.0717	1.44296
1	121	74	123.162	75.913	2.88671
1	121	74	119.916	73.4561	1.21304
1	121	74	120.8	77.1097	3.11612
1	121	74	122.104	77.1636	3.35088
1	121	74	118.568	75.7982	3.02419
1	121	74	120.422	73.8226	0.604952
1	121	74	120.38	76.1751	2.26184
1	121	74	141.726	84.5852	23.2726
1	121	74	121.896	74.8831	1.25782
1	121	74	121.36	77.9737	3.98994
1	121	74	121.556	73.9649	0.557197
1	121	74	120.014	73.3565	1.17757
1	121	74	120.415	76.3356	2.40775
1	121	74	123.163	75.9987	2.94489
1	121	74	121.178	75.592	1.60192
1	121	74	119.66	75.4933	2.00624
1	121	74	116.517	74.9556	4.58341
1	121	74	119.524	76.7434	3.11547
1	121	74	123.375	76.7904	3.664
1	121	74	119.193	76.5913	3.15892
1	121	74	121.902	73.4465	1.05829
1	121	74	120.913	72.9136	1.08987
1	121	74	120.356	77.0076	3.07589
1	121	74	122.012	72.6194	1.71202
1	121	74	135.834	84.1956	18
1	121	74	123.034	76.7548	3.42421
1	121	74	119.554	77.5491	3.83227
1	121	74	119.929	75.0583	1.50529
1	121	74	120.903	77.6716	3.67288
1	121	74	120.264	74.6166	0.960032
1	121	74	122.686	73.7839	1.70009
1	121	74	118.351	75.8199	3.2136
1	121	74	122.777	74.8589	1.97413
1	121	74	121.796	74.6108	1.00348
1	121	74	122.091	75.2811	1.68243
1	121	74	118.877	75.8521	2.81763
1	121	74	121.796	73.8143	0.817118
1	121	74	118.468	74.7901	2.65243
1	121	74	105.67	95.1985	26.1608
1	121	74	122.643	75.8063	2.44178
1	121	74	108.006	96.2945	25.8048
1	121	74	114.036	72.3473	7.15726
1	121	74	119.344	76.3061	2.83933
1	121	74	125.62	71.9995	5.03482
1	121	74	124.821	73.3833	3.87019
1	121	74	119.338	76.2879	2.82793
1	121	74	122.568	73.097	1.80973
1	121	74	123.142	74.6145	2.22822
1	121	74	121.292	73.8217	0.34211
1	121	74	118.505	75.1973	2.76769
1	121	74	121.943	73.2944	1.17777
1	121	74	120.282	75.1656	1.36891
1	121	74	122.219	76.5937	2.86596
1	121	74	96.5287	97.4374	33.8845
1	121	74	120.054	74.3596	1.01235
1	121	74	119.702	74.5831	1.42274
1	121	74	119.829	75.2141	1.68658
1	121	74	119.005	76.7988	3.43714
1	121	74	115.671	83.3507	10.7628
1	121	74	109.843	96.2251	24.8684
1	121	74	102.799	97.4387	29.6756
1	121	74	118.844	72.281	2.75703
1	121	74	107.58	97.2874	26.8774
1	121	74	120.762	74.2299	0.331158
1	121	74	122.167	75.9475	2.27031
1	121	74	105.857	93.7583	24.894
1	121	74	121.701	73.7265	0.752884
1	121	74	120.122	75.6384	1.85886
1	121	74	123.566	76.6453	3.68505
1	121	74	106.68	97.4887	27.5095
1	121	74	118.512	76.1518	3.28922
1	121	74	118.971	75.3479	2.43579
1	121	74	122.366	74.443	1.43572
1	121	74	122.528	76.483	2.91529
1	121	74	122.899	73.6051	1.93918
1	121	74	121.474	74.5001	0.689131
1	121	74	119.89	72.7139	1.69895
1	121	74	121.473	73.0025	1.10415
1	121	74	119.507	74.2359	1.51142
1	121	74	120.902	75.2386	1.24248
1	121	74	119.748	75.442	1.90941
1	121	74	121.86	72.6147	1.63051
1	121	74	108.822	97.3582	26.342
1	121	74	121.829	73.9335	0.831447
1	121	74	121.211	73.7485	0.328404
1	121	74	108.012	92.8826	22.9179
1	121	74	119.046	83.6977	9.89248
1	121	74	122.346	75.9939	2.40593
1	121	74	121.253	75.9367	1.95318
1	121	74	120.379	72.0994	1.99934
1	121	74	122.397	75.5123	2.05911
1	121	74	123.511	75.1554	2.76364
1	121	74	109.417	93.7709	22.9142
1	121	74	120.092	77.453	3.57042
1	121	74	120.056	73.8346	0.958706
1	121	74	115.825	75.4964	5.38655
1	121	74	138.63	83.3354	19.9493
1	121	74	121.189	76.0232	2.03198
1	121	74	121.747	72.4022	1.76392
1	121	74	124.237	79.7985	6.64084
1	121	74	123.694	75.1515	2.92936
1	121	74	123.33	74.3649	2.35817
1	121	74	123.3	76.272	3.23317
1	121	74	118.685	75.4135	2.71281
1	121	74	120.529	74.4903	0.680001
1	121	74	122.164	78.2194	4.37702
1	121	74	120.671	72.9474	1.10284
1	121	74	119.859	74.2342	1.16435
1	121	74	140.729	86.4631	23.3362
1	121	74	121.404	74.4265	0.587427
1	121	74	123.109	74.9756	2.32387
1	121	74	121.238	77.3535	3.36187
1	121	74	110.348	97.3125	25.6307
1	121	74	120.023	74.7311	1.22018
1	121	74	122.092	73.8185	1.10678
1	121	74	120.964	77.8476	3.84776
1	121	74	123.666	75.4939	3.05607
1	121	74	122.262	76.5491	2.8442
1	121	74	113.923	87.3656	15.1237
1	121	74	140.559	85.9451	22.9181
1	121	74	104.55	90.4014	23.2293
1	121	74	121.777	75.5841	1.76458
1	121	74	119.425	76.5179	2.97018
1	121	74	122.048	76.5417	2.74931
1	121	74	107.246	97.3474	27.0977
1	121	74	120.192	75.5894	1.78316
1	121	74	122.836	76.9651	3.4877
1	121	74	122.6	75.9945	2.557
1	121	74	121.908	74.853	1.24567
1	121	74	122.913	75.8963	2.69326
1	121	74	105.87	93.365	24.5749
1	121	74	122.951	74.7662	2.09641
1	121	74	121.462	77.9315	3.95849
1	121	74	122.49	73.6526	1.53036
1	121	74	120.061	75.781	2.01333
1	121	74	120.198	72.209	1.96248
1	121	74	109.424	97.3809	26.0895
1	121	74	120.869	75.7939	1.79863
1	121	74	121.312	77.3909	3.40521
1	121	74	119.617	75.1569	1.80323
1	121	74	121.193	74.552	0.584697
1	121	74	122.287	78.037	4.23728
1	121	74	118.387	75.8565	3.20535
1	121	74	140.223	86.2165	22.7764
1	121	74	113.12	89.8827	17.73
1	121	74	120.752	75.7995	1.8164
1	121	74	120.691	75.3958	1.42962
1	121	74	119.336	76.1785	2.74122
1	121	74	121.871	75.0848	1.39118
1	121	74	120.968	73.1641	0.836477
1	121	74	118.843	75.5549	2.65885
1	121	74	119.682	73.4626	1.42365
1	121	74	123.687	75.3671	3.01466
1	121	74	121.199	74.9441	0.964838
1	121	74	122.832	73.0578	2.06032
1	121	74	106.557	67.3944	15.8821
1	121	74	123.363	73.4531	2.42523
1	121	74	128.35	64.475	12.0314
1	121	74	122.43	76.877	3.21301
1	121	74	121.386	74.8063	0.893848
1	121	74	103.748	85.4275	20.6937
1	121	74	122.26	74.7607	1.47159
1	121	74	118.888	75.6536	2.68235
1	121	74	121.462	73.7692	0.516327
1	121	74	130.368	78.7702	10.5128
1	121	74	121.131	75.2879	1.29454
1	121	74	120.139	75.8801	2.06785
1	121	74	120.185	75.3167	1.54874
1	121	74	118.338	82.0886	8.51526
1	121	74	121.72	76.2029	2.31761
1	121	74	109.863	96.1807	24.8195
1	121	74	120.272	76.1278	2.24901
1	121	74	94.6086	97.437	35.2959
1	121	74	123.484	75.9271	3.14422
1	121	74	138.569	86.2743	21.4316
1	121	74	77.1484	82.6063	44.6882
1	121	74	111.454	97.3429	25.2192
1	121	74	120.653	75.0782	1.13253
1	121	74	120.538	75.9543	2.00826
1	121	74	120.715	74.4515	0.533758
1	121	74	105.694	89.3453	21.6737
1	121	74	118.721	75.4675	2.71099
1	121	74	139.958	83.686	21.2886
1	121	74	122.529	77.2131	3.5585
1	121	74	122.379	74.6647	1.53071
1	121	74	121.795	73.1164	1.18844
1	121	74	111.005	96.6629	24.769
1	121	74	120.305	77.3072	3.37944
1	121	74	109.646	97.4926	26.0924
1	121	74	123.692	76.1571	3.44992
1	121	74	118.669	74.7688	2.45424
1	121	74	104.68	93.3547	25.3172
1	121	74	118.566	75.0859	2.66504
1	121	74	118.901	72.6502	2.49541
1	121	74	109.691	97.3117	25.9099
1	121	74	120.893	73.5751	0.438051
1	121	74	108.969	96.7581	25.7426
1	121	74	120.368	77.3255	3.385
1	121	74	118.897	75.241	2.44206
1	121	74	122.772	74.6619	1.89123
1	121	74	120.607	76.634	2.66313
1	121	74	120.49	77.6228	3.65852
1	121	74	118.389	76.1392	3.37532
1	121	74	122.532	77.8002	4.09735
1	121	74	109.195	94.6201	23.7603
1	121	74	121.303	73.4171	0.656868
1	121	74	106.528	92.0483	23.1338
1	121	74	119.815	73.7616	1.20833
1	121	74	122.701	74.6605	1.82479
1	121	74	122.437	77.7438	4.01005
1	121	74	119.979	74.8368	1.31985
1	121	74	120.738	74.3639	0.448529
1	121	74	134.799	85.0261	17.6635
1	121	74	122.385	73.2736	1.56406
1	121	74	123.934	73.9214	2.93543
1	121	74	136.032	87.3455	20.1011
1	121	74	105.418	93.4145	24.894
1	121	74	119.943	77.4072	3.56747
1	121	74	118.982	75.7854	2.69427
1	121	74	128.396	66.196	10.7519
1	121	74	120.39	73.1419	1.05274
1	121	74	126.296	66.7013	9.01793
1	121	74	122.475	73.0112	1.77542
1	121	74	121.025	74.3298	0.330742
1	121	74	119.916	73.0459	1.44374
1	121	74	121.35	74.3582	0.500579
1	121	74	120.351	73.1555	1.06492
1	121	74	123.801	73.7406	2.81345
1	121	74	122.386	75.3942	1.96609
1	121	74	123.66	74.6497	2.73812
1	121	74	138.219	86.9564	21.5489
1	121	74	124.539	73.8574	3.54212
1	121	74	134.579	80.7659	15.1709
1	121	74	111.872	91.0762	19.3626
1	121	74	114.177	69.7183	8.05496
1	121	74	119.152	74.7213	1.98337
1	121	74	141.86	85.0489	23.6052
1	121	74	120.659	74.3411	0.48199
1	121	74	120.981	75.0549	1.05502
1	121	74	107.744	95.2218	25.0215
1	121	74	120.091	75.978	2.17709
1	121	74	121.765	76.7922	2.89501
1	121	74	117.815	78.2072	5.27656
1	121	74	121.054	74.8816	0.883328
1	121	74	122.294	75.5544	2.02276
1	121	74	120.246	73.6644	0.825205
1	121	74	121.8	76.3243	2.45812
1	121	74	122.882	78.1444	4.55166
1	121	74	123.402	74.8448	2.5459
1	121	74	120.989	74.793	0.793084
1	121	74	122.076	73.619	1.14191
1	121	74	121.183	75.2793	1.29242
1	121	74	121.051	75.4848	1.48569
1	121	74	95.5052	97.4372	34.6308
1	121	74	124.344	73.6506	3.36204
1	121	74	126.891	76.1393	6.26733
1	121	74	123.093	73.3429	2.19408
1	121	74	122.971	73.0572	2.18516
1	121	74	120.623	76.7506	2.77634
1	121	74	106.587	92.7543	23.6529
1	121	74	139.732	84.5856	21.5158
1	121	74	138.095	87.2331	21.6184
1	121	74	122.469	74.3196	1.50307
1	121	74	121.53	72.1661	1.90902
1	121	74	122.229	75.6336	2.04436
1	121	74	123.87	74.689	2.95166
1	121	74	108.735	92.0823	21.8493
1	121	74	98.6466	97.4379	32.3884
1	121	74	121.228	76.0512	2.06385
1	121	74	116.2	75.1777	4.94212
1	121	74	122.87	74.002	1.86956
1	121	74	121.315	74.8726	0.927807
1	121	74	121.048	74.8961	0.897377
1	121	74	122.308	72.5879	1.92505
1	121	74	124.044	74.6348	3.10966
1	121	74	110.155	97.4847	25.868
1	121	74	120.562	76.844	2.87754
1	121	74	121.68	73.5954	0.791327
1	121	74	119.287	76.4391	2.9804
1	121	74	121.816	73.2318	1.12043
1	121	74	115.547	89.5475	16.4762
1	121	74	119.671	75.7052	2.16204
1	121	74	119.417	76.1008	2.63033
1	121	74	128.575	66.4209	10.7157
1	121	74	121.632	74.9083	1.10645
1	121	74	105.465	87.8625	20.821
1	121	74	119.278	74.9607	1.97202
1	121	74	105.238	91.6765	23.6832
1	121	74	120.278	76.042	2.16598
1	121	74	120.382	72.8736	1.28458
1	121	74	122.97	76.0137	2.81712
1	121	74	123.561	74.1193	2.56386
1	121	74	110.097	97.4641	25.8736
1	121	74	123.661	74.7121	2.75488
1	121	74	107.206	97.279	27.0587
1	121	74	122.119	76.4596	2.70202
1	121	74	119.345	75.2885	2.09723
1	121	74	122.264	75.8251	2.22031
1	121	74	121.676	73.4065	0.899279
1	121	74	118.829	74.0374	2.17125
1	121	74	122.789	73.4071	1.88498
1	121	74	123.443	76.0121	3.16505
1	121	74	120.116	77.3971	3.51038
1	121	74	122.204	76.9487	3.18488
1	121	74	121.215	74.3993	0.453669
1	121	74	121.605	75.3717	1.49903
1	121	74	121.142	75.03	1.0397
1	121	74	129.055	64.7135	12.2929
1	121	74	119.637	74.4249	1.42783
1	121	74	123.464	74.1211	2.46675
1	121	74	121.836	75.9071	2.08241
1	121	74	121.473	74.3086	0.56436
1	121	74	123.873	74.3072	2.88961
1	121	74	121.621	77.7189	3.77042
1	121	74	123.063	75.5778	2.59704
1	121	74	101.732	97.4385	30.3415
1	121	74	120.379	74.9903	1.16914
1	121	74	123.474	76.4133	3.45628
1	121	74	121.145	73.6676	0.362475
1	121	74	120.375	76.6789	2.75083
1	121	74	109.653	97.349	25.9602
1	121	74	123.281	74.7459	2.39962
1	121	74	121.92	75.591	1.83794
1	121	74	122.532	74.4699	1.60266
1	121	74	110.349	97.3621	25.6757
1	121	74	121.446	75.1702	1.25239
1	121	74	125.819	74.913	4.90429
1	121	74	127.336	74.3579	6.34615
1	121	74	119.604	78.1089	4.33962
1	121	74	119.841	75.1419	1.62706
1	121	74	120.778	74.0801	0.235874
1	121	74	119.416	74.968	1.85642
1	121	74	120.153	74.9273	1.25591
1	121	74	120.574	77.4387	3.46496
1	121	74	121.308	77.1842	3.19911
1	121	74	118.968	74.1785	2.04024
1	121	74	123.131	75.4312	2.56726
1	121	74	120.645	74.7896	0.865637
1	121	74	122.796	77.493	3.92754
