1	121	74	122.128	93.6715	19.7038
1	121	74	138.632	79.4209	18.4467
1	121	74	118.368	76.444	3.59184
1	121	74	119.391	86.2653	12.3703
1	121	74	138.693	86.0873	21.4279
1	121	74	138.963	88.1434	22.8631
1	121	74	108.636	96.8996	26.0242
1	121	74	140.65	85.5168	22.776
1	121	74	133.117	75.8154	12.2518
1	121	74	132.232	76.2824	11.4619
1	121	74	109.163	97.3696	26.1962
1	121	74	129.414	79.1647	9.87255
1	121	74	112.838	89.337	17.3737
1	121	74	131.343	79.2266	11.5887
1	121	74	122.511	72.3595	2.23017
1	121	74	130.397	76.5182	9.72879
1	121	74	124.639	76.4992	4.41434
1	121	74	106.866	97.2216	27.1845
1	121	74	126.123	74.7402	5.17625
1	121	74	141.118	85.0325	22.9442
1	121	74	129.952	72.3582	9.10176
1	121	74	119.068	74.643	2.03664
1	121	74	76.8906	45.3451	52.5998
1	121	74	114.034	82.9441	11.3367
1	121	74	101.182	56.196	26.6405
1	121	74	114.576	87.3833	14.8452
1	121	74	106.834	97.444	27.3917
1	121	74	113.473	97.4141	24.5942
1	121	74	41.3835	13.4357	100.034
1	121	74	95.5227	97.4661	34.6374
1	121	74	111.569	91.9889	20.3112
1	121	74	131.041	75.1228	10.1031
1	121	74	121.957	77.2579	3.39571
1	121	74	94.8688	97.4371	35.1018
1	121	74	79.9607	46.2475	49.5422
1	121	74	125.869	84.7955	11.8429
1	121	74	130.842	80.7237	11.9194
1	121	74	108.024	97.341	26.7052
1	121	74	108.679	81.7494	14.5557
1	121	74	120.297	45.9738	28.035
1	121	74	121.034	86.9481	12.9482
1	121	74	105.9	55.2269	24.0926
1	121	74	64.1502	13.5978	82.9477
1	121	74	118.316	76.926	3.97066
1	121	74	122.879	69.594	4.79015
1	121	74	43.4931	21.6253	93.5437
1	121	74	105.449	83.8245	18.3946
1	121	74	141.934	76.506	21.0831
1	121	74	122.842	72.4168	2.42872
1	121	74	102.835	97.0485	29.3462
1	121	74	54.9131	92.9113	68.7394
1	121	74	91.0473	75.4441	29.9875
1	121	74	106.377	83.7848	17.595
1	121	74	107.81	60.8118	18.6523
1	121	74	111.345	90.5952	19.1995
1	121	74	86.2258	66.0932	35.6618
1	121	74	141.828	84.1143	23.1544
1	121	74	141.612	82.5076	22.2991
1	121	74	127.619	74.6357	6.64988
1	121	74	101.998	55.8026	26.3103
1	121	74	131.288	83.1849	13.7917
1	121	74	127.49	75.0912	6.58086
1	121	74	68.9564	97.4316	57.0751
1	121	74	124.169	70.4272	4.77575
1	121	74	133.404	57.2418	20.8494
1	121	74	132.931	78.3942	12.7142
1	121	74	124.043	88.2873	14.6078
1	121	74	112.767	63.7129	13.1758
1	121	74	113.673	97.4836	24.6001
1	121	74	107.107	67.0125	15.5516
1	121	74	86.906	60.8289	36.5497
1	121	74	123.068	88.6965	14.8413
1	121	74	140.216	85.5077	22.3984
1	121	74	131.181	77.0085	10.6159
1	121	74	130.192	82.1462	12.2821
1	121	74	83.0478	93.4745	42.6571
1	121	74	129.741	71.94	8.98076
1	121	74	133.348	76.2899	12.5588
1	121	74	121.741	81.2826	7.32014
1	121	74	107.626	97.2596	26.8303
1	121	74	87.7678	63.1025	34.9734
1	121	74	64.7065	97.4307	60.9751
1	121	74	140.882	85.2081	22.8235
1	121	74	124.908	57.58	16.8787
1	121	74	130.003	72.2541	9.17083
1	121	74	119.62	78.0486	4.27733
1	121	74	131.425	69.7819	11.246
1	121	74	110.409	97.27	25.5668
1	121	74	120.929	85.915	11.9152
1	121	74	46.9515	20.2221	91.5164
1	121	74	132.815	76.3925	12.0552
1	121	74	107.299	82.3944	16.068
1	121	74	138.075	79.4996	17.9388
1	121	74	141.027	37.1324	41.9559
1	121	74	111.598	75.7036	9.55497
1	121	74	119.113	76.815	3.38898
1	121	74	134.715	78.0734	14.3068
1	121	74	120.517	74.2574	0.54773
1	121	74	132.646	77.7393	12.2314
1	121	74	115.809	93.5268	20.2051
1	121	74	120.249	72.1915	1.95844
1	121	74	125.756	80.9318	8.40628
1	121	74	122.588	77.0875	3.47203
1	121	74	140.699	76.6367	19.8751
1	121	74	102.843	97.0945	29.3774
1	121	74	128.811	73.3446	7.83859
1	121	74	117.655	76.8063	4.36622
1	121	74	131.092	83.4988	13.8593
1	121	74	115.936	82.9174	10.2551
1	121	74	133.288	72.3525	12.3977
1	121	74	122.083	69.8794	4.26058
1	121	74	139.306	85.3872	21.5583
1	121	74	119.069	83.2212	9.42125
1	121	74	130.26	73.7671	9.26278
1	121	74	97.9719	95.3188	31.3812
1	121	74	124.588	79.8959	6.90205
1	121	74	127.391	57.2646	17.9142
1	121	74	137.559	79.8166	17.5507
1	121	74	124.131	81.7189	8.32977
1	121	74	105.037	97.4392	28.3587
1	121	74	128.596	69.8373	8.66137
1	121	74	110.266	93.5341	22.2889
1	121	74	119.351	75.8056	2.4452
1	121	74	117.318	75.6498	4.03449
1	121	74	125.114	79.2774	6.69123
1	121	74	105.93	91.1294	22.815
1	121	74	125.684	89.23	15.9339
1	121	74	110.96	80.0659	11.7303
1	121	74	120.786	82.165	8.16778
1	121	74	117.606	77.6925	5.01569
1	121	74	125.607	84.9626	11.8913
1	121	74	130.479	73.7121	9.48341
1	121	74	129.299	78.7031	9.53925
1	121	74	113.487	97.0394	24.2336
1	121	74	130.71	72.2298	9.86964
1	121	74	100.478	97.4383	31.1531
1	121	74	126.698	77.4395	6.65529
1	121	74	83.0579	50.947	44.3964
1	121	74	94.9519	97.4166	35.0263
1	121	74	141.1	84.0274	22.462
1	121	74	131.984	82.1866	13.699
1	121	74	127.819	73.0472	6.88517
1	121	74	128.813	71.7624	8.12704
1	121	74	117.575	88.3968	14.7987
1	121	74	105.71	93.6963	24.9343
1	121	74	104.928	97.4392	28.4201
1	121	74	141.049	82.049	21.604
1	121	74	116.947	85.907	12.5779
1	121	74	122.884	74.6077	1.97946
1	121	74	124.19	86.4789	12.88
1	121	74	133.938	71.0897	13.2611
1	121	74	87.6423	66.2097	34.2552
1	121	74	96.3836	71.0923	24.7875
1	121	74	138.424	78.9928	18.1255
1	121	74	131.565	73.191	10.5964
1	121	74	135.391	76.2258	14.562
1	121	74	139.521	37.4269	40.9954
1	121	74	125.917	79.65	7.48983
1	121	74	118.657	45.7172	28.3797
1	121	74	122.698	71.2745	3.21106
1	121	74	110.426	83.816	14.4279
1	121	74	119.21	92.7196	18.805
1	121	74	126.182	82.0983	9.61451
1	121	74	108.826	91.0619	20.9597
1	121	74	108.958	87.396	18.0127
1	121	74	124.113	82.1861	8.75821
1	121	74	117.904	97.4127	23.6165
1	121	74	95.9842	70.3039	25.2874
1	121	74	125.597	76.3976	5.18507
1	121	74	124.772	86.7257	13.2729
1	121	74	114.592	81.2832	9.70108
1	121	74	117.314	77.1655	4.85882
1	121	74	107.859	87.5686	18.8887
1	121	74	127.928	77.4753	7.75051
1	121	74	129.42	72.787	8.50736
1	121	74	117.174	78.4988	5.90574
1	121	74	51.0516	18.7612	89.1298
1	121	74	132.241	78.5402	12.1236
1	121	74	110.064	92.332	21.3464
1	121	74	111.781	95.8946	23.7563
1	121	74	132.912	78.9525	12.9003
1	121	74	142.221	85.7842	24.2736
1	121	74	135.764	76.3618	14.9521
1	121	74	117.76	45.5902	28.5939
1	121	74	121.901	74.4419	1.00393
1	121	74	93.528	97.4368	36.1109
1	121	74	137.267	52.4776	26.9782
1	121	74	119.594	77.7747	4.02791
1	121	74	49.9599	34.3122	81.3745
1	121	74	106.417	92.1746	23.3019
1	121	74	125.952	71.8688	5.39152
1	121	74	119.582	78.1976	4.43078
1	121	74	65.8817	17.1407	79.1897
1	121	74	136.002	82.8851	17.4361
1	121	74	124.289	89.5757	15.9191
1	121	74	99.7249	97.4381	31.654
1	121	74	131.598	77.4106	11.1335
1	121	74	87.7407	66.0796	34.1894
1	121	74	124.974	78.8463	6.26748
1	121	74	129.173	71.4355	8.56635
1	121	74	134.212	76.3329	13.416
1	121	74	105.324	82.1821	17.6826
1	121	74	127.75	75.6713	6.95425
1	121	74	85.7921	64.331	36.5114
1	121	74	114.284	75.3771	6.85609
1	121	74	123.058	46.4756	27.6013
1	121	74	123.805	81.0091	7.54976
1	121	74	128.846	71.7842	8.15291
1	121	74	134.008	74.732	13.0288
1	121	74	121.19	97.1886	23.1894
1	121	74	120.434	75.496	1.59946
1	121	74	121.263	86.1239	12.1268
1	121	74	116.604	81.0805	8.33403
1	121	74	132.007	79.3689	12.2464
1	121	74	114.568	75.7664	6.67045
1	121	74	123.445	79.7683	6.26494
1	121	74	129.444	69.845	9.41063
1	121	74	117.056	77.3947	5.204
1	121	74	118.145	80.5596	7.15404
1	121	74	133.604	78.7051	13.4535
1	121	74	114.203	77.4753	7.63429
1	121	74	127.603	73.4214	6.62851
1	121	74	89.3276	65.7459	32.7303
1	121	74	130.743	73.4609	9.75795
1	121	74	120.394	94.5305	20.5394
1	121	74	121.745	80.0688	6.11436
1	121	74	86.0929	60.4789	37.4343
1	121	74	102.235	81.1873	20.0941
1	121	74	116.582	78.7914	6.51747
1	121	74	118.297	45.633	28.4955
1	121	74	121.479	76.3076	2.35678
1	121	74	124.107	75.6593	3.52222
1	121	74	108.99	84.4328	15.9083
1	121	74	118.444	80.1269	6.63852
1	121	74	128.903	87.6558	15.7778
1	121	74	119.269	85.0766	11.211
1	121	74	140.448	85.6214	22.6559
1	121	74	121.392	74.3219	0.507323
1	121	74	122.618	46.3225	27.7248
1	121	74	132.651	81.0972	13.6426
1	121	74	112.004	89.2441	17.7008
1	121	74	136.875	75.3029	15.9288
1	121	74	130.585	75.2892	9.67111
1	121	74	124.754	80.1941	7.24291
1	121	74	119.941	74.8006	1.32792
1	121	74	86.9903	66.1005	34.9151
1	121	74	88.1752	66.1362	33.7536
1	121	74	139.226	78.7862	18.8438
1	121	74	102.656	55.4813	26.0661
1	121	74	131.466	54.7199	21.9377
1	121	74	130.117	83.0984	12.88
1	121	74	116.581	83.2811	10.2794
1	121	74	123.938	46.5432	27.6135
1	121	74	117.446	45.5065	28.7143
1	121	74	133.026	78.3093	12.775
1	121	74	107.204	97.0718	26.8817
1	121	74	124.689	92.5257	18.8894
1	121	74	77.3272	45.8092	51.9811
1	121	74	98.6375	91.3703	28.3162
1	121	74	98.9246	97.4379	32.1972
1	121	74	125.724	79.5546	7.29208
1	121	74	78.3806	46.437	50.7556
1	121	74	113.502	64.4134	12.1706
1	121	74	38.3723	97.4249	85.884
1	121	74	123.745	94.131	20.3173
1	121	74	105.007	66.3958	17.7088
1	121	74	118.81	45.7594	28.3254
1	121	74	116.862	82.1022	9.09785
1	121	74	132.598	76.4754	11.8595
1	121	74	91.945	58.6515	32.8599
1	121	74	115.928	97.4499	23.9921
1	121	74	114.622	68.2477	8.58878
1	121	74	141.477	83.1826	22.4413
1	121	74	133.023	78.4294	12.8132
1	121	74	38.4675	22.5295	97.2668
1	121	74	131.766	72.1831	10.9182
1	121	74	98.8664	94.898	30.4405
1	121	74	37.2929	24.0809	97.4618
1	121	74	120.167	74.8154	1.16531
1	121	74	89.9755	64.0887	32.5692
1	121	74	102.719	97.4387	29.7249
1	121	74	111.752	64.4024	13.3281
1	121	74	130.396	75.9887	9.60454
1	121	74	119.032	45.76	28.3084
1	121	74	121.614	78.705	4.74491
1	121	74	125.861	84.1938	11.2935
1	121	74	99.4403	56.2234	27.9433
1	121	74	124.202	77.8917	5.03945
1	121	74	106.256	84.1948	17.9252
1	121	74	126.978	73.1625	6.03667
1	121	74	118.129	75.2967	3.15057
1	121	74	123.781	92.0085	18.222
1	121	74	133.611	75.9859	12.7663
1	121	74	136	72.2762	15.0987
1	121	74	105.039	87.2169	20.7227
1	121	74	101.368	97.4384	30.5742
1	121	74	119.393	74.1098	1.61042
1	121	74	125.273	80.7701	8.00599
1	121	74	122.053	71.612	2.60992
1	121	74	126.793	79.4376	7.94497
1	121	74	107.429	92.0646	22.5943
1	121	74	131.415	74.7014	10.4389
1	121	74	132.39	82.0034	13.9204
1	121	74	38.4709	25.8738	95.5362
1	121	74	113.658	87.0866	15.0055
1	121	74	83.6956	86.6734	39.3984
1	121	74	133.331	76.0918	12.5068
1	121	74	117.059	77.756	5.44447
1	121	74	117.717	76.3896	4.06027
1	121	74	120.362	97.3712	23.3799
1	121	74	125.538	74.7235	4.59509
1	121	74	121.791	78.1622	4.23674
1	121	74	131.887	76.866	11.2578
1	121	74	106.965	89.8047	21.1371
1	121	74	126.454	77.1739	6.30999
1	121	74	141.332	84.3426	22.8115
1	121	74	120.192	88.6356	14.6579
1	121	74	120.893	90.1091	16.1094
1	121	74	117.562	85.6192	12.1173
1	121	74	128.364	81.6068	10.5873
1	121	74	113.398	93.6339	21.0543
1	121	74	121.016	72.954	1.04614
1	121	74	111.114	86.4382	15.8887
1	121	74	69.632	11.157	81.166
1	121	74	137.879	79.7441	17.83
1	121	74	70.317	10.8177	80.9986
1	121	74	81.669	11.7891	73.6011
1	121	74	140.183	74.1942	19.1837
1	121	74	130.391	51.0175	24.8273
1	121	74	93.4917	51.2209	35.7155
1	121	74	124.125	87.1149	13.4822
1	121	74	93.2746	67.751	28.4209
1	121	74	128.647	77.3608	8.35281
1	121	74	119.894	45.9303	28.0914
1	121	74	125.734	76.4222	5.31798
1	121	74	104.36	55.7618	24.6884
1	121	74	118.586	45.7171	28.3858
1	121	74	120.245	45.9736	28.0365
1	121	74	121.138	81.5773	7.57855
1	121	74	101.795	86.6419	22.9926
1	121	74	131.412	71.9525	10.6111
1	121	74	121.325	71.465	2.55571
1	121	74	111.841	89.5562	18.0521
1	121	74	115.881	91.6145	18.3433
1	121	74	131.094	72.7426	10.1719
1	121	74	35.5884	24.286	98.8263
1	121	74	130.768	82.7344	13.1039
1	121	74	130.265	77.8146	10.0197
1	121	74	129.369	84.153	13.1576
1	121	74	123.641	72.7416	2.92516
1	121	74	128.188	75.3456	7.31273
1	121	74	106.175	67.7615	16.0842
1	121	74	112.404	97.362	24.8932
1	121	74	133	74.2353	12.0018
1	121	74	122.281	58.912	15.1423
1	121	74	133.491	42.9914	33.4298
1	121	74	126.307	91.2315	18.0301
1	121	74	121.624	72.2912	1.81904
1	121	74	125.671	73.489	4.69934
1	121	74	118.232	45.6328	28.5019
1	121	74	126.557	70.6489	6.48918
1	121	74	118.552	72.0068	3.15703
1	121	74	126.153	75.2783	5.30961
1	121	74	38.4391	25.8988	95.5512
1	121	74	107.992	92.7204	22.7963
1	121	74	125.955	92.0775	18.7442
1	121	74	132.051	72.8495	11.1109
1	121	74	110.985	76.2275	10.2601
1	121	74	118.954	83.7672	9.97913
1	121	74	115.071	85.009	12.5043
1	121	74	123.647	89.3479	15.5744
1	121	74	90.8382	57.2311	34.5098
1	121	74	129.098	75.3614	8.21148
1	121	74	69.4231	61.8863	52.9804
1	121	74	135.174	82.8983	16.7357
1	121	74	118.771	74.2544	2.24332
1	121	74	119.479	77.5157	3.83043
1	121	74	126.29	81.2323	8.96056
1	121	74	128.528	79.4824	9.3128
1	121	74	124.651	61.5314	12.9922
1	121	74	101.579	93.5974	27.5908
1	121	74	117.841	77.085	4.41538
1	121	74	115.302	82.2232	10.0044
1	121	74	114.595	76.5354	6.88849
1	121	74	110.12	96.0476	24.5858
1	121	74	116.451	84.8333	11.7495
1	121	74	106.043	53.9506	25.0136
1	121	74	136.106	76.5324	15.3165
1	121	74	131.207	77.6091	10.826
1	121	74	122.736	46.3656	27.6889
1	121	74	107.25	91.7973	22.4904
1	121	74	117.778	76.7383	4.22858
1	121	74	125.297	71.2177	5.11924
1	121	74	125.691	72.0764	5.07005
1	121	74	119.453	45.845	28.1975
1	121	74	102.461	57.1004	25.0856
1	121	74	122.376	85.647	11.728
1	121	74	134.594	75.856	13.7204
1	121	74	128.546	88.0636	15.9603
1	121	74	118.644	74.1706	2.36225
1	121	74	113.231	92.0857	19.6839
1	121	74	111.944	82.1754	12.2006
1	121	74	134.377	73.2759	13.3969
1	121	74	120.352	95.4121	21.4219
1	121	74	105.316	92.9039	24.5634
1	121	74	127.012	72.6559	6.16011
1	121	74	105.151	88.6343	21.5718
1	121	74	124.7	89.5533	15.9873
1	121	74	119.629	45.8456	28.1878
1	121	74	99.3701	93.7666	29.3014
1	121	74	135.994	72.4395	15.0746
1	121	74	128.332	71.0825	7.89089
1	121	74	120.888	74.9003	0.907319
1	121	74	133.71	75.7017	12.8234
1	121	74	117.746	88.4554	14.8172
1	121	74	135.465	77.6973	14.9301
1	121	74	118.216	75.0493	2.97498
1	121	74	128.628	79.1391	9.1974
1	121	74	142.956	89.0893	26.6408
1	121	74	131.489	70.3905	11.0923
1	121	74	119.258	95.1824	21.254
1	121	74	129.896	73.1975	8.93209
1	121	74	118.637	45.7172	28.3813
1	121	74	130.187	78.0655	10.0465
1	121	74	111.002	91.9749	20.5683
1	121	74	87.8607	62.2696	35.1542
1	121	74	136.836	80.9707	17.3023
1	121	74	120.349	45.974	28.0335
1	121	74	124.041	70.8223	4.39806
1	121	74	118.838	85.138	11.3459
1	121	74	48.6715	19.5887	90.5097
1	121	74	121.277	84.2208	10.2246
1	121	74	124.755	76.0511	4.27899
1	121	74	136.058	76.5331	15.2694
1	121	74	114.83	76.949	6.83841
1	121	74	99.7413	97.4381	31.643
1	121	74	112.569	90.4204	18.4584
1	121	74	83.5699	58.9178	40.3545
1	121	74	117.091	77.7196	5.39612
1	121	74	105.664	86.6498	19.88
1	121	74	123.502	78.7608	5.37838
1	121	74	116.435	83.3194	10.3775
1	121	74	129.724	73.6063	8.73242
1	121	74	127.139	77.7609	7.19944
1	121	74	126.128	67.4523	8.31705
1	121	74	72.901	97.4324	53.5032
1	121	74	38.9433	25.5929	95.2709
1	121	74	103.761	90.1208	23.6024
1	121	74	121.341	78.668	4.68047
1	121	74	121.267	79.4682	5.47475
1	121	74	124.365	71.5702	4.15055
1	121	74	94.4062	55.4013	32.4521
1	121	74	136.1	84.4142	18.3433
1	121	74	127.601	78.7805	8.15005
1	121	74	141.829	84.151	23.1706
1	121	74	88.962	26.5196	57.2785
1	121	74	141.96	55.5125	27.9481
1	121	74	119.437	79.522	5.73876
1	121	74	118.264	75.8643	3.31106
1	121	74	131.808	72.0705	10.9794
1	121	74	101.569	97.1101	30.1931
1	121	74	119.855	75.4462	1.84486
1	121	74	107.318	84.2441	17.0924
1	121	74	122.896	72.1341	2.66021
1	121	74	117.358	84.0345	10.6749
1	121	74	108.408	95.7894	25.1663
1	121	74	119.951	81.8966	7.96596
1	121	74	53.2863	46.6227	73.0388
1	121	74	113.542	95.7716	23.0138
1	121	74	130.519	73.4556	9.53416
1	121	74	121.326	80.6471	6.65513
1	121	74	121.691	85.6624	11.6829
1	121	74	91.3791	97.4363	37.7712
1	121	74	112.728	90.7937	18.7204
1	121	74	121.19	89.3311	15.3323
1	121	74	123.763	89.5819	15.825
1	121	74	133.648	75.0644	12.6928
1	121	74	104.219	86.788	21.098
1	121	74	117.66	76.4253	4.12787
1	121	74	123.955	77.1102	4.29042
1	121	74	131.503	71.6711	10.7585
1	121	74	132.976	81.351	14.052
1	121	74	110.634	97.3685	25.5644
1	121	74	109.166	97.3696	26.1949
1	121	74	112.603	94.9312	22.5529
1	121	74	118.659	86.5869	12.8027
1	121	74	124.095	90.17	16.4636
1	121	74	41.1451	24.6806	93.8574
1	121	74	117.394	96.4682	22.7558
1	121	74	131.158	76.9651	10.5822
1	121	74	55.3105	97.4286	69.7425
1	121	74	121.504	74.6776	0.844494
1	121	74	104.893	89.0572	22.0492
1	121	74	140.438	86.1047	22.899
1	121	74	138.059	72.6712	17.1109
1	121	74	121.382	77.1046	3.12796
1	121	74	126.711	74.3081	5.71929
1	121	74	115.763	67.3303	8.48021
1	121	74	110.954	97.4758	25.5351
1	121	74	119.557	81.0281	7.17474
1	121	74	130.079	78.1165	9.9683
1	121	74	126.008	87.0183	13.9482
1	121	74	132.552	78.8735	12.5378
1	121	74	117.926	85.0927	11.5107
1	121	74	90.753	63.2746	32.0923
1	121	74	117.081	93.7472	20.1323
1	121	74	131.275	76.7728	10.6429
1	121	74	111.62	88.7015	17.4392
1	121	74	123.243	78.5598	5.08146
1	121	74	116.886	77.1984	5.21116
1	121	74	108.852	97.2993	26.276
1	121	74	108.071	82.3638	15.3983
1	121	74	117.38	81.9996	8.78039
1	121	74	118.039	87.5365	13.8564
1	121	74	117.714	45.5485	28.6406
1	121	74	109.131	96.6684	25.5875
1	121	74	113.692	84.3703	12.6863
1	121	74	107.782	88.9056	19.9219
1	121	74	118.982	87.1123	13.2667
1	121	74	125.852	73.0075	4.95245
1	121	74	87.1806	64.8133	35.0449
1	121	74	135.217	72.4103	14.3056
1	121	74	118.718	75.9482	3.00058
1	121	74	124.379	77.3527	4.76035
1	121	74	114.496	88.497	15.889
1	121	74	99.7409	76.176	21.3702
1	121	74	125.968	88.3835	15.2172
1	121	74	38.5559	23.5849	96.6371
1	121	74	131.25	77.8577	10.9516
1	121	74	139.15	87.5018	22.6209
1	121	74	121.341	73.2947	0.783552
1	121	74	113.987	92.4855	19.7712
1	121	74	134.742	78.4192	14.4355
1	121	74	129.748	77.9155	9.58409
1	121	74	110.849	85.31	15.1971
1	121	74	126.565	77.383	6.51284
1	121	74	120.888	77.8454	3.84705
1	121	74	132.661	78.4873	12.4945
1	121	74	95.8498	49.5486	35.0772
1	121	74	126.432	83.0966	10.5949
1	121	74	107.156	78.8965	14.6845
1	121	74	126.845	81.3319	9.37687
1	121	74	129.085	68.0766	10.0228
1	121	74	91.9732	96.324	36.6185
1	121	74	135.023	69.5397	14.7154
1	121	74	95.7226	97.4373	34.471
1	121	74	122.402	83.4536	9.55711
1	121	74	123.947	67.906	6.76923
1	121	74	118.05	78.3271	5.23727
1	121	74	104.286	73.7297	16.7162
1	121	74	124.842	74.7749	3.91927
1	121	74	139.84	86.2687	22.483
1	121	74	122.636	70.0352	4.2892
1	121	74	116.045	84.234	11.3706
1	121	74	134.038	79.4039	14.1133
1	121	74	122.768	87.3731	13.4895
1	121	74	105.814	97.4394	27.9289
1	121	74	134.488	73.5785	13.4947
1	121	74	131.155	82.6612	13.3471
1	121	74	119.47	76.1113	2.60717
1	121	74	120.847	71.3261	2.67821
1	121	74	70.6382	10.641	80.9362
1	121	74	123.359	69.3479	5.21587
1	121	74	49.5958	19.7116	89.6983
1	121	74	123.368	69.8218	4.80257
1	121	74	141.471	84.5266	23.0187
1	121	74	115.816	77.4013	6.20056
1	121	74	129.645	78.8012	9.88851
1	121	74	126.817	70.7772	6.6498
1	121	74	104.596	86.3501	20.5336
1	121	74	141.949	84.0616	23.2399
1	121	74	141.306	54.4271	28.2031
1	121	74	117.168	82.8262	9.62201
1	121	74	121.499	84.2382	10.2504
1	121	74	122.183	71.6374	2.6422
1	121	74	118.546	45.717	28.3893
1	121	74	76.392	56.2086	48.0251
1	121	74	126.857	71.4517	6.38742
1	121	74	94.929	96.5852	34.4933
1	121	74	122.958	89.4932	15.6165
1	121	74	111.671	95.1111	23.0805
1	121	74	126.93	82.5007	10.3645
1	121	74	135.52	71.8101	14.6842
1	121	74	95.5173	97.4372	34.6218
1	121	74	119.476	45.8451	28.1962
1	121	74	131.705	69.5461	11.595
1	121	74	118.75	45.7175	28.3719
1	121	74	119.9	75.0599	1.52732
1	121	74	130.987	80.9864	12.1879
1	121	74	106.166	94.4783	25.2868
1	121	74	107.968	95.713	25.3234
1	121	74	130.774	72.4226	9.90057
1	121	74	96.1805	54.7583	31.4046
1	121	74	64.3971	14.0321	82.4623
1	121	74	112.646	86.0378	14.6525
1	121	74	126.53	82.1904	9.88241
1	121	74	133.999	73.1989	13.0232
1	121	74	122.964	81.2425	7.50403
1	121	74	124.265	62.3001	12.1469
1	121	74	74.2832	92.5936	50.281
1	121	74	119.287	77.4815	3.88022
1	121	74	111.32	81.3296	12.1419
1	121	74	124.954	76.2893	4.56883
1	121	74	120.25	75.9648	2.10308
1	121	74	123.789	91.6315	17.8507
1	121	74	116.696	81.8576	8.95939
1	121	74	125.759	88.5	15.2611
1	121	74	131.501	77.2344	10.9873
1	121	74	60.981	22.3606	79.1764
1	121	74	120.2	94.8359	20.8512
1	121	74	132.032	77.0922	11.4574
1	121	74	127.781	76.9383	7.38988
1	121	74	104.608	89.453	22.5278
1	121	74	121.057	73.1059	0.895915
1	121	74	135.657	72.9177	14.6973
1	121	74	104.862	97.4392	28.4575
1	121	74	134.772	84.8685	17.5439
1	121	74	121.927	74.546	1.07608
1	121	74	127.076	80.1906	8.67405
1	121	74	107.863	94.6054	24.4367
1	121	74	125.185	75.3044	4.3834
1	121	74	126.129	75.7166	5.40879
1	121	74	132.804	78.596	12.667
1	121	74	105.299	97.3835	28.1659
1	121	74	124.095	71.9732	3.69967
1	121	74	99.0888	97.438	32.0849
1	121	74	129.033	71.9835	8.28255
1	121	74	112.928	85.5357	14.0793
1	121	74	118.658	78.989	5.51139
1	121	74	122.414	73.7083	1.44384
1	121	74	77.8017	51.3831	48.7608
1	121	74	122.651	86.9925	13.097
1	121	74	141.559	78.9361	21.1431
1	121	74	124.931	77.744	5.42887
1	121	74	100.449	56.4568	27.0207
1	121	74	112.774	88.5598	16.723
1	121	74	91.0592	57.8488	34.0193
1	121	74	120.69	77.943	3.95521
1	121	74	126.5	69.0343	7.41013
1	121	74	108.492	65.1252	15.3365
1	121	74	108.486	89.5368	19.9497
1	121	74	119.711	71.1772	3.10319
1	121	74	86.8158	66.1654	35.0705
1	121	74	137.833	87.8632	21.8071
1	121	74	101.188	66.7274	21.105
1	121	74	118.029	45.6917	28.4638
1	121	74	95.7987	97.4373	34.4152
1	121	74	128.833	73.2637	7.86794
1	121	74	77.5861	45.8411	51.7464
1	121	74	121.13	88.6111	14.6117
1	121	74	79.6857	57.4223	44.5162
1	121	74	104.23	87.7861	21.7089
1	121	74	119.641	73.7153	1.38815
1	121	74	121.488	80.3999	6.41848
1	121	74	125.063	73.4958	4.09431
1	121	74	128.149	74.1355	7.15031
1	121	74	126.386	74.4232	5.40238
1	121	74	113.712	93.1997	20.5364
1	121	74	122.683	84.3938	10.5291
1	121	74	75.971	97.4331	50.7614
1	121	74	139.863	84.7029	21.6877
1	121	74	141.724	84.526	23.2442
1	121	74	119.442	73.855	1.56456
1	121	74	107.372	66.1686	15.7177
1	121	74	110.197	61.4445	16.5631
1	121	74	124.325	70.157	5.08176
1	121	74	38.4426	25.8926	95.5513
1	121	74	123.309	71.4681	3.42696
1	121	74	77.6376	45.2241	52.0419
1	121	74	97.7121	90.7574	28.6904
1	121	74	142.189	83.2033	23.1015
1	121	74	128.251	81.7895	10.642
1	121	74	88.4066	65.9927	33.5626
1	121	74	100.083	97.4382	31.4145
1	121	74	108.735	69.0595	13.2231
1	121	74	124.338	79.3004	6.26367
1	121	74	120.016	74.7281	1.22402
1	121	74	115.864	67.0176	8.66807
1	121	74	119.298	96.2567	22.3216
1	121	74	121.712	75.2777	1.46284
1	121	74	121.198	72.3691	1.6429
1	121	74	123.996	67.699	6.97706
1	121	74	124.526	78.4918	5.7106
1	121	74	119.406	93.5292	19.5941
1	121	74	130.278	77.8028	10.0271
1	121	74	132.424	80.6451	13.2161
1	121	74	140.348	77.6825	19.6951
1	121	74	120.732	74.8752	0.915317
1	121	74	120.449	88.0329	14.0437
1	121	74	113.862	97.4026	24.467
1	121	74	125.864	81.1108	8.61544
1	121	74	120.574	86.5424	12.5497
1	121	74	131.206	81.7826	12.8346
1	121	74	125.945	68.9944	7.03621
1	121	74	122.284	77.6478	3.8672
1	121	74	124.307	80.3034	7.11813
1	121	74	120.699	83.3483	9.35311
1	121	74	107.526	90.1209	21.01
1	121	74	119.209	95.6018	21.6759
1	121	74	121.428	78.4842	4.50453
1	121	74	134.757	74.466	13.7647
1	121	74	122.021	75.3488	1.6917
1	121	74	92.1784	94.5614	35.4042
1	121	74	119.489	86.5837	12.6741
1	121	74	122.872	86.3438	12.485
1	121	74	132.611	75.149	11.6681
1	121	74	97.2484	97.4376	33.3685
1	121	74	92.4528	96.0129	36.0487
1	121	74	128.361	68.7032	9.06864
1	121	74	119.383	76.5845	3.04847
1	121	74	107.465	90.0845	21.0214
1	121	74	140.305	86.0162	22.7394
1	121	74	116.711	95.6224	22.0436
1	121	74	127.814	80.3596	9.32083
1	121	74	118.812	74.9555	2.38782
1	121	74	125.37	73.9985	4.37033
1	121	74	85.0335	56.7655	39.8825
1	121	74	126.06	76.9678	5.86577
1	121	74	105.793	55.4437	23.9914
1	121	74	119.247	81.7724	7.96765
1	121	74	119.673	76.9473	3.23218
1	121	74	127.818	75.9123	7.08112
1	121	74	141.469	84.3854	22.9532
1	121	74	116.998	76.6488	4.79881
1	121	74	118.446	45.675	28.4399
1	121	74	116.546	82.2293	9.35751
1	121	74	86.1791	55.8695	39.2582
1	121	74	117.556	83.3734	9.98628
1	121	74	122.495	86.4821	12.5714
1	121	74	93.399	97.2095	36.0624
1	121	74	127.552	74.0862	6.55299
1	121	74	116.316	80.5623	8.06256
1	121	74	111.817	84.9815	14.3151
1	121	74	120.01	77.5545	3.68978
1	121	74	127.93	69.8696	8.0674
1	121	74	118.415	75.8996	3.20795
1	121	74	110.843	94.8155	23.1616
1	121	74	121.135	73.7992	0.24191
1	121	74	109.77	87.3038	17.4101
1	121	74	127.97	74.9817	7.03911
1	121	74	121.253	72.9592	1.07115
1	121	74	110.044	85.9014	16.1765
1	121	74	125.816	66.596	8.83274
1	121	74	109.387	97.3548	26.0825
1	121	74	132.355	70.8287	11.7899
1	121	74	115.471	81.8429	9.59561
1	121	74	50.6613	18.7768	89.4267
1	121	74	102.341	54.5412	26.9596
1	121	74	111.238	62.3304	15.2146
1	121	74	104.443	97.4391	28.6971
1	121	74	119.808	45.8881	28.1372
1	121	74	70.0621	90.5264	53.5518
1	121	74	105.443	77.4336	15.9312
1	121	74	122.643	74.5856	1.74441
1	121	74	142.19	83.6064	23.2655
1	121	74	137.275	80.5705	17.5511
1	121	74	119.042	45.7601	28.3077
1	121	74	141.509	85.9295	23.7259
1	121	74	119.405	75.5023	2.19084
1	121	74	127.805	78.3773	8.09134
1	121	74	128.822	68.4875	9.56933
1	121	74	114.762	83.0379	10.9814
1	121	74	95.7721	94.7241	32.6486
1	121	74	96.1634	15.3674	63.676
1	121	74	122.225	86.8658	12.924
1	121	74	128.978	74.1162	7.97919
1	121	74	132.007	65.3763	13.9829
1	121	74	108.769	80.7652	13.9771
1	121	74	129.196	68.7699	9.72251
1	121	74	55.6782	41.0898	73.1439
1	121	74	122.877	88.659	14.7787
1	121	74	128.134	72.4781	7.2947
1	121	74	118.867	82.9937	9.24312
1	121	74	106.516	97.4395	27.5536
1	121	74	132.171	72.7498	11.2411
1	121	74	123.806	74.9493	2.96229
1	121	74	132.657	71.3277	11.9596
1	121	74	133.816	79.8025	14.0688
1	121	74	125.743	92.6353	19.2294
1	121	74	104.241	81.398	18.3191
1	121	74	125.661	93.1728	19.7313
1	121	74	133.054	78.1788	12.7576
1	121	74	133.962	76.039	13.1212
1	121	74	130.27	65.4475	12.6127
1	121	74	124.67	52.6727	21.6408
1	121	74	125.653	78.9645	6.80442
1	121	74	135.014	74.0755	14.0143
1	121	74	120.867	90.281	16.2815
1	121	74	122.233	88.4525	14.505
1	121	74	116.351	81.8159	9.09394
1	121	74	132.031	78.7406	12.0066
1	121	74	133.873	90.2152	20.7036
1	121	74	118.844	74.5301	2.21988
1	121	74	111.935	97.4857	25.1744
1	121	74	122.654	72.942	1.96371
1	121	74	141.765	77.3031	21.026
1	121	74	123.448	72.5866	2.82654
1	121	74	126.622	73.7913	5.62626
1	121	74	111.518	86.1075	15.3783
1	121	74	91.3453	55.3559	35.0286
1	121	74	107.4	61.5313	18.4506
1	121	74	63.1466	15.0195	82.6179
1	121	74	109.628	97.3282	25.9523
1	121	74	99.2984	55.7329	28.3663
1	121	74	119.997	45.9307	28.0872
1	121	74	135.696	74.2156	14.6974
1	121	74	133.14	80.0663	13.5713
1	121	74	91.0778	49.3599	38.7618
1	121	74	66.8551	22.1739	74.9507
1	121	74	117.737	79.31	6.23247
1	121	74	117.442	84.7916	11.3629
1	121	74	117.944	89.7674	16.0608
1	121	74	135.858	74.1617	14.8584
1	121	74	112.038	84.427	13.7489
1	121	74	122.998	72.9222	2.27028
1	121	74	131.008	70.3839	10.6411
1	121	74	127.324	75.5438	6.50954
1	121	74	132.788	73.8089	11.7898
1	121	74	111.542	66.3826	12.1441
1	121	74	119.953	45.9305	28.089
1	121	74	106.482	97.3564	27.5008
1	121	74	121.886	76.5919	2.73898
1	121	74	138.915	85.1336	21.0926
1	121	74	133.373	79.0343	13.3578
1	121	74	119.931	89.2828	15.3201
1	121	74	133.002	78.9507	12.9832
1	121	74	118.723	45.7174	28.3741
1	121	74	130.782	73.6467	9.78825
1	121	74	130.829	73.7834	9.83132
1	121	74	123.136	76.9581	3.64849
1	121	74	119.008	45.8292	28.2412
1	121	74	126.506	75.9626	5.84493
1	121	74	123.825	89.2125	15.4727
1	121	74	128.707	90.0074	17.7661
1	121	74	142.069	83.8443	23.2554
1	121	74	124.224	77.4469	4.71989
1	121	74	114.315	82.7416	11.0045
1	121	74	78.6456	46.8925	50.2863
1	121	74	113.45	89.9679	17.6628
1	121	74	70.7169	10.6176	80.9057
1	121	74	127.877	92.2385	19.4919
1	121	74	139.774	69.4695	19.3125
1	121	74	107.721	97.3496	26.8614
1	121	74	123.21	75.4099	2.62172
1	121	74	141.949	83.9915	23.2094
1	121	74	119.788	75.2365	1.73164
1	121	74	118.381	84.2493	10.5785
1	121	74	120.971	68.7256	5.27445
1	121	74	45.3367	44.3214	81.2758
1	121	74	128.681	73.6394	7.68937
1	121	74	121.912	72.5766	1.69029
1	121	74	121.78	86.2387	12.2636
1	121	74	111.872	88.8268	17.4115
1	121	74	39.6727	97.4252	84.6337
1	121	74	73.4817	11.8184	78.2594
1	121	74	126.272	77.2474	6.19164
1	121	74	120.219	76.672	2.7838
1	121	74	120.479	46.0166	27.9883
1	121	74	116.325	81.0416	8.45207
1	121	74	112.04	97.4922	25.1429
1	121	74	118.196	45.6327	28.5055
1	121	74	96.5642	57.0391	29.7453
1	121	74	121.072	83.7366	9.73686
1	121	74	142.134	82.9735	22.9604
1	121	74	117.891	45.5905	28.5791
1	121	74	120.653	70.7108	3.30743
1	121	74	46.3911	45.1892	79.9784
1	121	74	85.6846	77.6205	35.5005
1	121	74	116.35	77.93	6.08798
1	121	74	111.476	87.2909	16.3511
1	121	74	124.615	85.028	11.6054
1	121	74	125.126	72.9358	4.26092
1	121	74	123.531	71.8636	3.31186
1	121	74	125.409	66.6772	8.54773
1	121	74	101.236	90.921	26.0177
1	121	74	123.429	90.6127	16.7893
1	121	74	124.145	91.3378	17.6208
1	121	74	120.297	74.5663	0.902783
1	121	74	113.721	69.2204	8.70787
1	121	74	141.59	84.4069	23.0703
1	121	74	125.566	83.0182	10.1081
1	121	74	117.208	78.2088	5.66489
1	121	74	122.662	82.0661	8.23551
1	121	74	141.565	79.7046	21.342
1	121	74	132.666	76.0599	11.8462
1	121	74	118.953	79.6031	5.9654
1	121	74	109.556	97.4918	26.131
1	121	74	109.421	90.6592	20.2879
1	121	74	138.764	86.2736	21.592
1	121	74	116.514	78.397	6.28127
1	121	74	42.3301	28.1861	91.0377
1	121	74	121.656	72.8072	1.36152
1	121	74	114.905	93.0352	19.9872
1	121	74	138.053	73.4778	17.0612
1	121	74	116.08	80.7645	8.36456
1	121	74	112.636	86.7582	15.2554
1	121	74	124.954	91.2853	17.7319
1	121	74	141.646	75.385	20.6926
1	121	74	135.307	73.7643	14.3088
1	121	74	117.115	62.0799	12.5372
1	121	74	122.518	76.0929	2.58525
1	121	74	118.235	78.8651	5.59595
1	121	74	123.921	84.6278	11.0219
1	121	74	128.228	81.1939	10.1977
1	121	74	131.199	90.5962	19.4799
1	121	74	126.05	88.4539	15.3106
1	121	74	113.91	76.3401	7.46617
1	121	74	108.783	95.574	24.7931
1	121	74	111.941	97.4856	25.1723
1	121	74	124.678	70.3965	5.14936
1	121	74	141.999	82.4341	22.6296
1	121	74	103.841	97.4389	29.0483
1	121	74	105.512	97.4148	28.0737
1	121	74	115.249	81.1905	9.2074
1	121	74	111.138	80.814	11.987
1	121	74	134.708	76.3801	13.913
1	121	74	121.715	72.7114	1.47368
1	121	74	125.387	80.182	7.58036
1	121	74	106.483	72.8208	14.5652
1	121	74	133.813	72.6964	12.8794
1	121	74	112.216	88.021	16.5452
1	121	74	114.346	88.4415	15.9006
1	121	74	140.28	77.5557	19.6052
1	121	74	118.79	74.3134	2.23239
1	121	74	125.689	74.7373	4.74672
1	121	74	106.841	66.9015	15.8386
1	121	74	102.594	88.072	23.1693
1	121	74	134.49	76.1969	13.6681
1	121	74	112.558	97.423	24.898
1	121	74	127.576	75.6858	6.78871
1	121	74	123.068	89.3087	15.4477
1	121	74	103.341	89.3826	23.419
1	121	74	91.0742	59.2988	33.3419
1	121	74	116.366	79.424	7.13393
1	121	74	126.481	81.9218	9.63299
1	121	74	118.911	45.7597	28.3174
1	121	74	122.403	70.2223	4.0297
1	121	74	113.49	86.9475	14.9681
1	121	74	97.2655	95.0759	31.7415
1	121	74	127.1	82.4915	10.4554
1	121	74	121.658	78.5392	4.58664
1	121	74	119.686	77.9143	4.12885
1	121	74	103.175	55.6216	25.6025
1	121	74	121.776	67.6809	6.36654
1	121	74	103.859	97.4389	29.0376
1	121	74	128.316	78.6562	8.6717
1	121	74	103.854	97.0727	28.7458
1	121	74	114.495	82.6819	10.8487
1	121	74	125.025	78.0016	5.67564
1	121	74	120.574	46.017	27.9863
1	121	74	107.722	85.4622	17.5412
1	121	74	100.572	95.6893	29.7948
1	121	74	117.293	85.2637	11.8581
1	121	74	126.691	88.0421	15.1515
1	121	74	118.556	81.5626	7.94773
1	121	74	123.677	75.0197	2.86503
1	121	74	76.9675	50.4012	49.9576
1	121	74	98.1575	97.2363	32.5838
1	121	74	123.413	78.6445	5.23382
1	121	74	141.709	84.2738	23.1174
1	121	74	116.692	78.9662	6.57405
1	121	74	122.162	71.7703	2.51451
1	121	74	114.308	89.0447	16.4658
1	121	74	125.212	92.4422	18.9171
1	121	74	118.811	94.5816	20.6977
1	121	74	122.358	70.8487	3.43153
