1	121	74	117.559	78.8874	5.97737
1	121	74	130.998	77.7785	10.6879
1	121	74	120.475	79.0135	5.04089
1	121	74	120.038	79.2924	5.37911
1	121	74	124.36	78.9324	5.96841
1	121	74	130.32	73.6498	9.32611
1	121	74	126.114	76.2902	5.60357
1	121	74	125.735	79.465	7.23087
1	121	74	108.713	65.7615	14.7935
1	121	74	115.644	74.9874	5.44655
1	121	74	120.284	78.7396	4.79332
1	121	74	131.16	82.2173	13.0669
1	121	74	122.649	79.1739	5.43042
1	121	74	127.97	79.598	8.93959
1	121	74	51.1713	18.6374	89.1126
1	121	74	114.817	81.1496	9.4522
1	121	74	124.122	74.4812	3.15871
1	121	74	118.72	74.0838	2.28123
1	121	74	117.605	76.2724	4.08516
1	121	74	114.579	89.2753	16.5701
1	121	74	126.768	77.308	6.64962
1	121	74	120.487	72.5652	1.52371
1	121	74	125.173	76.4016	4.81463
1	121	74	115.097	77.2084	6.71857
1	121	74	137.892	44.9455	33.6079
1	121	74	120.503	85.5948	11.6055
1	121	74	105.156	83.7394	18.5978
1	121	74	130.756	78.1998	10.6215
1	121	74	129.042	71.9579	8.29693
1	121	74	122.898	71.0716	3.48962
1	121	74	126.582	76.0783	5.95653
1	121	74	69.7758	10.9447	81.2397
1	121	74	122.668	87.0979	13.2037
1	121	74	121.982	78.5961	4.6999
1	121	74	123.818	70.2117	4.72155
1	121	74	120.089	74.9562	1.32082
1	121	74	121.392	83.3371	9.3453
1	121	74	127.43	72.5699	6.58693
1	121	74	127.499	76.9619	7.14234
1	121	74	118.511	75.2391	2.78057
1	121	74	120.415	77.332	3.383
1	121	74	124.508	83.5758	10.198
1	121	74	129.023	74.366	8.03137
1	121	74	36.5582	24.0328	98.118
1	121	74	130.198	72.4959	9.31977
1	121	74	95.6667	54.805	31.784
1	121	74	139.864	86.0882	22.4044
1	121	74	124.482	85.0184	11.5555
1	121	74	139.493	78.2355	18.9719
1	121	74	118.777	83.6846	9.93653
1	121	74	116.64	82.3307	9.40263
1	121	74	129.185	76.2998	8.50171
1	121	74	128.524	92.3678	19.8492
1	121	74	125.494	76.346	5.06919
1	121	74	117.714	75.8006	3.74742
1	121	74	118.523	76.837	3.76611
1	121	74	123.854	79.7011	6.3754
1	121	74	125.548	70.741	5.59513
1	121	74	131.998	71.4897	11.2809
1	121	74	131.085	91.3382	20.0577
1	121	74	114.983	95.8061	22.621
1	121	74	119.772	77.2445	3.46895
1	121	74	119.543	74.7795	1.65281
1	121	74	134.358	77.0548	13.7026
1	121	74	132.869	74.5102	11.8801
1	121	74	120.883	72.6655	1.33958
1	121	74	127.545	74.524	6.56568
1	121	74	79.3181	88.1557	44.0201
1	121	74	101.846	92.4477	26.5932
1	121	74	130.517	76.6674	9.88331
1	121	74	125.733	72.017	5.1312
1	121	74	86.4794	66.2479	35.3803
1	121	74	120.832	73.8323	0.23707
1	121	74	126.739	74.9389	5.81562
1	121	74	109.854	97.3424	25.8671
1	121	74	131.481	72.9232	10.5362
1	121	74	124.568	75.3581	3.81793
1	121	74	125.717	71.6067	5.28943
1	121	74	117.298	75.5115	3.99884
1	121	74	129.026	72.3139	8.20079
1	121	74	118.786	75.5453	2.70029
1	121	74	122.952	75.6776	2.57423
1	121	74	69.4247	11.1198	81.326
1	121	74	132.017	73.1568	11.0491
1	121	74	121.713	70.2958	3.77217
1	121	74	110.15	97.1263	25.5452
1	121	74	122.685	78.1671	4.49507
1	121	74	118.459	75.6527	3.03122
1	121	74	105.543	66.5338	17.1658
1	121	74	119.808	83.9284	9.99976
1	121	74	119.525	78.2006	4.45212
1	121	74	124.14	77.4911	4.69551
1	121	74	119.943	75.167	1.57441
1	121	74	126.336	76.203	5.77326
1	121	74	116.176	81.4384	8.86583
1	121	74	124.792	80.0545	7.14393
1	121	74	124.337	84.8537	11.355
1	121	74	108.707	97.3649	26.4016
1	121	74	119.323	77.998	4.33538
1	121	74	118.386	75.4967	3.01199
1	121	74	130.574	75.8085	9.74309
1	121	74	118.011	77.7903	4.82731
1	121	74	88.7186	60.841	34.8604
1	121	74	121.081	81.4949	7.49538
1	121	74	141.952	84.7652	23.5557
1	121	74	121.832	76.6852	2.81119
1	121	74	120.93	78.2098	4.21035
1	121	74	117.462	78.6854	5.87144
1	121	74	130.688	73.4483	9.70418
1	121	74	124.2	78.814	5.78058
1	121	74	14.5257	37.4878	112.561
1	121	74	121.12	72.4632	1.54153
1	121	74	118.386	74.9999	2.79862
1	121	74	118.123	83.5567	9.98043
1	121	74	105.614	67.2254	16.8112
1	121	74	118.894	79.5289	5.91626
1	121	74	122.881	71.8174	2.88154
1	121	74	127.057	81.1863	9.39857
1	121	74	123.577	85.2856	11.5761
1	121	74	117.531	78.1114	5.37945
1	121	74	134.616	83.564	16.6389
1	121	74	115.323	81.1564	9.13451
1	121	74	115.476	80.438	8.48309
1	121	74	142.24	80.6399	22.2537
1	121	74	68.6511	11.5016	81.5258
1	121	74	129.249	72.6264	8.36236
1	121	74	140.376	79.0784	20.0309
1	121	74	123.6	76.606	3.68119
1	121	74	114.824	73.1033	6.2407
1	121	74	120.531	87.2261	13.2344
1	121	74	118.007	76.8182	4.11062
1	121	74	118.588	75.9828	3.12217
1	121	74	115.629	80.3932	8.3496
1	121	74	126.129	71.9051	5.54051
1	121	74	120.602	72.2788	1.76666
1	121	74	121.853	71.5823	2.5638
1	121	74	123.756	67.8803	6.71158
1	121	74	117.55	97.4281	23.6807
1	121	74	124.963	75.5041	4.23928
1	121	74	123.247	76.5667	3.41157
1	121	74	118.789	77.4629	4.10848
1	121	74	119.107	72.1483	2.64781
1	121	74	125.183	82.5389	9.50861
1	121	74	122.72	68.8699	5.41081
1	121	74	121.196	78.5635	4.56772
1	121	74	122.716	70.257	4.11784
1	121	74	125.38	74.293	4.38971
1	121	74	115.418	82.0969	9.83471
1	121	74	125.798	77.2208	5.77869
1	121	74	123.363	75.6654	2.89102
1	121	74	124.443	80.3865	7.25526
1	121	74	121.069	71.6485	2.3525
1	121	74	125.576	79.9495	7.50555
1	121	74	142.155	78.8415	21.7016
1	121	74	126.531	81.128	9.02243
1	121	74	127.181	75.8384	6.44898
1	121	74	119.843	76.1009	2.39833
1	121	74	141.214	78.4847	20.7056
1	121	74	125.49	76.1764	4.98989
1	121	74	119.485	75.6237	2.22084
1	121	74	133.016	77.0839	12.4054
1	121	74	134.456	70.2464	13.9696
1	121	74	125.498	76.2242	5.01756
1	121	74	136.807	78.7489	16.5048
1	121	74	119.404	76.69	3.12782
1	121	74	121.469	79.1326	5.15394
1	121	74	126.978	81.8769	9.8887
1	121	74	129.114	75.2263	8.20568
1	121	74	121.069	80.5143	6.51467
1	121	74	120.273	77.2612	3.3413
1	121	74	113.957	68.3676	9.01855
1	121	74	118.697	72.51	2.74319
1	121	74	129.446	78.3435	9.49758
1	121	74	121.891	70.6746	3.44273
1	121	74	127.083	75.5963	6.28877
1	121	74	122.795	76.1756	2.82034
1	121	74	119.271	76.4027	2.95997
1	121	74	122.7	69.3184	4.98072
1	121	74	141.246	85.7422	23.4045
1	121	74	123.307	72.7949	2.60261
1	121	74	122.088	73.0248	1.46083
1	121	74	118.221	77.2504	4.27664
1	121	74	137.532	84.8567	19.7781
1	121	74	129.309	79.9009	10.1914
1	121	74	123.44	69.2077	5.37753
1	121	74	122.104	76.898	3.10103
1	121	74	117.184	77.3279	5.063
1	121	74	128.217	79.2137	8.90354
1	121	74	124.208	76.3646	3.98519
1	121	74	120.66	75.7767	1.8089
1	121	74	114.988	81.6929	9.7633
1	121	74	126.71	75.9166	6.023
1	121	74	129.266	79.6871	10.0336
1	121	74	118.922	81.5884	7.86781
1	121	74	129.443	74.3339	8.44958
1	121	74	129.284	72.7615	8.37588
1	121	74	124.728	76.3324	4.39772
1	121	74	112.219	74.8465	8.82219
1	121	74	124.361	79.4466	6.40024
1	121	74	63.8487	15.3706	81.876
1	121	74	128.403	90.1892	17.8016
1	121	74	126.062	79.0146	7.12555
1	121	74	126.505	76.6412	6.10584
1	121	74	79.1044	92.3245	45.7278
1	121	74	127.714	78.3728	8.01207
1	121	74	79.8409	47.8013	48.7898
1	121	74	123.47	80.99	7.41369
1	121	74	118.533	74.5167	2.52052
1	121	74	125.247	78.7355	6.36128
1	121	74	125	82.9791	9.82973
1	121	74	118.813	74.866	2.35174
1	121	74	128.03	71.4317	7.48486
1	121	74	125.888	85.9401	12.9017
1	121	74	117.655	82.2842	8.93399
1	121	74	128.189	80.482	9.67982
1	121	74	49.7928	19.1822	89.8635
1	121	74	124.824	75.9674	4.30069
1	121	74	87.0127	64.7791	35.216
1	121	74	119.189	72.5403	2.32627
1	121	74	121.398	74.3048	0.500981
1	121	74	44.966	21.0139	92.6753
1	121	74	107.901	90.5347	21.0944
1	121	74	125.247	75.4587	4.49069
1	121	74	119.656	76.9411	3.23345
1	121	74	132.629	77.486	12.1401
1	121	74	128.244	75.5365	7.40475
1	121	74	69.7577	10.9538	81.2441
1	121	74	123.835	76.7975	3.98274
1	121	74	122.267	76.0089	2.37493
1	121	74	112.196	86.3866	15.1967
1	121	74	123.845	73.9063	2.84641
1	121	74	119.477	82.9111	9.04026
1	121	74	108.676	96.8427	25.9553
1	121	74	129.717	79.7505	10.4426
1	121	74	121.121	68.9812	5.02029
1	121	74	134.565	78.9451	14.4378
1	121	74	118.087	75.939	3.49904
1	121	74	119.935	73.0364	1.4365
1	121	74	125.939	75.528	5.16978
1	121	74	121.869	73.3669	1.07545
1	121	74	126.985	84.8121	12.3582
1	121	74	121.968	74.0742	0.971237
1	121	74	125.649	72.7451	4.81534
1	121	74	122.06	70.5428	3.61595
1	121	74	113.332	64.3167	12.3514
1	121	74	118.771	75.7178	2.81451
1	121	74	125.156	77.4526	5.40322
1	121	74	123.942	80.7308	7.34578
1	121	74	122.647	76.9953	3.41831
1	121	74	125.997	75.3311	5.17087
1	121	74	128.22	74.5327	7.23943
1	121	74	119.322	84.0758	10.2146
1	121	74	92.3051	61.0631	31.4764
1	121	74	120.424	78.6252	4.66085
1	121	74	122.614	80.8773	7.06422
1	121	74	121.568	75.1302	1.26492
1	121	74	121.222	87.7516	13.7533
1	121	74	106.069	95.0857	25.8366
1	121	74	142.088	81.7982	22.484
1	121	74	125.864	80.0695	7.77776
1	121	74	96.553	64.772	26.1307
1	121	74	123.783	78.8094	5.55642
1	121	74	123.987	87.2118	13.5452
1	121	74	118.202	78.0187	4.89688
1	121	74	42.1724	22.173	94.3389
1	121	74	124.863	74.8981	3.96598
1	121	74	119.992	79.9839	6.06815
1	121	74	116.934	84.5232	11.2813
1	121	74	128.253	75.9278	7.50454
1	121	74	106.146	92.2104	23.5002
1	121	74	120.662	74.9751	1.03186
1	121	74	128.116	80.8404	9.87047
1	121	74	120.444	78.2383	4.27464
1	121	74	111.003	97.3803	25.4277
1	121	74	112.686	96.6307	24.1096
1	121	74	70.1978	11.3955	80.6237
1	121	74	136.563	76.4892	15.7604
1	121	74	126.316	74.8586	5.38493
1	121	74	125.735	73.6256	4.74929
1	121	74	126.392	71.9952	5.75256
1	121	74	121.674	79.116	5.16016
1	121	74	87.5319	66.3224	34.3374
1	121	74	127.126	77.1107	6.87039
1	121	74	88.4254	66.1226	33.5135
1	121	74	122.201	73.3301	1.37539
1	121	74	130.836	76.3782	10.1195
1	121	74	121.377	71.9476	2.08679
1	121	74	123.133	75.1673	2.43173
1	121	74	117.612	77.8589	5.1351
1	121	74	122.213	72.2486	2.13018
1	121	74	121.349	71.0269	2.99344
1	121	74	128.212	74.0307	7.21218
1	121	74	123.727	77.5147	4.44852
1	121	74	131.183	73.8413	10.1838
1	121	74	119.881	78.6227	4.75613
1	121	74	139.454	84.7496	21.3562
1	121	74	123.568	82.601	8.97625
1	121	74	123.113	74.2265	2.12488
1	121	74	115.964	82.8834	10.2114
1	121	74	69.8605	10.9023	81.2192
1	121	74	127.541	77.4346	7.38765
1	121	74	141.638	85.5033	23.6277
1	121	74	122.104	74.2773	1.13847
1	121	74	118.329	75.0312	2.86317
1	121	74	127.107	78.1202	7.36654
1	121	74	119.93	84.6391	10.6928
1	121	74	114.228	73.3566	6.80275
1	121	74	127.784	70.6453	7.56787
1	121	74	122.59	76.5509	3.00595
1	121	74	126.674	74.5348	5.69874
1	121	74	117.157	78.0602	5.59036
1	121	74	125.873	72.8443	5.00859
1	121	74	124.012	78.4338	5.36024
1	121	74	118.313	83.0545	9.44472
1	121	74	69.5669	61.5217	52.9251
1	121	74	116.565	76.6537	5.16809
1	121	74	119.124	75.9205	2.68463
1	121	74	124.734	84.8299	11.4555
1	121	74	142.189	83.1476	23.0792
1	121	74	121.401	72.3388	1.70895
1	121	74	120.256	72.3016	1.8542
1	121	74	83.2275	84.7848	39.282
1	121	74	124.408	80.2433	7.11307
1	121	74	39.9558	23.1508	95.6756
1	121	74	123.603	73.3903	2.67358
1	121	74	130.429	78.7839	10.573
1	121	74	124.275	74.0083	3.27488
1	121	74	129.284	79.2511	9.80833
1	121	74	107.126	97.2279	27.056
1	121	74	127.68	74.4941	6.69819
1	121	74	127.415	79.7424	8.60967
1	121	74	118.919	78.1297	4.62434
1	121	74	123.709	80.2825	6.84178
1	121	74	117.384	82.4302	9.17306
1	121	74	108.094	66.9557	14.7029
1	121	74	130.037	76.4105	9.35289
1	121	74	130.64	74.6207	9.65995
1	121	74	118.667	84.5356	10.791
1	121	74	114.634	75.5145	6.54382
1	121	74	123.38	73.861	2.38421
1	121	74	120.834	72.5916	1.41815
1	121	74	131.166	88.6006	17.7909
1	121	74	123.586	77.6226	4.45086
1	121	74	135.725	83.8587	17.7202
1	121	74	109.41	96.1749	25.0213
1	121	74	114.388	73.5735	6.62546
1	121	74	129.254	73.6668	8.26035
1	121	74	116.451	80.971	8.32425
1	121	74	120.007	86.3361	12.376
1	121	74	125.895	74.1639	4.89822
1	121	74	50.7733	18.737	89.3632
1	121	74	105.774	86.2538	19.5449
1	121	74	128.996	76.2934	8.31793
1	121	74	127.139	79.0854	7.9714
1	121	74	128.544	71.1654	8.05925
1	121	74	122.664	71.0811	3.35969
1	121	74	118.869	75.6683	2.70611
1	121	74	129.421	76.2199	8.70906
1	121	74	47.085	20.1515	91.4499
1	121	74	118.365	75.6448	3.10661
1	121	74	132.627	79.9836	13.0763
1	121	74	123.219	75.926	2.93795
1	121	74	122.107	69.6213	4.51648
1	121	74	121.39	69.9683	4.05057
1	121	74	102.139	67.8785	19.8299
1	121	74	128.382	74.9024	7.43669
1	121	74	124.578	73.8556	3.58112
1	121	74	125.125	70.9874	5.10807
1	121	74	123.591	68.8682	5.74861
1	121	74	121.99	76.9783	3.13851
1	121	74	116.582	79.358	6.94473
1	121	74	127.534	80.9402	9.53216
1	121	74	125.564	75.7234	4.87842
1	121	74	121.943	79.8312	5.90693
1	121	74	130.443	77.5818	10.0992
1	121	74	104.016	90.4951	23.6762
1	121	74	117.727	75.4555	3.58238
1	121	74	123.343	74.4369	2.3831
1	121	74	107.807	95.3341	25.0837
1	121	74	119.236	73.5233	1.82703
1	121	74	121.315	77.0817	3.0977
1	121	74	129.343	78.5606	9.50772
1	121	74	127.093	74.8588	6.15342
1	121	74	107.643	91.0973	21.696
1	121	74	125.132	72.8902	4.27871
1	121	74	124.389	75.6632	3.77477
1	121	74	45.9129	20.6429	92.1144
1	121	74	120.54	74.3999	0.609596
1	121	74	121.77	75.4488	1.64091
1	121	74	117.789	75.149	3.41014
1	121	74	124.098	73.9468	3.09894
1	121	74	99.7028	97.4381	31.6689
1	121	74	116.705	76.131	4.79481
1	121	74	108.646	88.1555	18.788
1	121	74	112.474	81.3389	11.2493
1	121	74	44.6206	21.1735	92.8679
1	121	74	100.695	66.9605	21.4903
1	121	74	135.889	82.2019	16.999
1	121	74	129.128	78.9554	9.51969
1	121	74	122.92	81.11	7.36466
1	121	74	123.817	76.5552	3.80337
1	121	74	107.217	69.587	14.4724
1	121	74	132.616	75.1284	11.6708
1	121	74	117.819	84.469	10.9418
1	121	74	112.904	66.477	11.052
1	121	74	111.823	66.0683	12.1298
1	121	74	130.176	76.3914	9.48234
1	121	74	123.389	71.6371	3.35984
1	121	74	129.244	72.9442	8.31148
1	121	74	140.428	85.1764	22.4135
1	121	74	118.355	75.386	2.98629
1	121	74	128.212	70.4482	8.03889
1	121	74	122.683	72.3275	2.37256
1	121	74	124.505	78.1684	5.44588
1	121	74	130.533	71.9261	9.75574
1	121	74	122.461	80.2405	6.40915
1	121	74	111.01	66.0991	12.7366
1	121	74	116.615	77.759	5.7758
1	121	74	69.3816	11.1413	81.3369
1	121	74	120.175	71.8174	2.3332
1	121	74	123.621	78.6074	5.3005
1	121	74	122.54	77.2214	3.5705
1	121	74	51.0068	18.675	89.2183
1	121	74	109.569	97.3686	26.0147
1	121	74	126.6	81.676	9.50187
1	121	74	118.001	75.4239	3.32011
1	121	74	122.483	76.1792	2.63595
1	121	74	131.003	75.7157	10.1489
1	121	74	70.3592	10.6512	81.1021
1	121	74	113.822	79.793	9.22416
1	121	74	123.435	86.062	12.3052
1	121	74	115.852	79.7898	7.74746
1	121	74	112.247	97.463	25.0425
1	121	74	42.5078	22.0051	94.1515
1	121	74	134.482	78.4932	14.2111
1	121	74	118.686	78.8825	5.40321
1	121	74	131.048	73.3323	10.0705
1	121	74	126.96	73.883	5.96149
1	121	74	122.355	71.999	2.41648
1	121	74	116.642	97.4624	23.8637
1	121	74	116.807	96.1916	22.5842
1	121	74	119.78	71.1051	3.14161
1	121	74	115.109	66.7589	9.33484
1	121	74	119.593	72.4273	2.11039
1	121	74	70.4348	92.1972	53.7399
1	121	74	121.964	70.7914	3.35019
1	121	74	123.938	76.9538	4.1662
1	121	74	114.938	75.8792	6.34701
1	121	74	94.2825	55.6384	32.4187
1	121	74	121.236	71.2919	2.71836
1	121	74	123.961	76.1503	3.65905
1	121	74	124.078	70.9924	4.30377
1	121	74	122.561	77.9306	4.22904
1	121	74	129.692	76.063	8.93298
1	121	74	133.426	73.1851	12.4526
1	121	74	125.895	74.05	4.89561
1	121	74	105.886	52.4406	26.3295
1	121	74	128.109	78.0802	8.19678
1	121	74	130.837	71.584	10.1293
1	121	74	118.499	77.3952	4.21722
1	121	74	48.9133	19.4728	90.3864
1	121	74	114.688	79.0183	8.0634
1	121	74	118.281	75.2529	2.99383
1	121	74	117.087	84.761	11.4503
1	121	74	129.808	88.5147	16.9783
1	121	74	116.684	79.2471	6.79412
1	121	74	120.366	69.8857	4.16295
1	121	74	121.275	83.5351	9.53905
1	121	74	123.045	73.1219	2.22526
1	121	74	121.426	85.4156	11.4236
1	121	74	121.586	77.4666	3.51574
1	121	74	116.744	72.7684	4.43038
1	121	74	98.4935	80.6054	23.4558
1	121	74	111.911	63.0844	14.204
1	121	74	131.835	75.3112	10.9136
1	121	74	122.896	78.1385	4.55236
1	121	74	142.109	84.5713	23.6077
1	121	74	126.059	83.8649	11.0862
1	121	74	132.432	75.1404	11.4888
1	121	74	141.479	85.392	23.4344
1	121	74	109.98	97.4741	25.9323
1	121	74	129.272	71.9469	8.52265
1	121	74	121.239	72.5269	1.49228
1	121	74	127.425	72.5553	6.58548
1	121	74	117.647	76.3594	4.09967
1	121	74	118.406	84.2365	10.56
1	121	74	47.8289	19.8807	91.0105
1	121	74	127.1	73.5074	6.11985
1	121	74	107.872	69.8764	13.7608
1	121	74	121.073	70.6305	3.37033
1	121	74	123.184	75.3547	2.57012
1	121	74	122.969	76.7965	3.42011
1	121	74	94.177	63.8475	28.6801
1	121	74	124.771	74.3704	3.7892
1	121	74	91.3942	59.627	32.9103
1	121	74	125.377	75.8233	4.74162
1	121	74	117.517	75.7584	3.90142
1	121	74	119.159	72.9218	2.13351
1	121	74	119.316	78.4342	4.74314
1	121	74	120.485	71.0091	3.03485
1	121	74	118.582	77.7161	4.4333
1	121	74	124.535	77.2936	4.83181
1	121	74	122.132	76.3275	2.58814
1	121	74	128.971	80.985	10.5986
1	121	74	141.822	81.5283	22.1414
1	121	74	137.775	79.011	17.507
1	121	74	122.648	73.8438	1.65554
1	121	74	114.218	80.9943	9.7428
1	121	74	122.141	75.6517	2.0077
1	121	74	121.934	74.4803	1.05019
1	121	74	122.031	72.6609	1.68982
1	121	74	124.858	75.2881	4.06706
1	121	74	142.034	84.5369	23.5258
1	121	74	122.541	71.1414	3.24735
1	121	74	131.086	91.2506	19.9827
1	121	74	140.809	86.4225	23.3822
1	121	74	125.613	76.5614	5.27669
1	121	74	124.336	72.246	3.76888
1	121	74	127.506	74.0934	6.50672
1	121	74	117.828	74.9947	3.32458
1	121	74	121.026	72.7377	1.26253
1	121	74	118.517	75.4979	2.8998
1	121	74	122.112	69.3669	4.76467
1	121	74	70.5249	10.5673	81.0644
1	121	74	127.607	75.303	6.7343
1	121	74	114.017	83.8068	12.0392
1	121	74	128.342	73.7993	7.34427
1	121	74	46.4613	20.4117	91.8027
1	121	74	116.965	77.3014	5.2132
1	121	74	112.554	89.0358	17.2458
1	121	74	129.87	79.4841	10.4284
1	121	74	120.504	70.8277	3.21081
1	121	74	119.14	79.2663	5.58494
1	121	74	70.3419	10.66	81.1061
1	121	74	116.684	82.291	9.34717
1	121	74	113.917	89.8619	17.3715
1	121	74	138.266	76.8392	17.4979
1	121	74	115.938	82.8348	10.182
1	121	74	117.412	75.7982	4.01365
1	121	74	127.618	78.9881	8.28747
1	121	74	129.767	78.49	9.84968
1	121	74	120.316	70.5264	3.54038
1	121	74	120.067	72.5915	1.68952
1	121	74	119.001	74.0835	2.00054
1	121	74	129.092	80.7102	10.5125
1	121	74	125.812	82.7167	9.95651
1	121	74	122.879	70.5637	3.91635
1	121	74	122.484	87.4845	13.5659
1	121	74	111.48	95.4819	23.4968
1	121	74	79.9419	86.9073	43.0391
1	121	74	120.49	73.8058	0.546132
1	121	74	126.78	79.6397	8.07553
1	121	74	129.772	74.0996	8.77247
1	121	74	111.767	97.482	25.2318
1	121	74	130.621	75.9549	9.81796
1	121	74	120.138	78.2357	4.32261
1	121	74	124.682	82.1283	8.92315
1	121	74	127.688	72.5832	6.83677
1	121	74	122.942	78.1466	4.57876
1	121	74	122.28	80.7475	6.86788
1	121	74	122.383	83.4536	9.5542
1	121	74	45.8658	20.6613	92.1421
1	121	74	123.714	73.3128	2.79959
1	121	74	119.344	82.9813	9.13266
1	121	74	110.017	96.056	24.6394
1	121	74	91.1921	62.474	31.9587
1	121	74	126.168	72.1231	5.49855
1	121	74	126.135	78.5602	6.86749
1	121	74	120.805	80.2399	6.24294
1	121	74	120.21	75.6569	1.83557
1	121	74	122.661	72.7186	2.09819
1	121	74	128.488	76.248	7.81828
1	121	74	116.838	83.2855	10.1758
1	121	74	118.164	75.4987	3.20774
1	121	74	119.858	86.827	12.8778
1	121	74	121.666	72.4788	1.66054
1	121	74	121.535	71.0409	3.00708
1	121	74	141.226	86.2416	23.6419
1	121	74	119.73	82.216	8.31363
1	121	74	121.534	72.8359	1.2806
1	121	74	130.847	78.9224	11.0088
1	121	74	116.673	75.0575	4.45465
1	121	74	113.102	69.4006	9.1393
1	121	74	121.946	73.8149	0.964327
1	121	74	45.6099	20.7542	92.2972
1	121	74	122.963	75.2693	2.33761
1	121	74	131.691	90.9298	20.0229
1	121	74	121.829	83.612	9.64772
1	121	74	122.984	72.9257	2.25622
1	121	74	141.536	78.5771	21.0396
1	121	74	121.725	73.7348	0.772133
1	121	74	119.741	86.4592	12.5227
1	121	74	126.187	72.7949	5.32546
1	121	74	123.046	75.0552	2.30188
1	121	74	119.832	77.1482	3.35781
1	121	74	126.474	71.0058	6.23906
1	121	74	127.531	74.7392	6.57258
1	121	74	121.317	87.015	13.0188
1	121	74	69.3763	11.1439	81.3382
1	121	74	109.296	97.38	26.1457
1	121	74	126.167	74.1935	5.17014
1	121	74	126.315	77.5666	6.40072
1	121	74	79.9492	85.7783	42.7071
1	121	74	121.402	75.5445	1.59603
1	121	74	124.39	81.6165	8.33702
1	121	74	133.997	66.7487	14.8827
1	121	74	131.135	76.2132	10.3738
1	121	74	118.858	73.3908	2.22728
1	121	74	116.925	81.5925	8.61671
1	121	74	118.265	80.2709	6.8412
1	121	74	119.607	83.2935	9.39723
1	121	74	101.071	92.0912	26.9156
1	121	74	115.791	97.4876	24.0582
1	121	74	131.058	76.6751	10.4076
1	121	74	122.977	72.0785	2.75699
1	121	74	123.639	76.4939	3.63061
1	121	74	130.632	74.5093	9.64594
1	121	74	119.59	77.5186	3.79071
1	121	74	118.798	95.2185	21.3325
1	121	74	69.2235	11.2196	81.3768
1	121	74	123.97	81.4451	8.01569
1	121	74	140.893	85.8912	23.1762
1	121	74	124.101	73.5086	3.13962
1	121	74	119.722	91.9142	17.9597
1	121	74	121.907	77.9098	4.01353
1	121	74	126.271	76.3807	5.78362
1	121	74	115.703	85.6663	12.8126
1	121	74	122.137	71.4314	2.809
1	121	74	122.009	87.8696	13.9063
1	121	74	121.584	71.4359	2.6297
1	121	74	130.374	44.4999	30.9536
1	121	74	118.454	74.9525	2.71827
1	121	74	124.62	71.6191	4.3331
1	121	74	126.688	80.3468	8.52254
1	121	74	118.514	77.6751	4.43719
1	121	74	120.03	75.5135	1.79757
1	121	74	126.039	73.912	5.03981
1	121	74	131.346	73.5655	10.3549
1	121	74	46.0221	20.599	92.0508
1	121	74	124.863	75.1587	4.03324
1	121	74	104.787	89.4348	22.3851
1	121	74	122.015	70.6269	3.5225
1	121	74	124.2	74.966	3.34277
1	121	74	118.961	84.7588	10.9502
1	121	74	126.808	79.1506	7.76255
1	121	74	111.561	80.1086	11.2434
1	121	74	132.155	73.3479	11.1739
1	121	74	124.208	74.9748	3.35297
1	121	74	123.724	85.7983	12.1087
1	121	74	114.33	97.4869	24.4156
1	121	74	122.741	71.3244	3.19211
1	121	74	140.951	81.1139	21.1816
1	121	74	124.322	74.7631	3.40855
1	121	74	121.17	71.2901	2.7152
1	121	74	126.053	77.8817	6.37186
1	121	74	108.711	92.8304	22.4855
1	121	74	119.872	77.6488	3.81921
1	121	74	124.303	74.1629	3.30711
1	121	74	118.69	76.3886	3.32258
1	121	74	105.832	69.2091	15.907
1	121	74	114.097	85.8215	13.6893
1	121	74	120.738	76.8716	2.8836
1	121	74	128.072	74.4718	7.08747
1	121	74	127.29	72.3547	6.50145
1	121	74	123.454	80.5118	6.95887
1	121	74	124.275	70.1699	5.03916
1	121	74	121.8	83.8229	9.85547
1	121	74	120.992	85.648	11.648
1	121	74	123.873	73.0536	3.02484
1	121	74	106.915	95.2877	25.5257
1	121	74	119.281	69.898	4.44771
1	121	74	131.387	73.1702	10.4197
1	121	74	125.723	72.1515	5.07146
1	121	74	99.4624	92.2995	28.262
1	121	74	97.8711	95.8477	31.8162
1	121	74	123.186	69.693	4.82995
1	121	74	115.172	97.4156	24.1299
1	121	74	126.939	77.5247	6.90617
1	121	74	119.582	73.8479	1.42655
1	121	74	125.091	76.7141	4.90964
1	121	74	131.253	75.5885	10.3757
1	121	74	120.223	78.3061	4.37557
1	121	74	128.161	82.376	11.0198
1	121	74	107.52	96.7322	26.4284
1	121	74	120.666	83.0705	9.07665
1	121	74	127.617	73.0488	6.68543
1	121	74	129.307	72.5004	8.44171
1	121	74	123.917	75.9524	3.51037
1	121	74	123.337	84.7901	11.0402
1	121	74	118.166	80.7557	7.32596
1	121	74	109.602	74.3648	11.4039
1	121	74	129.967	77.2159	9.52664
1	121	74	107.822	97.0182	26.5236
1	121	74	43.3367	21.6962	93.6338
1	121	74	131.459	74.9709	10.5035
1	121	74	135.151	83.5971	17.0983
1	121	74	121.575	74.5879	0.822184
1	121	74	123.335	77.1755	3.94141
1	121	74	131.363	77.4301	10.916
1	121	74	116.173	77.7367	6.10396
1	121	74	113.39	72.1791	7.82475
1	121	74	120.677	72.0056	2.02048
1	121	74	127.899	76.0812	7.20635
1	121	74	87.6523	66.2385	34.239
1	121	74	129.505	75.1348	8.57992
1	121	74	112.405	96.9072	24.4665
1	121	74	122.42	88.6023	14.6712
1	121	74	115.182	81.5244	9.51131
1	121	74	125.808	73.5995	4.82426
1	121	74	116.322	86.4845	13.3321
1	121	74	110.51	97.3908	25.6352
1	121	74	47.8627	19.8702	90.9896
1	121	74	127.1	74.1423	6.1019
1	121	74	122.31	84.8089	10.8881
1	121	74	125.079	81.8022	8.80433
1	121	74	119.03	83.0675	9.27908
1	121	74	111.561	73.9016	9.43984
1	121	74	121.999	76.9972	3.1592
1	121	74	111.303	90.9006	19.4847
1	121	74	132.043	73.5	11.0547
1	121	74	119.712	77.9485	4.15312
1	121	74	115.606	82.1391	9.76445
1	121	74	130.561	72.2426	9.72165
1	121	74	104.718	65.0417	18.5833
1	121	74	125.955	80.6755	8.31323
1	121	74	117.092	73.1196	4.00593
1	121	74	125.078	70.7055	5.24252
1	121	74	120.158	73.655	0.909525
1	121	74	118.88	81.81	8.09268
1	121	74	126.601	78.7684	7.35596
1	121	74	121.179	83.5104	9.51214
1	121	74	130.863	77.58	10.4927
1	121	74	116.516	76.6984	5.23335
1	121	74	124.682	73.8199	3.68596
1	121	74	64.6813	29.8341	71.5711
1	121	74	120.992	72.22	1.78002
1	121	74	120.099	76.0122	2.20495
1	121	74	114.975	79.4664	8.13531
1	121	74	121.367	70.2823	3.73577
1	121	74	118.514	79.2667	5.82394
1	121	74	120.153	75.372	1.6121
1	121	74	125.09	70.6259	5.30226
1	121	74	125.696	72.0474	5.08574
1	121	74	110.427	95.9436	24.3578
1	121	74	132.807	81.3911	13.9299
1	121	74	125.723	79.6724	7.38112
1	121	74	119.87	82.6747	8.74792
1	121	74	134.631	81.9206	15.7649
1	121	74	117.975	74.9378	3.1669
1	121	74	46.8016	20.2727	91.608
1	121	74	117.444	75.2182	3.75848
1	121	74	96.0576	62.5559	27.4425
1	121	74	121.306	73.9303	0.313731
1	121	74	127.154	77.6588	7.15975
1	121	74	129.837	72.8534	8.91155
1	121	74	125.382	78.6269	6.37281
1	121	74	117.672	77.3467	4.71983
1	121	74	120.168	73.608	0.919684
1	121	74	115.325	82.2248	9.99266
1	121	74	120.235	76.1719	2.30276
1	121	74	121.369	73.3612	0.737742
1	121	74	95.6803	67.3156	26.1871
1	121	74	126.702	74.9782	5.78491
1	121	74	117.777	80.8374	7.55906
1	121	74	135.226	77.7253	14.7055
1	121	74	108.472	69.8272	13.2048
1	121	74	69.4074	11.1284	81.3304
1	121	74	123.094	74.891	2.27568
1	121	74	142.188	82.3152	22.7609
1	121	74	114.208	85.2949	13.1797
1	121	74	118.575	85.3698	11.6255
1	121	74	122.123	75.462	1.84347
1	121	74	130.15	82.4146	12.4312
1	121	74	129.804	74.6005	8.82399
1	121	74	123.904	85.1683	11.5396
1	121	74	119.776	75.2873	1.77597
1	121	74	140.915	78.2843	20.3711
1	121	74	128.223	91.5166	18.9473
1	121	74	123.476	72.4606	2.91542
1	121	74	123.159	83.2228	9.47204
1	121	74	124.283	78.8475	5.85469
1	121	74	109.361	97.44	26.1704
1	121	74	85.5744	85.6318	37.2863
1	121	74	49.1108	97.4273	75.6102
1	121	74	121.572	80.559	6.58387
1	121	74	119.268	77.0755	3.52966
1	121	74	120.314	74.0622	0.688976
1	121	74	125.82	74.4517	4.84108
1	121	74	123.121	74.3656	2.1521
1	121	74	131.329	71.8734	10.5457
1	121	74	122.841	76.3887	3.01568
1	121	74	120.984	75.8081	1.80821
1	121	74	115.098	81.0125	9.16585
1	121	74	118.788	74.1678	2.21798
1	121	74	120.444	78.0687	4.10648
1	121	74	118.389	85.761	12.0472
1	121	74	122.125	70.6887	3.49726
1	121	74	119.553	78.3595	4.59353
1	121	74	125.433	86.7659	13.5135
1	121	74	98.3724	97.4378	32.5782
1	121	74	142.214	78.9604	21.7859
1	121	74	127.633	82.0125	10.4017
1	121	74	122.942	75.13	2.24668
1	121	74	106.99	64.4651	16.9472
1	121	74	126.112	74.9234	5.19484
1	121	74	120.325	73.5445	0.814022
1	121	74	100.065	94.6494	29.4056
1	121	74	114.652	73.2644	6.39087
1	121	74	119.778	71.0417	3.20062
1	121	74	122.557	76.6286	3.05529
1	121	74	133.223	77.508	12.7163
1	121	74	120.501	80.0401	6.06067
1	121	74	116.263	97.0981	23.5787
1	121	74	118.092	76.9472	4.14015
1	121	74	129.425	75.8807	8.63283
1	121	74	116.61	81.6545	8.82387
1	121	74	121.575	83.3616	9.37929
1	121	74	132.911	88.0937	18.4526
1	121	74	118.258	82.7005	9.12232
1	121	74	120.614	72.6217	1.4313
1	121	74	106.952	62.6209	18.0782
1	121	74	129.793	77.5048	9.46588
1	121	74	123.36	82.6848	8.99986
1	121	74	119.546	79.2684	5.46544
1	121	74	101.392	83.0941	21.6147
1	121	74	127.778	75.7225	6.99372
1	121	74	121.054	73.6842	0.320362
1	121	74	119.661	82.394	8.50015
1	121	74	118.821	84.178	10.4086
1	121	74	118.833	75.7693	2.79786
1	121	74	125.355	77.9326	5.86804
1	121	74	122.406	76.512	2.87855
1	121	74	117.281	79.2202	6.40977
1	121	74	118.684	76.6122	3.49113
1	121	74	121.805	83.3397	9.37426
1	121	74	126.462	70.1555	6.67963
1	121	74	117.43	78.7885	5.97262
1	121	74	95.3638	92.3496	31.5265
1	121	74	120.575	75.8671	1.91483
1	121	74	141.999	85.044	23.7265
1	121	74	127.727	78.5642	8.12917
1	121	74	119.455	74.138	1.55142
1	121	74	117.457	71.165	4.53764
1	121	74	141.012	85.9424	23.3045
1	121	74	128.68	74.2175	7.68258
1	121	74	118.427	77.1317	4.05336
1	121	74	129.822	78.0462	9.70577
1	121	74	121.368	72.8376	1.21912
1	121	74	104.418	97.3831	28.6657
1	121	74	119.716	73.5911	1.3472
1	121	74	119.767	76.8208	3.07843
1	121	74	125.74	77.8603	6.11268
1	121	74	123.377	86.0834	12.3151
1	121	74	139.221	77.2301	18.5046
1	121	74	130.574	72.8807	9.63931
1	121	74	123.586	69.3626	5.30964
1	121	74	113.751	97.427	24.5228
1	121	74	133.022	82.3414	14.6324
1	121	74	127.12	73.7851	6.1242
1	121	74	125.548	70.3101	5.85661
1	121	74	132.813	79.6841	13.1093
1	121	74	130.071	74.8391	9.10944
1	121	74	116.096	80.0178	7.76265
1	121	74	127.457	75.9219	6.73675
1	121	74	120.713	70.5194	3.49247
1	121	74	127.152	76.7514	6.73937
1	121	74	142.191	84.5682	23.6801
1	121	74	125.44	69.7411	6.15248
1	121	74	105.245	59.5779	21.3593
1	121	74	117.378	77.337	4.92522
1	121	74	115.53	79.8685	8.02269
1	121	74	128.603	72.4966	7.75059
1	121	74	125.788	76.6834	5.48904
1	121	74	107.692	90.7044	21.3575
1	121	74	130.235	74.562	9.25255
1	121	74	129.914	76.3696	9.22361
1	121	74	123.263	77.0238	3.77701
1	121	74	123.606	75.6569	3.08818
1	121	74	127.383	75.7589	6.6211
1	121	74	120.903	77.6293	3.63063
1	121	74	121.981	70.1362	3.98635
1	121	74	123.622	77.7154	4.54726
1	121	74	131.48	75.2202	10.5504
1	121	74	129.849	79.4293	10.3822
1	121	74	120.585	71.8163	2.22287
1	121	74	91.7578	61.4818	31.809
1	121	74	121.849	71.737	2.41705
1	121	74	125.302	70.5176	5.5351
1	121	74	118.276	76.2388	3.52567
1	121	74	115.451	80.4672	8.52163
1	121	74	126.164	73.7474	5.17045
1	121	74	134.827	83.3608	16.6976
1	121	74	125.269	71.5491	4.92248
1	121	74	124.88	80.5416	7.6058
1	121	74	119.285	84.4266	10.5667
1	121	74	127.758	78.8658	8.32757
1	121	74	124.76	77.139	4.89801
1	121	74	131.02	74.4682	10.0308
1	121	74	128.278	79.8034	9.30868
1	121	74	126.47	72.7844	5.60377
1	121	74	119.666	86.0587	12.1322
1	121	74	131.594	91.1191	20.1322
1	121	74	124.041	79.5552	6.33291
1	121	74	130.454	78.3327	10.3994
1	121	74	129.512	77.3796	9.15823
1	121	74	109.527	93.0972	22.2785
1	121	74	116.853	78.9839	6.48342
1	121	74	133.033	73.29	12.0536
1	121	74	113.852	88.3553	16.0364
1	121	74	50.0951	18.9857	89.7445
1	121	74	120.841	76.7691	2.77366
1	121	74	117.247	77.5139	5.14096
1	121	74	118.087	78.3471	5.23292
1	121	74	123.734	76.8131	3.92245
1	121	74	130.973	71.7806	10.2172
1	121	74	120.428	80.439	6.46439
1	121	74	121.104	72.279	1.72412
1	121	74	118.539	75.4769	2.86995
1	121	74	120.046	75.5464	1.81706
1	121	74	122.969	77.896	4.3652
1	121	74	125.876	74.1217	4.87709
1	121	74	119.126	76.5646	3.17645
1	121	74	123.609	80.0491	6.58762
1	121	74	131.448	72.7087	10.5278
1	121	74	117.941	76.5591	3.9879
1	121	74	116.516	79.2325	6.89086
1	121	74	124.144	81.6127	8.23624
1	121	74	122.032	73.4928	1.14947
1	121	74	126.841	79.27	7.86693
1	121	74	117.087	82.0622	8.96143
1	121	74	127.061	72.452	6.25569
1	121	74	70.1301	10.7669	81.1552
1	121	74	131.841	90.9893	20.1534
1	121	74	108.311	69.5444	13.4481
1	121	74	133.943	77.0985	13.3083
1	121	74	124.751	81.0185	7.95807
1	121	74	128.871	75.0803	7.94451
1	121	74	109.479	89.1343	19.0205
1	121	74	77.8324	45.1829	51.9025
1	121	74	130.64	75.9147	9.82798
1	121	74	99.6712	63.1403	23.9343
1	121	74	122.958	77.6992	4.18531
1	121	74	122.181	78.8339	4.97616
1	121	74	123.482	75.8195	3.07716
1	121	74	122.347	74.4502	1.42053
1	121	74	123.228	71.699	3.20313
1	121	74	57.769	97.4291	67.4321
1	121	74	130.38	77.0767	9.87127
1	121	74	142.108	84.5016	23.5758
1	121	74	120.891	71.416	2.58629
1	121	74	119.874	73.9993	1.1258
1	121	74	131.714	72.9725	10.763
1	121	74	123.085	71.4594	3.28673
1	121	74	112.322	70.807	9.24712
1	121	74	118.736	74.2423	2.27666
1	121	74	111.725	64.2656	13.4455
1	121	74	130.739	77.595	10.3811
1	121	74	121.372	75.3079	1.35971
1	121	74	117.567	76.1552	4.05359
1	121	74	116.936	78.387	5.98016
1	121	74	128.992	81.0077	10.6292
1	121	74	120.072	73.2282	1.2071
1	121	74	142.197	81.2253	22.3949
1	121	74	124.574	74.134	3.57613
1	121	74	124.457	73.6544	3.47444
1	121	74	129.39	78.9336	9.73293
1	121	74	122.995	70.0187	4.45333
1	121	74	141.48	85.4356	23.456
1	121	74	120.199	85.3541	11.3823
