1	121	74	124.43	76.2655	4.11037
1	121	74	142.043	78.6315	21.5465
1	121	74	125.154	85.7204	12.4348
1	121	74	116.521	83.0413	10.0901
1	121	74	130.488	77.0524	9.96661
1	121	74	119.986	73.4424	1.15755
1	121	74	125.62	74.745	4.67953
1	121	74	118.807	45.9682	28.1175
1	121	74	141.227	81.2848	21.4986
1	121	74	115.79	82.244	9.75225
1	121	74	114.406	45.2968	29.451
1	121	74	124.436	70.67	4.78476
1	121	74	100.291	93.4714	28.4252
1	121	74	99.1193	97.438	32.0641
1	121	74	97.6418	51.8151	32.2146
1	121	74	84.4392	64.1248	37.871
1	121	74	141.673	79.7991	21.4713
1	121	74	130.45	76.5641	9.79125
1	121	74	139.596	85.9658	22.1131
1	121	74	123.314	73.432	2.3827
1	121	74	117.077	80.6929	7.75781
1	121	74	114.056	59.0051	16.5246
1	121	74	137.885	78.5975	17.4998
1	121	74	129.517	69.8473	9.47556
1	121	74	129.412	75.2937	8.51133
1	121	74	33.6631	63.8161	87.9286
1	121	74	117.344	81.7089	8.53205
1	121	74	115.902	45.5039	28.9486
1	121	74	132.724	78.7057	12.6333
1	121	74	113.553	80.8105	10.0917
1	121	74	137.345	85.4091	19.933
1	121	74	98.6878	69.995	22.6688
1	121	74	126.445	82.0386	9.70883
1	121	74	85.257	66.1502	36.5948
1	121	74	125.614	76.9408	5.47187
1	121	74	128.804	63.5955	13.0063
1	121	74	115.731	83.4988	10.8622
1	121	74	127.625	83.3399	11.4509
1	121	74	136.885	72.3077	15.975
1	121	74	124.796	75.2177	3.98625
1	121	74	119.238	46.0535	28.002
1	121	74	122.575	82.2228	8.37227
1	121	74	118.168	76.0872	3.51789
1	121	74	118.092	81.6179	8.15421
1	121	74	132.406	80.9935	13.3795
1	121	74	139.825	85.7027	22.1657
1	121	74	123.949	75.4914	3.30456
1	121	74	141.218	84.0979	22.5992
1	121	74	10.6644	83.1887	110.718
1	121	74	135.633	79.3093	15.5667
1	121	74	113.682	45.1738	29.7406
1	121	74	118.12	78.0602	4.97768
1	121	74	123.47	94.3913	20.5403
1	121	74	85.8756	63.2868	36.7219
1	121	74	132.226	79.6029	12.5464
1	121	74	116.08	83.1016	10.3464
1	121	74	122.393	89.1756	15.2394
1	121	74	114.625	45.3379	29.3625
1	121	74	102.143	97.312	29.9838
1	121	74	84.4531	97.4567	43.4269
1	121	74	121.765	46.4449	27.5657
1	121	74	131.424	72.0885	10.5973
1	121	74	95.4411	93.1549	31.9401
1	121	74	19.2115	90.3733	103.097
1	121	74	115.484	45.4621	29.066
1	121	74	133.045	79.3182	13.167
1	121	74	116.737	45.6708	28.6481
1	121	74	117.956	74.4432	3.07567
1	121	74	123.848	69.9623	4.94086
1	121	74	112.336	63.0289	13.9798
1	121	74	127.077	79.5245	8.21266
1	121	74	140.476	80.3279	20.4786
1	121	74	77.5759	90.4402	46.432
1	121	74	119.189	73.7072	1.83459
1	121	74	138.414	74.3851	17.4178
1	121	74	122.128	73.0563	1.47107
1	121	74	124.397	74.1256	3.39973
1	121	74	105.288	91.3105	23.3775
1	121	74	118.131	45.8824	28.2636
1	121	74	125.704	91.6899	18.3045
1	121	74	129.268	74.1657	8.26975
1	121	74	142.181	78.2685	21.6068
1	121	74	123.407	77.7595	4.4638
1	121	74	127.433	60.4792	14.9732
1	121	74	117.306	82.2785	9.06512
1	121	74	128.976	83.8393	12.6663
1	121	74	140.158	71.7027	19.2954
1	121	74	104.807	62.3014	19.9769
1	121	74	63.1451	61.8583	59.1152
1	121	74	121.146	75.6545	1.66097
1	121	74	133.753	81.2559	14.6724
1	121	74	115.064	45.3794	29.2296
1	121	74	128.447	74.9708	7.51031
1	121	74	133.985	67.8923	14.3496
1	121	74	142.16	82.9174	22.9624
1	121	74	120.127	77.651	3.754
1	121	74	76.0593	45.6905	53.114
1	121	74	103.924	97.1413	28.7596
1	121	74	125.936	78.4807	6.66671
1	121	74	121.351	69.3647	4.64859
1	121	74	132.613	80.9668	13.5421
1	121	74	99.611	91.5458	27.6649
1	121	74	104.456	97.4391	28.6898
1	121	74	85.9	66.1664	35.9635
1	121	74	126.807	75.6021	6.02396
1	121	74	10.6285	83.1794	110.753
1	121	74	133.188	87.5618	18.2334
1	121	74	126.736	78.4025	7.23054
1	121	74	133.493	69.7951	13.1817
1	121	74	127.205	90.4851	17.6142
1	121	74	119.185	81.7199	7.93044
1	121	74	118.156	75.8287	3.38142
1	121	74	8.37347	84.9362	113.156
1	121	74	112.595	90.2139	18.2629
1	121	74	57.5237	97.462	67.6736
1	121	74	142.182	78.6266	21.681
1	121	74	135.16	71.0679	14.46
1	121	74	126.797	91.4933	18.4288
1	121	74	114.162	97.4754	24.451
1	121	74	114.999	72.6924	6.14146
1	121	74	110.519	94.0051	22.5845
1	121	74	119.495	88.5186	14.5964
1	121	74	134.593	76.1796	13.7662
1	121	74	130.837	76.2663	10.0951
1	121	74	104.499	96.5041	27.9053
1	121	74	125.728	67.0629	8.39514
1	121	74	123.452	70.2308	4.49663
1	121	74	132.635	78.1284	12.346
1	121	74	133.857	78.5135	13.6264
1	121	74	126.903	77.981	7.11984
1	121	74	109.349	68.9284	12.7071
1	121	74	121.04	88.4771	14.4772
1	121	74	125.867	86.9511	13.8355
1	121	74	130.599	75.9204	9.78952
1	121	74	128.636	77.4982	8.39941
1	121	74	133.048	71.0239	12.41
1	121	74	98.8751	69.8295	22.5146
1	121	74	124.138	70.9906	4.34817
1	121	74	122.704	73.5346	1.76657
1	121	74	124.106	71.8016	3.80537
1	121	74	120.821	72.2444	1.76468
1	121	74	121.771	74.3739	0.857149
1	121	74	114.44	96.6816	23.6113
1	121	74	125.655	83.5224	10.5994
1	121	74	128.692	80.7889	10.2597
1	121	74	93.546	97.4368	36.0971
1	121	74	140.655	64.0099	22.0479
1	121	74	117.833	81.8018	8.42005
1	121	74	114.402	87.9192	15.4037
1	121	74	95.1376	58.2861	30.262
1	121	74	120.179	46.225	27.7871
1	121	74	122.217	73.2342	1.43784
1	121	74	92.1359	78.1762	29.1646
1	121	74	123.998	86.6699	13.0198
1	121	74	109.852	51.5884	25.0313
1	121	74	130.292	81.7481	12.0987
1	121	74	102.907	66.1628	19.7172
1	121	74	125.124	75.2822	4.3186
1	121	74	110.978	88.8784	17.9391
1	121	74	127.119	71.7505	6.51973
1	121	74	118.593	75.4029	2.78638
1	121	74	94.236	62.5898	29.0948
1	121	74	136.908	48.6209	29.9529
1	121	74	117.654	75.5647	3.69344
1	121	74	126.079	74.3435	5.09087
1	121	74	118.154	77.3421	4.39
1	121	74	119.564	75.2886	1.92912
1	121	74	129.591	75.8517	8.78837
1	121	74	119.306	66.2763	7.90723
1	121	74	121.609	77.0268	3.08745
1	121	74	128.297	82.7017	11.3561
1	121	74	133.119	79.4598	13.292
1	121	74	116.749	45.6709	28.6463
1	121	74	130.676	80.1878	11.4853
1	121	74	100.037	95.3381	29.9125
1	121	74	120.901	74.4541	0.464783
1	121	74	126.046	87.5212	14.4321
1	121	74	131.819	78.4672	11.7051
1	121	74	123.263	73.9874	2.26329
1	121	74	121.536	72.0346	2.03711
1	121	74	140.027	58.9005	24.2902
1	121	74	121.514	74.2646	0.578265
1	121	74	130.018	76.3973	9.33145
1	121	74	123.3	70.1408	4.49251
1	121	74	137.368	57.7122	23.0913
1	121	74	141.347	71.0483	20.5604
1	121	74	123.186	95.7669	21.8764
1	121	74	134.562	76.8404	13.8561
1	121	74	118.093	73.9722	2.90743
1	121	74	124.938	78.3539	5.87052
1	121	74	122.951	89.5637	15.6854
1	121	74	131.62	76.8071	10.9846
1	121	74	125.619	58.8503	15.8384
1	121	74	127.737	89.1058	16.5401
1	121	74	113.765	45.1738	29.7202
1	121	74	38.2273	24.0062	96.699
1	121	74	105.48	47.9428	30.3292
1	121	74	109.627	96.1935	24.9377
1	121	74	117.239	63.1382	11.4946
1	121	74	120.531	85.2284	11.2382
1	121	74	86.4671	64.4094	35.8399
1	121	74	110.387	93.5541	22.2483
1	121	74	131.333	85.062	15.1372
1	121	74	104.161	97.1624	28.6367
1	121	74	115.46	59.4449	15.5738
1	121	74	131.688	82.3796	13.581
1	121	74	61.8864	92.2239	61.8589
1	121	74	121.55	83.5599	9.57569
1	121	74	115.142	97.4908	24.2102
1	121	74	93.1194	97.4367	36.4226
1	121	74	133.425	69.27	13.2952
1	121	74	133.185	68.4192	13.4022
1	121	74	117.543	45.7974	28.4137
1	121	74	128.452	72.0262	7.70883
1	121	74	116.979	77.0551	5.04992
1	121	74	118.265	45.8828	28.2498
1	121	74	114.7	45.338	29.3463
1	121	74	107.325	63.648	17.1513
1	121	74	124.188	68.8203	6.08228
1	121	74	126.482	83.7837	11.215
1	121	74	99.7635	81.5346	22.5335
1	121	74	117.749	45.798	28.3888
1	121	74	103.43	50.1887	29.5921
1	121	74	102.537	97.4387	29.8373
1	121	74	94.6757	56.1201	31.8223
1	121	74	121.522	76.8645	2.91166
1	121	74	124.325	75.4921	3.64433
1	121	74	121.148	73.7953	0.252655
1	121	74	131.008	82.4769	13.1157
1	121	74	100.043	52.1659	30.2646
1	121	74	129.028	76.244	8.33531
1	121	74	128.599	89.7433	17.4814
1	121	74	119.684	73.7438	1.34058
1	121	74	119.842	71.5263	2.73142
1	121	74	104.616	55.139	24.9833
1	121	74	101.195	50.7309	30.5562
1	121	74	118.764	90.439	16.5904
1	121	74	117.449	45.7971	28.4255
1	121	74	118.395	74.0668	2.60574
1	121	74	135.878	73.2077	14.8988
1	121	74	120.715	70.1723	3.83833
1	121	74	104.567	97.4391	28.626
1	121	74	113.851	45.1738	29.6995
1	121	74	56.4102	41.6249	72.2495
1	121	74	118.656	95.7531	21.8791
1	121	74	127.218	66.6242	9.64675
1	121	74	115.938	45.5452	28.9016
1	121	74	130.308	71.1861	9.72356
1	121	74	118.085	77.6633	4.68172
1	121	74	115.876	45.5451	28.9125
1	121	74	113.233	45.1737	29.8542
1	121	74	121.987	90.5625	16.5918
1	121	74	120.535	82.6061	8.61866
1	121	74	142.067	83.0583	22.9316
1	121	74	94.817	97.4371	35.1403
1	121	74	140.197	83.6576	21.4897
1	121	74	106.193	54.8416	24.2132
1	121	74	114.333	89.5693	16.9368
1	121	74	113.716	87.1444	15.0276
1	121	74	139.601	48.8575	31.2753
1	121	74	119.054	79.1807	5.53415
1	121	74	139.959	71.8472	19.0805
1	121	74	138.143	85.1905	20.472
1	121	74	121.347	87.1262	13.1308
1	121	74	126.408	93.5966	20.3291
1	121	74	124.165	94.3713	20.6158
1	121	74	74.1478	51.7916	51.8492
1	121	74	124.218	79.6491	6.50139
1	121	74	123.79	77.0452	4.13021
1	121	74	134.06	75.1936	13.1144
1	121	74	124.119	83.0559	9.578
1	121	74	104.798	49.0339	29.7623
1	121	74	141.702	83.2825	22.6877
1	121	74	115.236	83.4136	11.0379
1	121	74	110.681	91.4775	20.2965
1	121	74	115.662	87.5389	14.5531
1	121	74	132.881	56.451	21.1927
1	121	74	109.735	97.4579	26.0225
1	121	74	120.325	77.6891	3.75037
1	121	74	129.332	80.0031	10.2693
1	121	74	94.7496	50.7798	35.0465
1	121	74	119.959	85.6128	11.6594
1	121	74	120.486	75.0564	1.17481
1	121	74	115.767	45.5659	28.9116
1	121	74	114.058	45.2148	29.6105
1	121	74	112.266	45.1735	30.1205
1	121	74	123.559	85.3675	11.652
1	121	74	77.8438	45.8981	51.4993
1	121	74	116.421	45.6288	28.7384
1	121	74	85.0209	66.0951	36.8373
1	121	74	114.248	84.2347	12.2612
1	121	74	119.036	81.4608	7.715
1	121	74	112.238	67.9146	10.6683
1	121	74	129.063	78.7872	9.37719
1	121	74	141.452	70.3205	20.7802
1	121	74	54.839	97.1864	70.1062
1	121	74	118.426	78.1334	4.86963
1	121	74	130.375	89.3942	18.0243
1	121	74	107.793	96.0555	25.7073
1	121	74	114.421	45.2968	29.4475
1	121	74	125.658	70.7907	5.65641
1	121	74	105.596	97.4393	28.048
1	121	74	121.563	72.2826	1.80728
1	121	74	139.014	74.638	18.0253
1	121	74	125.67	80.774	8.22754
1	121	74	115.235	82.804	10.5239
1	121	74	121.284	70.5871	3.42466
1	121	74	130.609	74.0125	9.60876
1	121	74	106.713	97.4651	27.4722
1	121	74	129.131	77.4151	8.81871
1	121	74	137.883	78.236	17.4059
1	121	74	119.085	88.2339	14.3621
1	121	74	122.996	74.28	2.01511
1	121	74	120.602	79.1565	5.17187
1	121	74	96.383	97.4374	33.9898
1	121	74	97.3117	97.4376	33.3235
1	121	74	120.195	86.0669	12.0937
1	121	74	103.598	54.284	26.2974
1	121	74	125.022	77.2443	5.16746
1	121	74	121.062	75.2186	1.22024
1	121	74	140.418	58.3742	24.9241
1	121	74	125.056	63.417	11.3334
1	121	74	123.41	74.9809	2.60207
1	121	74	129.322	77.1655	8.90342
1	121	74	125.876	74.1742	4.87938
1	121	74	133.288	76.5981	12.5595
1	121	74	127.778	71.5616	7.20285
1	121	74	122.26	69.9885	4.20458
1	121	74	129.487	67.5603	10.6533
1	121	74	124.583	90.5638	16.947
1	121	74	113.808	75.006	7.26188
1	121	74	135.241	74.2205	14.2429
1	121	74	124.477	46.8894	27.3327
1	121	74	113.79	89.8408	17.4046
1	121	74	128.094	58.3058	17.223
1	121	74	94.4839	94.501	33.5171
1	121	74	91.538	95.8925	36.7054
1	121	74	88.3898	56.7532	36.8901
1	121	74	108.791	97.1741	26.1934
1	121	74	120.464	85.047	11.0601
1	121	74	117.905	84.7421	11.1792
1	121	74	95.6955	60.926	28.4824
1	121	74	118.339	79.1826	5.82584
1	121	74	121.486	85.8026	11.8126
1	121	74	113.738	89.9233	17.5011
1	121	74	58.8356	97.1312	66.3285
1	121	74	119.736	73.123	1.53803
1	121	74	130.962	84.38	14.3869
1	121	74	114.7	91.1539	18.2741
1	121	74	96.5831	94.4255	31.8337
1	121	74	122.352	77.4575	3.71249
1	121	74	123.226	83.7336	9.98498
1	121	74	120.585	70.8392	3.18792
1	121	74	93.8382	97.4369	35.8755
1	121	74	128.711	71.4042	8.13601
1	121	74	71.3252	11.1928	80.077
1	121	74	139.799	44.7305	34.7866
1	121	74	124.535	79.326	6.39249
1	121	74	125.724	74.0684	4.72452
1	121	74	108.465	95.0183	24.4725
1	121	74	126.547	80.8095	8.7826
1	121	74	132.94	83.7226	15.3977
1	121	74	120.676	74.001	0.323893
1	121	74	128.726	77.9355	8.67049
1	121	74	115.208	81.5487	9.51482
1	121	74	123.54	85.6667	11.9399
1	121	74	134.911	77.9298	14.4555
1	121	74	118.297	78.6788	5.40328
1	121	74	117.308	77.053	4.79079
1	121	74	116.422	94.0881	20.6031
1	121	74	133.441	78.4817	13.224
1	121	74	116.867	85.1506	11.8918
1	121	74	96.0482	53.8594	32.0661
1	121	74	93.6526	93.1834	33.4048
1	121	74	121.557	87.6279	13.6393
1	121	74	120.82	72.9775	1.03825
1	121	74	133.899	69.4024	13.6941
1	121	74	113.407	97.4558	24.6541
1	121	74	86.072	66.0218	35.8276
1	121	74	81.8126	97.4647	45.6754
1	121	74	140.403	85.084	22.3457
1	121	74	117.467	82.7486	9.43496
1	121	74	109.422	95.2292	24.181
1	121	74	140.538	70.1729	19.9092
1	121	74	133.69	48.0732	28.8658
1	121	74	140.161	81.1449	20.4498
1	121	74	119.032	85.8005	11.9635
1	121	74	118.878	46.0102	28.0701
1	121	74	125.782	72.3275	5.06608
1	121	74	38.4043	60.8361	83.6382
1	121	74	97.7767	53.634	30.8884
1	121	74	116.869	91.9795	18.448
1	121	74	120.307	80.0193	6.05904
1	121	74	123.719	68.2597	6.35191
1	121	74	121.725	75.7168	1.86365
1	121	74	128.984	78.1584	9.00191
1	121	74	129.483	79.6696	10.2031
1	121	74	132.861	76.4656	12.1147
1	121	74	141.041	84.2099	22.4918
1	121	74	114.532	93.8929	20.9181
1	121	74	118.064	75.0043	3.10264
1	121	74	136.182	73.4896	15.1907
1	121	74	136.35	79.1187	16.1812
1	121	74	115.094	82.8767	10.6617
1	121	74	129.616	77.8688	9.44504
1	121	74	135.1	78.1678	14.7029
1	121	74	132.405	70.8533	11.8307
1	121	74	140.279	85.1797	22.2859
1	121	74	124.646	46.8907	27.3534
1	121	74	122.718	80.3467	6.57522
1	121	74	91.3748	95.0626	36.3495
1	121	74	141.704	83.5747	22.8107
1	121	74	123.827	69.0614	5.69046
1	121	74	125.075	58.3584	16.1638
1	121	74	106.738	53.9198	24.6296
1	121	74	138.178	74.7516	17.1943
1	121	74	118.806	79.4744	5.89788
1	121	74	56.9067	38.8734	73.0878
1	121	74	122.774	79.9324	6.19192
1	121	74	122.356	46.5333	27.5002
1	121	74	133.111	74.3935	12.117
1	121	74	130.388	84.4788	14.0689
1	121	74	133.406	74.9915	12.4458
1	121	74	121.09	74.2868	0.300641
1	121	74	130.57	74.2604	9.5731
1	121	74	114.557	62.0616	13.5661
1	121	74	124.309	77.2825	4.66116
1	121	74	112.401	88.2009	16.6013
1	121	74	118.274	92.6093	18.8079
1	121	74	115.415	45.462	29.0794
1	121	74	113.806	87.1663	15.0033
1	121	74	134.2	77.2138	13.5857
1	121	74	123.811	69.4634	5.33706
1	121	74	142.303	85.583	24.2487
1	121	74	123.365	67.445	6.96872
1	121	74	116.706	77.0226	5.25087
1	121	74	134.226	72.8791	13.273
1	121	74	138.818	68.921	18.5276
1	121	74	127.034	93.2704	20.1929
1	121	74	120.327	46.2262	27.7819
1	121	74	131.16	83.4286	13.8608
1	121	74	129.652	72.9913	8.71109
1	121	74	110.27	69.996	11.4525
1	121	74	123.188	75.1184	2.45721
1	121	74	104.851	69.9211	16.6564
1	121	74	109.504	96.5548	25.3158
1	121	74	132.774	51.0815	25.7661
1	121	74	140.005	76.897	19.2242
1	121	74	120.152	75.0488	1.34869
1	121	74	122.724	78.4221	4.74638
1	121	74	127.75	85.5225	13.3539
1	121	74	124.736	75.9372	4.20871
1	121	74	118.771	45.9681	28.1205
1	121	74	134.841	77.7759	14.3465
1	121	74	130.694	76.0329	9.90451
1	121	74	100.065	97.4382	31.4268
1	121	74	86.0785	66.1019	35.8035
1	121	74	102.385	97.3007	29.8238
1	121	74	125.883	87.5722	14.4237
1	121	74	124.865	68.4332	6.77702
1	121	74	99.5987	91.5032	27.6474
1	121	74	138.848	85.4243	21.1908
1	121	74	48.6109	43.83	78.4246
1	121	74	118.18	96.4959	22.672
1	121	74	50.0364	97.4275	74.7307
1	121	74	63.5442	97.4304	62.0496
1	121	74	125.529	79.7685	7.33416
1	121	74	114.656	45.3379	29.3559
1	121	74	117.761	45.798	28.3873
1	121	74	117.333	45.7553	28.4818
1	121	74	121.568	73.7127	0.636538
1	121	74	122.38	74.9275	1.66256
1	121	74	85.3521	63.4843	37.1666
1	121	74	117.381	81.8015	8.59987
1	121	74	98.9899	94.9695	30.4001
1	121	74	122.194	74.7388	1.4039
1	121	74	113.08	93.3534	20.9114
1	121	74	130.88	77.6212	10.5228
1	121	74	134.096	77.3168	13.5099
1	121	74	133.245	72.8484	12.2994
1	121	74	132.572	81.1951	13.6267
1	121	74	96.6327	55.1256	30.8222
1	121	74	132.153	65.9849	13.7347
1	121	74	10.6285	83.182	110.753
1	121	74	122.198	78.3906	4.5511
1	121	74	115.533	45.4622	29.0568
1	121	74	127.524	76.579	7.01517
1	121	74	45.9183	20.6602	92.0999
1	121	74	136.862	75.7544	15.9584
1	121	74	125.641	90.125	16.7795
1	121	74	115.499	45.4621	29.0632
1	121	74	126.392	77.9549	6.68657
1	121	74	105.18	50.1148	28.6494
1	121	74	124.754	64.4635	10.249
1	121	74	99.9107	97.4381	31.5294
1	121	74	134.2	78.1986	13.8513
1	121	74	113.773	80.956	10.0305
1	121	74	117.504	76.8549	4.51398
1	121	74	97.1659	97.3342	33.3549
1	121	74	118.697	81.7533	8.08804
1	121	74	120.937	86.5736	12.5737
1	121	74	116.458	45.6288	28.7325
1	121	74	142.209	78.6365	21.7099
1	121	74	120.751	73.4499	0.60372
1	121	74	138.304	66.2135	18.9752
1	121	74	104.88	97.4392	28.4472
1	121	74	130.525	75.0675	9.58429
1	121	74	115.589	45.4623	29.0462
1	121	74	104.556	54.7173	25.3419
1	121	74	130.792	87.2759	16.4966
1	121	74	134.703	66.9459	15.4124
1	121	74	141.727	75.2095	20.7622
1	121	74	117.238	76.8105	4.6961
1	121	74	126.992	74.4598	6.00918
1	121	74	128.983	67.317	10.4111
1	121	74	121.054	81.4091	7.40929
1	121	74	119.502	77.1106	3.45242
1	121	74	111.283	97.0054	24.9733
1	121	74	88.1907	64.6151	34.1252
1	121	74	128.52	68.7408	9.17677
1	121	74	121.905	83.1489	9.19359
1	121	74	119.881	71.8771	2.39976
1	121	74	101.878	96.1462	29.2596
1	121	74	46.5632	97.4267	78.0362
1	121	74	69.4259	28.9193	68.4994
1	121	74	120.87	71.3924	2.61082
1	121	74	87.4907	66.057	34.4378
1	121	74	117.977	85.7035	12.0878
1	121	74	105.302	95.7794	26.847
1	121	74	131.28	84.825	14.9284
1	121	74	58.1344	97.4292	67.0896
1	121	74	98.5747	95.6768	31.1894
1	121	74	113.969	85.569	13.5378
1	121	74	124.66	70.3324	5.18108
1	121	74	114.615	92.8507	19.9026
1	121	74	137.989	79.2318	17.7764
1	121	74	119.506	73.5161	1.57056
1	121	74	130.341	84.8653	14.3285
1	121	74	133.245	79.4389	13.3988
1	121	74	108.187	97.0874	26.4043
1	121	74	123.938	75.3138	3.21808
1	121	74	140.751	84.6255	22.4276
1	121	74	133.776	81.2312	14.6806
1	121	74	125.56	65.0651	10.0314
1	121	74	111.578	45.1734	30.3273
1	121	74	107.855	93.5181	23.5318
1	121	74	140.113	85.3962	22.2525
1	121	74	111.139	93.3626	21.729
1	121	74	137.04	75.7236	16.132
1	121	74	128.282	89.7826	17.3814
1	121	74	106.742	54.6983	23.997
1	121	74	113.209	68.2391	9.68977
1	121	74	106.949	54.6602	23.9052
1	121	74	121.468	95.8395	21.8445
1	121	74	129.279	78.8842	9.61195
1	121	74	111.305	45.1734	30.4132
1	121	74	136.671	71.3528	15.8928
1	121	74	135.127	80.0194	15.3563
1	121	74	132.623	82.091	14.1615
1	121	74	98.835	57.5904	27.5783
1	121	74	129.141	79.4607	9.80255
1	121	74	118.768	78.8008	5.29418
1	121	74	110.67	97.3886	25.5681
1	121	74	122.087	78.8007	4.92223
1	121	74	115.243	72.5334	5.94069
1	121	74	116.222	45.587	28.8119
1	121	74	119.876	63.9489	10.1136
1	121	74	129.038	74.3333	8.04497
1	121	74	128.332	70.9772	7.93088
1	121	74	119.778	86.5181	12.5776
1	121	74	117.5	82.3	9.00774
1	121	74	123.591	90.6703	16.8705
1	121	74	102.36	85.7838	22.0527
1	121	74	133.483	81.6169	14.6232
1	121	74	95.4979	94.2444	32.5606
1	121	74	125.4	88.2148	14.8801
1	121	74	125.123	60.6255	13.9954
1	121	74	132.212	80.9963	13.2158
1	121	74	121.665	72.0632	2.04794
1	121	74	107.277	88.7211	20.1257
1	121	74	131.678	76.0741	10.8778
1	121	74	96.3633	57.2311	29.802
1	121	74	129.719	79.6848	10.4085
1	121	74	127.062	85.8505	13.3109
1	121	74	123.654	69.3406	5.36232
1	121	74	117.355	97.4355	23.7174
1	121	74	115.85	85.627	12.7165
1	121	74	90.4779	61.9085	32.8299
1	121	74	130.365	72.4703	9.48904
1	121	74	121.905	78.9779	5.05946
1	121	74	132.815	69.5072	12.6402
1	121	74	124.059	46.8433	27.3284
1	121	74	102.53	75.8878	18.5665
1	121	74	105.593	67.0303	16.9103
1	121	74	128.098	42.7277	32.0677
1	121	74	122.057	71.3863	2.81943
1	121	74	113.464	81.8176	10.8585
1	121	74	87.3855	65.8768	34.5821
1	121	74	131.663	72.9844	10.7109
1	121	74	45.5444	97.4265	79.0085
1	121	74	109.616	94.3627	23.3289
1	121	74	115.166	59.7015	15.4427
1	121	74	101.539	97.4385	30.4644
1	121	74	112.535	45.1736	30.0435
1	121	74	88.0892	65.7839	33.9209
1	121	74	129.716	83.3799	12.8045
1	121	74	116.845	78.4619	6.09705
1	121	74	86.8694	64.6835	35.3793
1	121	74	133.121	84.1898	15.8353
1	121	74	112.41	95.5939	23.2397
1	121	74	126.314	94.0635	20.7552
1	121	74	125.786	72.3783	5.05283
1	121	74	125.366	73.3996	4.40692
1	121	74	131.62	71.6744	10.8721
1	121	74	103.573	49.5394	30.0335
1	121	74	108.191	96.3333	25.7457
1	121	74	122.238	70.2324	3.96566
1	121	74	82.406	60.35	40.9368
1	121	74	137.208	69.2577	16.8879
1	121	74	119.356	46.054	27.9943
1	121	74	118.493	45.9253	28.1864
1	121	74	139.928	86.0768	22.453
1	121	74	110.937	73.1926	10.0956
1	121	74	115.066	45.3794	29.2293
1	121	74	118.786	77.0258	3.74935
1	121	74	130.269	77.6974	9.9789
1	121	74	114.742	82.6228	10.6542
1	121	74	130.892	49.8441	26.1027
1	121	74	138.762	74.0447	17.7622
1	121	74	78.6477	45.7756	50.8953
1	121	74	136.939	76.2659	16.099
1	121	74	141.518	71.1407	20.716
1	121	74	117.705	87.0344	13.4444
1	121	74	118.589	75.3113	2.74441
1	121	74	49.4657	21.9898	88.4433
1	121	74	127.42	84.5487	12.3487
1	121	74	55.2997	97.4286	69.7526
1	121	74	123.323	74.3919	2.35549
1	121	74	111.299	93.4709	21.754
1	121	74	124.647	75.0133	3.78523
1	121	74	119.691	77.1879	3.44628
1	121	74	118.907	74.9852	2.31372
1	121	74	103.784	56.1652	24.7888
1	121	74	95.2063	93.7496	32.4863
1	121	74	121.548	67.8597	6.16472
1	121	74	140.225	71.8722	19.3429
1	121	74	102.44	94.0882	27.3496
1	121	74	120.729	46.2703	27.731
1	121	74	99.327	48.206	33.6905
1	121	74	126.605	91.5875	18.4591
1	121	74	129.733	71.1518	9.18578
1	121	74	108.361	66.542	14.675
1	121	74	133.951	70.7455	13.3533
1	121	74	88.4336	65.8113	33.5801
1	121	74	122.887	88.7675	14.8875
1	121	74	140.194	72.3816	19.2616
1	121	74	108.883	95.9214	25.0474
1	121	74	137.13	78.2429	16.679
1	121	74	133.626	80.1237	14.0329
1	121	74	132.533	70.9182	11.9374
1	121	74	118.145	75.029	3.03497
1	121	74	118.466	45.9252	28.1889
1	121	74	119.97	74.197	1.04893
1	121	74	128.549	74.4344	7.56158
1	121	74	109.729	94.8137	23.6693
1	121	74	141.82	84.2819	23.2206
1	121	74	120.066	75.4162	1.6966
1	121	74	114.128	82.7948	11.1614
1	121	74	119.048	74.4316	1.99931
1	121	74	140.601	83.1965	21.6513
1	121	74	139.765	85.6932	22.1102
1	121	74	132.11	78.7775	12.0933
1	121	74	134.888	63.3363	17.5095
1	121	74	128.942	80.3072	10.1419
1	121	74	118.025	84.956	11.3528
1	121	74	136.268	73.6209	15.2723
1	121	74	121.454	78.2361	4.26034
1	121	74	125.58	93.0796	19.6217
1	121	74	85.6961	63.6147	36.7998
1	121	74	134.49	71.7882	13.6699
1	121	74	127.085	91.0673	18.1194
1	121	74	123.247	51.0411	23.0685
1	121	74	137.191	75.3319	16.2461
1	121	74	120.547	71.4935	2.54703
1	121	74	141.704	83.5299	22.7916
1	121	74	87.5633	66.0245	34.3747
1	121	74	96.84	52.7418	32.181
1	121	74	121.63	78.8784	4.91898
1	121	74	114.213	45.2557	29.5348
1	121	74	122.207	73.9534	1.20757
1	121	74	117.528	88.8177	15.219
1	121	74	110.582	93.0145	21.6816
1	121	74	85.4152	66.1513	36.4401
1	121	74	118.176	76.1955	3.57694
1	121	74	128.254	66.8261	10.2019
1	121	74	115.837	96.5143	23.0988
1	121	74	119.33	84.2732	10.4082
1	121	74	137.046	84.9519	19.4276
1	121	74	121.483	80.8818	6.89872
1	121	74	132.332	81.7557	13.7316
1	121	74	103.848	97.4389	29.0444
1	121	74	134.946	80.3769	15.3352
1	121	74	119.971	94.5375	20.5632
1	121	74	110.376	92.3454	21.1995
1	121	74	120.899	71.8569	2.1455
1	121	74	115.724	77.982	6.60984
1	121	74	107.451	62.6244	17.6912
1	121	74	114.02	60.5291	15.1718
1	121	74	87.369	65.978	34.5746
1	121	74	122.872	69.2835	5.07448
1	121	74	117.102	81.3437	8.3143
1	121	74	141.425	78.6199	20.9407
1	121	74	121.725	72.8322	1.37473
1	121	74	140.633	84.6775	22.3491
1	121	74	48.5674	44.0225	78.3909
1	121	74	124.498	75.8139	3.94027
1	121	74	129.716	72.6521	8.81957
1	121	74	131.037	73.1612	10.0718
1	121	74	130.444	75.9912	9.65172
1	121	74	120.726	94.5238	20.5256
1	121	74	122.734	79.6742	5.93331
1	121	74	125.77	72.6874	4.94776
1	121	74	131.066	78.5616	11.0515
1	121	74	108.35	73.2682	12.671
1	121	74	95.9583	91.1915	30.3749
1	121	74	108.549	58.1632	20.1454
1	121	74	115.998	80.9331	8.54906
1	121	74	115.237	45.807	28.7759
1	121	74	140.166	85.8523	22.5344
1	121	74	117.013	45.7129	28.5667
1	121	74	113.672	45.1738	29.743
1	121	74	116.329	86.0042	12.8808
1	121	74	118.792	88.3658	14.5345
1	121	74	118.515	77.8297	4.56548
1	121	74	124.421	74.7818	3.50894
1	121	74	134.164	80.0283	14.479
1	121	74	115.887	78.9209	7.09637
1	121	74	6.62562	86.8059	115.089
1	121	74	117.751	45.8395	28.3473
1	121	74	117.477	45.7557	28.4633
1	121	74	118.182	45.8826	28.2583
1	121	74	118.759	45.968	28.1214
1	121	74	118.115	97.4297	23.6067
1	121	74	140.435	84.4051	22.0451
1	121	74	106.782	59.6185	20.2233
1	121	74	58.7843	30.714	75.7923
1	121	74	86.6484	65.844	35.3066
1	121	74	86.2024	65.8953	35.7289
1	121	74	116.822	79.24	6.70186
1	121	74	128.92	83.0372	12.0168
1	121	74	122.379	87.9903	14.0581
1	121	74	134.366	79.2074	14.3447
1	121	74	126.023	90.1485	16.9116
1	121	74	43.1476	55.8123	79.9486
1	121	74	123.194	54.9695	19.1567
1	121	74	106.21	88.1803	20.4894
1	121	74	124.925	68.1919	7.01023
1	121	74	134.004	81.8735	15.2016
1	121	74	139.713	71.63	18.8628
1	121	74	95.539	97.4372	34.6059
1	121	74	78.5473	97.3723	48.4612
1	121	74	130.061	74.529	9.076
1	121	74	132.415	78.5487	12.2877
1	121	74	126	76.2105	5.46729
1	121	74	135.47	78.1901	15.0643
1	121	74	132.538	90.6219	20.2339
1	121	74	115.671	83.6492	11.0228
1	121	74	136.469	76.9083	15.7399
1	121	74	131.221	78.6497	11.2291
1	121	74	126.844	75.62	6.06474
1	121	74	141.984	70.5684	21.263
1	121	74	77.7406	86.9487	45.1557
1	121	74	140.994	83.9441	22.3305
1	121	74	115.825	95.1562	21.7799
1	121	74	140.359	85.1894	22.3602
1	121	74	115.431	82.0409	9.78095
1	121	74	132.579	81.372	13.7266
1	121	74	110.606	97.4814	25.6788
1	121	74	132.352	73.2625	11.3761
1	121	74	129.473	71.3465	8.87847
1	121	74	98.4394	97.4378	32.5317
1	121	74	115.804	75.2278	5.33902
1	121	74	136.616	77.6118	16.0287
1	121	74	70.899	10.6582	80.7607
1	121	74	126.046	75.2911	5.20891
1	121	74	138.749	73.7365	17.7512
1	121	74	102.92	54.8452	26.3397
1	121	74	124.784	85.1055	11.7325
1	121	74	135.884	54.1844	24.7829
1	121	74	114.66	61.1701	14.311
1	121	74	136.994	75.7915	16.094
1	121	74	120.897	75.0592	1.06422
1	121	74	102.788	93.2792	26.5208
1	121	74	110.383	94.928	23.4673
1	121	74	141.533	79.9482	21.3777
1	121	74	119.046	77.6611	4.14987
1	121	74	140.474	74.8744	19.494
1	121	74	115.092	73.9503	5.908
1	121	74	119.069	91.0537	17.1626
1	121	74	141.623	82.2063	22.1961
1	121	74	126.319	85.8296	12.9702
1	121	74	105.381	97.4393	28.1665
1	121	74	135.58	55.0706	23.8934
1	121	74	130.402	68.6878	10.7991
1	121	74	117.744	88.5571	14.9167
1	121	74	140.477	83.3023	21.5842
1	121	74	140.528	59.6284	24.2468
1	121	74	132.119	83.9933	14.9495
1	121	74	127.606	75.1729	6.70909
1	121	74	111.046	81.6574	12.5589
1	121	74	127.955	57.5895	17.8233
1	121	74	119.887	79.0242	5.14598
1	121	74	126.992	81.3026	9.44599
1	121	74	113.922	94.1695	21.3754
1	121	74	117.112	80.6653	7.71662
1	121	74	116.735	70.5685	5.4743
1	121	74	136.688	69.8148	16.2367
1	121	74	114.499	79.6484	8.61217
1	121	74	123.866	90.5864	16.8323
1	121	74	130.482	75.566	9.61026
1	121	74	137.52	71.9834	16.6427
1	121	74	117.465	45.7971	28.4235
1	121	74	120.097	89.2884	15.315
1	121	74	92.1417	94.5768	35.443
1	121	74	124.842	70.1387	5.44699
1	121	74	119.519	77.4631	3.76661
1	121	74	113.984	93.5795	20.7984
1	121	74	124.132	46.8439	27.3361
1	121	74	140.021	85.4568	22.2049
1	121	74	122.977	90.2517	16.3715
1	121	74	139.707	85.7333	22.0823
1	121	74	118.902	46.0103	28.0682
1	121	74	99.4426	55.1767	28.6189
1	121	74	87.1124	66.1135	34.7932
1	121	74	132.855	83.7894	15.3747
1	121	74	119.197	46.0533	28.0047
1	121	74	129.553	75.4068	8.66804
1	121	74	124.519	89.6092	16.0009
1	121	74	125.659	86.636	13.4675
1	121	74	103.841	51.2649	28.4838
1	121	74	120.293	85.4887	11.5104
1	121	74	122.348	72.6911	1.87868
1	121	74	127.023	87.2596	14.5636
1	121	74	130.403	67.5782	11.3864
1	121	74	138.994	71.581	18.1563
1	121	74	128.087	79.835	9.18019
1	121	74	106.004	47.9059	30.0963
1	121	74	125.4	55.6608	18.8597
1	121	74	96.3992	97.4374	33.9781
1	121	74	116.258	97.4605	23.935
1	121	74	110.963	97.3492	25.4152
1	121	74	122.674	89.5128	15.6029
1	121	74	134.701	83.0399	16.4144
1	121	74	10.5567	83.1169	110.819
1	121	74	119.617	73.874	1.38838
1	121	74	128.263	76.3616	7.63735
1	121	74	108.543	97.4743	26.5749
1	121	74	125.291	91.0099	17.5427
1	121	74	128.774	73.7095	7.77916
1	121	74	140.228	85.2246	22.2641
1	121	74	130.066	66.0655	12.048
1	121	74	131.167	76.2701	10.4175
1	121	74	101.99	91.9781	26.165
1	121	74	128.218	66.8939	10.1288
1	121	74	126.321	76.5982	5.92121
1	121	74	134.913	79.076	14.8101
1	121	74	107.525	49.7638	27.7301
1	121	74	113.614	93.719	21.057
1	121	74	115.352	77.9148	6.87175
1	121	74	87.6061	66.0988	34.3159
1	121	74	129.631	50.1146	25.3969
1	121	74	110.04	97.4402	25.876
1	121	74	118.148	86.5248	12.8454
1	121	74	123.329	69.6658	4.92043
1	121	74	101.834	96.6325	29.6576
1	121	74	106.599	83.8542	17.4494
1	121	74	123.518	89.9673	16.1646
1	121	74	122.406	71.2227	3.11302
1	121	74	100.219	90.4541	26.5064
1	121	74	120.357	78.9631	5.00457
1	121	74	118.313	89.0792	15.3168
1	121	74	129.353	88.9118	17.092
1	121	74	119.435	55.3331	18.7323
1	121	74	89.2353	64.5802	33.132
1	121	74	105.369	56.7854	23.2525
1	121	74	121.272	72.2644	1.7568
1	121	74	97.0595	96.3616	32.7595
1	121	74	135.462	79.7106	15.5486
1	121	74	121.165	73.6541	0.38326
1	121	74	88.1678	64.4385	34.1961
1	121	74	133.095	66.7488	14.1022
1	121	74	135.091	71.3756	14.3331
1	121	74	107.082	95.5488	25.6528
1	121	74	116.171	86.2846	13.1997
1	121	74	116.666	45.6707	28.6589
1	121	74	129.242	78.9178	9.59744
1	121	74	103.536	73.8703	17.4645
1	121	74	125.472	73.0163	4.57866
1	121	74	122.966	72.1259	2.71594
1	121	74	120	72.9388	1.45815
1	121	74	128.083	74.2261	7.08683
1	121	74	119.763	74.2862	1.26923
1	121	74	92.5438	58.0281	32.6322
1	121	74	113.823	63.6828	12.5678
1	121	74	126.376	73.3675	5.4135
1	121	74	128.027	76.2928	7.39128
1	121	74	118.493	83.896	10.2085
1	121	74	120.964	74.3577	0.359489
1	121	74	121.828	78.4494	4.52582
1	121	74	47.5393	20.2975	90.9969
1	121	74	116.032	82.538	9.8782
1	121	74	73.8393	97.4326	52.6613
1	121	74	97.649	97.4377	33.0847
1	121	74	113.58	45.1738	29.766
1	121	74	111.099	96.9838	25.0255
1	121	74	129.43	79.185	9.89662
1	121	74	108.114	95.422	24.9992
1	121	74	117.637	61.0163	13.4122
1	121	74	120.817	88.5325	14.5336
1	121	74	104.997	97.0412	28.0532
1	121	74	132.959	70.0013	12.6099
1	121	74	110.896	45.1733	30.5462
1	121	74	99.8406	93.8863	29.0377
1	121	74	114.821	82.5041	10.5121
1	121	74	88.0075	65.7557	34.007
1	121	74	90.2834	55.1845	36.0213
1	121	74	125.791	66.2373	9.12234
1	121	74	123.16	77.1644	3.83128
1	121	74	124.527	73.5069	3.56138
1	121	74	87.8538	65.0025	34.3457
1	121	74	122.924	70.5974	3.90903
1	121	74	121.7	79.9143	5.95557
1	121	74	104.44	86.527	20.7641
1	121	74	129.306	69.8687	9.27696
1	121	74	101.952	97.4386	30.2027
1	121	74	112.318	97.4783	25.0321
1	121	74	118.655	76.175	3.1986
1	121	74	119.678	46.1392	27.8922
1	121	74	130.337	54.9594	21.2068
1	121	74	123.533	76.9767	3.90842
1	121	74	121.695	73.062	1.16724
1	121	74	117.515	85.7896	12.2939
1	121	74	117.237	86.7882	13.3305
1	121	74	91.1101	56.3209	34.7269
1	121	74	107.942	95.4936	25.1491
1	121	74	142.188	82.6114	22.8713
1	121	74	90.3121	63.9296	32.2979
1	121	74	114.102	88.6474	16.1905
1	121	74	104.147	62.3955	20.462
1	121	74	103.376	95.2508	27.6078
1	121	74	120.159	73.5749	0.942442
1	121	74	92.6602	97.1516	36.5943
1	121	74	8.86462	84.4665	112.623
1	121	74	100.518	96.4388	30.3809
1	121	74	124.825	73.6111	3.8452
1	121	74	129.74	80.0991	10.6577
1	121	74	78.8048	88.1828	44.515
1	121	74	121.015	74.2081	0.20862
1	121	74	120.664	73.7503	0.418898
1	121	74	65.6403	93.3577	58.6465
1	121	74	124.36	87.0818	13.5063
