1	121	74	122.117	77.1649	3.35631
1	121	74	123.7	75.1827	2.94757
1	121	74	141.987	84.8858	23.6423
1	121	74	119.019	74.4115	2.02335
1	121	74	111.123	97.4852	25.4778
1	121	74	119.694	76.2973	2.64266
1	121	74	122.57	74.3576	1.61052
1	121	74	120.706	76.5708	2.58748
1	121	74	124.505	74.9009	3.61939
1	121	74	120.283	77.6655	3.73499
1	121	74	122.35	77.202	3.4749
1	121	74	121.939	74.1705	0.954639
1	121	74	120.038	75.9725	2.19456
1	121	74	107.284	94.3293	24.5239
1	121	74	119.226	74.0264	1.7737
1	121	74	120.7	73.4074	0.664392
1	121	74	120.821	77.0002	3.00552
1	121	74	120.959	76.4642	2.46453
1	121	74	119.037	76.3667	3.07475
1	121	74	122.028	74.2288	1.05308
1	121	74	123.142	75.6777	2.72117
1	121	74	117.34	75.6818	4.02804
1	121	74	118.467	74.9757	2.71419
1	121	74	118.526	74.7572	2.58714
1	121	74	123.413	76.5234	3.49122
1	121	74	119.399	74.407	1.65189
1	121	74	110.533	69.9953	11.2071
1	121	74	120.984	76.5159	2.51594
1	121	74	121.524	75.5513	1.63737
1	121	74	109.005	92.7563	22.2636
1	121	74	122.243	74.939	1.55761
1	121	74	119.376	75.3997	2.14388
1	121	74	122.524	78.0634	4.33993
1	121	74	119.48	73.6916	1.55063
1	121	74	122.307	74.0577	1.30787
1	121	74	120.045	78.0526	4.16358
1	121	74	120.926	75.3297	1.33174
1	121	74	122.648	76.3423	2.86416
1	121	74	101.587	97.4385	30.4339
1	121	74	121.891	73.2371	1.17331
1	121	74	119.182	75.7216	2.50407
1	121	74	122.067	73.737	1.09883
1	121	74	122.527	74.5957	1.63897
1	121	74	120.414	76.5967	2.66193
1	121	74	122.653	77.706	4.05782
1	121	74	122.711	73.6646	1.74354
1	121	74	121.254	73.6473	0.434459
1	121	74	120.642	77.4656	3.48407
1	121	74	120.009	72.9389	1.45171
1	121	74	120.185	75.5708	1.76939
1	121	74	119.833	74.329	1.2123
1	121	74	123.058	77.0078	3.6445
1	121	74	122.545	76.879	3.26714
1	121	74	119.92	74.3304	1.12897
1	121	74	120.723	75.1475	1.1805
1	121	74	113.728	85.2169	13.3679
1	121	74	113.805	72.5801	7.33382
1	121	74	121.854	76.0702	2.23937
1	121	74	121.951	76.2195	2.41462
1	121	74	116.993	75.673	4.34224
1	121	74	121.979	77.1393	3.28831
1	121	74	123.111	74.4016	2.14878
1	121	74	118.879	75.7774	2.76719
1	121	74	120.958	72.7471	1.25359
1	121	74	112.033	71.21	9.39089
1	121	74	119.247	75.8546	2.55223
1	121	74	120.014	76.8154	2.98301
1	121	74	123.838	73.6924	2.85457
1	121	74	121.001	77.2759	3.27592
1	121	74	120.955	73.5203	0.481813
1	121	74	107.713	68.1178	14.5313
1	121	74	120.138	75.2705	1.53537
1	121	74	121.254	75.3399	1.36377
1	121	74	122.495	75.9456	2.4537
1	121	74	121.646	74.7953	1.02487
1	121	74	123.354	75.6939	2.89974
1	121	74	121.806	76.4792	2.60705
1	121	74	123.693	75.8604	3.27312
1	121	74	120.296	73.9801	0.704463
1	121	74	120.67	76.2226	2.24691
1	121	74	122.227	74.1081	1.23177
1	121	74	125.104	73.5169	4.13248
1	121	74	121.535	75.8534	1.92909
1	121	74	119.357	76.7294	3.18568
1	121	74	120.644	77.5177	3.5357
1	121	74	118.582	75.0385	2.63119
1	121	74	120.084	74.2996	0.964182
1	121	74	114.621	84.3692	12.174
1	121	74	120.862	78.1732	4.17546
1	121	74	122.054	75.5342	1.86121
1	121	74	122.89	74.7774	2.04362
1	121	74	104.791	93.1128	25.0606
1	121	74	121.65	74.2333	0.691035
1	121	74	122.568	77.0588	3.43706
1	121	74	122.641	77.8579	4.1924
1	121	74	119.278	74.4598	1.7828
1	121	74	120.712	76.0193	2.03969
1	121	74	142.121	84.9095	23.772
1	121	74	120.709	75.7886	1.8122
1	121	74	120.723	75.9489	1.9684
1	121	74	123.492	76.3905	3.4531
1	121	74	121.652	73.1225	1.09313
1	121	74	120.899	77.7544	3.75577
1	121	74	119.622	74.3371	1.41893
1	121	74	122.315	74.1154	1.32052
1	121	74	122.566	75.4028	2.10256
1	121	74	121.198	73.5547	0.487322
1	121	74	109.682	96.8212	25.4737
1	121	74	120.572	73.6083	0.580432
1	121	74	119.218	74.1453	1.78818
1	121	74	121.749	75.3569	1.55001
1	121	74	122.176	74.3369	1.22342
1	121	74	123.68	74.4606	2.71974
1	121	74	107.244	97.4829	27.2153
1	121	74	121.794	73.8562	0.80684
1	121	74	118.246	75.5124	3.14176
1	121	74	123.245	75.8669	2.91948
1	121	74	121.885	77.6956	3.80013
1	121	74	103.61	97.4389	29.1854
1	121	74	122.257	73.0151	1.59727
1	121	74	111.281	71.0992	10.1424
1	121	74	124.153	74.467	3.18763
1	121	74	122.474	74.7836	1.66931
1	121	74	120.52	73.2125	0.922455
1	121	74	139.157	83.3765	20.4351
1	121	74	124.05	74.509	3.09257
1	121	74	111.612	95.2187	23.2027
1	121	74	127.593	66.3209	10.1209
1	121	74	120.43	75.3979	1.50975
1	121	74	122.385	74.4055	1.44357
1	121	74	122.192	79.4169	5.54639
1	121	74	123.764	74.6212	2.8329
1	121	74	124.366	74.084	3.36674
1	121	74	119.856	73.5661	1.22312
1	121	74	110.107	96.289	24.8084
1	121	74	122.865	76.2303	2.90753
1	121	74	123.089	73.7078	2.1098
1	121	74	119.668	74.3195	1.36932
1	121	74	123.036	75.1769	2.3513
1	121	74	122.498	73.5417	1.56669
1	121	74	118.617	78.736	5.30175
1	121	74	123.687	74.0477	2.68713
1	121	74	106.288	96.9587	27.2682
1	121	74	122.316	75.4522	1.95987
1	121	74	120.969	74.4893	0.49024
1	121	74	122.545	75.1583	1.93114
1	121	74	121.727	75.3508	1.53398
1	121	74	118.711	74.1915	2.29738
1	121	74	121.195	76.6116	2.61886
1	121	74	124.05	75.6193	3.45299
1	121	74	122.918	73.7853	1.93045
1	121	74	119.17	76.7901	3.33668
1	121	74	119.832	73.176	1.42945
1	121	74	126.156	76.4639	5.71437
1	121	74	121.435	74.0671	0.440079
1	121	74	122.597	73.1662	1.80201
1	121	74	123.273	74.713	2.38232
1	121	74	119.567	74.6864	1.58921
1	121	74	124.737	74.4141	3.76021
1	121	74	121.035	74.4565	0.457858
1	121	74	119.058	73.6436	1.9748
1	121	74	119.409	74.3597	1.63113
1	121	74	118.817	75.1455	2.46556
1	121	74	122.642	77.7844	4.12525
1	121	74	121.938	76.5056	2.67542
1	121	74	119.224	74.2439	1.79301
1	121	74	123.469	73.1942	2.59728
1	121	74	121.184	75.0583	1.07421
1	121	74	122.506	73.8028	1.51928
1	121	74	123.974	74.1776	2.97939
1	121	74	121.786	73.8486	0.800336
1	121	74	119.275	76.2802	2.85924
1	121	74	120.711	75.0006	1.0415
1	121	74	119.211	78.4806	4.82441
1	121	74	121.834	72.7584	1.4958
1	121	74	122.506	72.9065	1.86109
1	121	74	124.229	74.9248	3.35894
1	121	74	121.629	74.2676	0.683481
1	121	74	123.348	74.1921	2.35604
1	121	74	122.423	73.0219	1.72659
1	121	74	118.539	76.0735	3.2183
1	121	74	122.441	74.0654	1.44272
1	121	74	120.361	76.8149	2.88645
1	121	74	120.763	75.535	1.55313
1	121	74	118.718	75.5025	2.73227
1	121	74	121.844	77.8455	3.93703
1	121	74	121.383	73.3243	0.776752
1	121	74	119.527	72.9682	1.79881
1	121	74	119.22	73.4587	1.86066
1	121	74	120.362	75.6355	1.75575
1	121	74	119.532	74.0143	1.46822
1	121	74	122.963	75.3535	2.38463
1	121	74	123.818	73.7331	2.83104
1	121	74	127.659	76.9265	7.27356
1	121	74	123.193	73.8179	2.20067
1	121	74	111.934	90.8591	19.142
1	121	74	120.92	73.7973	0.217809
1	121	74	121.271	74.7889	0.834139
1	121	74	121.248	74.8226	0.859223
1	121	74	138.615	85.0558	20.7974
1	121	74	122.781	77.5803	3.99884
1	121	74	120.268	75.9101	2.0457
1	121	74	119.119	73.8813	1.88479
1	121	74	124.114	73.5121	3.15156
1	121	74	123.035	78.0118	4.49826
1	121	74	108.856	97.4428	26.4013
1	121	74	119.775	74.536	1.33748
1	121	74	120.569	73.4879	0.669616
1	121	74	120.576	75.6942	1.74649
1	121	74	122.467	76.8864	3.23771
1	121	74	122.744	75.4565	2.2724
1	121	74	119.673	72.8269	1.77143
1	121	74	121.613	77.3098	3.3661
1	121	74	118.672	74.8188	2.46742
1	121	74	123.428	75.9239	3.09756
1	121	74	123.441	73.2662	2.54882
1	121	74	120.053	76.2875	2.47572
1	121	74	123.74	75.3774	3.06663
1	121	74	119.061	80.8058	7.07665
1	121	74	122.325	76.1281	2.50683
1	121	74	118.86	74.7913	2.28193
1	121	74	122.193	73.8383	1.20409
1	121	74	119.04	76.4689	3.15257
1	121	74	122.786	77.6022	4.0208
1	121	74	119.094	74.922	2.11729
1	121	74	120.241	74.2384	0.795608
1	121	74	121.823	75.1225	1.39182
1	121	74	120.253	73.2532	1.05661
1	121	74	127.684	75.6887	6.89415
1	121	74	122.976	72.8482	2.28691
1	121	74	118.255	74.9431	2.90295
1	121	74	118.626	76.1375	3.1945
1	121	74	120.888	74.4488	0.462523
1	121	74	54.0043	97.4283	70.974
1	121	74	119.753	73.0388	1.57422
1	121	74	123.182	77.154	3.83503
1	121	74	121.596	74.0247	0.596415
1	121	74	118.208	76.6358	3.83959
1	121	74	120.646	75.023	1.08246
1	121	74	123.524	76.2139	3.35723
1	121	74	120.913	75.623	1.62532
1	121	74	119.691	75.2502	1.80986
1	121	74	120.011	74.9216	1.35155
1	121	74	124.001	73.5756	3.03131
1	121	74	122.542	76.0178	2.5398
1	121	74	120.739	75.3972	1.42128
1	121	74	120.82	72.7845	1.22873
1	121	74	107.462	97.2541	26.9079
1	121	74	122.883	75.6417	2.49788
1	121	74	123.801	75.858	3.361
1	121	74	121.203	73.4444	0.591414
1	121	74	114.696	83.3383	11.2671
1	121	74	122.408	74.3488	1.45088
1	121	74	119.582	75.4552	2.03205
1	121	74	119.77	75.4408	1.89444
1	121	74	106.725	95.6633	25.9437
1	121	74	120.548	72.9299	1.16181
1	121	74	120.526	73.8603	0.494271
1	121	74	123.415	75.6419	2.91997
1	121	74	121.442	76.6153	2.65238
1	121	74	123.709	76.1732	3.4731
1	121	74	123.96	75.5005	3.31819
1	121	74	117.642	75.1138	3.53775
1	121	74	121.087	74.115	0.144045
1	121	74	120.875	76.2051	2.20859
1	121	74	119.93	76.0676	2.328
1	121	74	121.205	74.5342	0.572349
1	121	74	123.669	77.6819	4.54766
1	121	74	122.627	76.0286	2.60037
1	121	74	124.356	74.7198	3.43224
1	121	74	138.627	85.1366	20.85
1	121	74	119.273	76.4006	2.95721
1	121	74	120.005	74.8182	1.28835
1	121	74	113.79	92.4578	19.816
1	121	74	123.44	74.9411	2.61495
1	121	74	122.551	76.6749	3.09199
1	121	74	120.394	77.922	3.96856
1	121	74	122.557	75.2194	1.97737
1	121	74	120.311	76.1806	2.28691
1	121	74	121.93	76.2943	2.47555
1	121	74	108.366	96.0375	25.4023
1	121	74	118.662	74.9721	2.53224
1	121	74	117.137	74.8964	3.96589
1	121	74	122.4	73.8637	1.4068
1	121	74	122.564	75.6827	2.29714
1	121	74	123.71	74.6149	2.77927
1	121	74	121.167	74.8244	0.841007
1	121	74	108.494	97.4602	26.5853
1	121	74	119.131	74.0714	1.87083
1	121	74	122.058	76.5204	2.73356
1	121	74	123.315	74.0986	2.31697
1	121	74	119.579	74.1003	1.42466
1	121	74	120.781	74.8401	0.868022
1	121	74	123.176	76.1232	3.03995
1	121	74	134.641	84.2928	17.0882
1	121	74	123.027	75.2483	2.3805
1	121	74	121.996	74.2791	1.03429
1	121	74	120.041	71.8735	2.33261
1	121	74	121.364	76.7359	2.75996
1	121	74	118.493	74.9103	2.66672
1	121	74	123.645	74.5728	2.70648
1	121	74	118.225	74.2483	2.78598
1	121	74	127.64	65.9107	10.4656
1	121	74	121.277	74.0946	0.293054
1	121	74	120.007	74.5497	1.13491
1	121	74	122.931	73.7855	1.94274
1	121	74	120.648	75.7914	1.82567
1	121	74	119.791	73.8291	1.22132
1	121	74	122.543	74.4938	1.62035
1	121	74	120.828	73.7846	0.275844
1	121	74	120.315	75.5923	1.7334
1	121	74	121.758	77.0234	3.11703
1	121	74	122.188	75.2829	1.74881
1	121	74	121.765	74.7034	1.03951
1	121	74	120.451	75.9873	2.06183
1	121	74	123.757	74.1789	2.76318
1	121	74	120.851	74.7526	0.767218
1	121	74	122.798	75.5654	2.38409
1	121	74	121.027	76.1946	2.19477
1	121	74	121.471	75.8848	1.94265
1	121	74	121.291	76.0991	2.11917
1	121	74	123.087	74.0692	2.08787
1	121	74	121.989	74.6182	1.16667
1	121	74	119.582	74.4475	1.48693
1	121	74	121.986	73.4958	1.10773
1	121	74	122.608	72.9793	1.9042
1	121	74	119.386	75.8236	2.4354
1	121	74	124.115	75.2511	3.35651
1	121	74	109.87	93.4932	22.4466
1	121	74	121.914	76.5184	2.67921
1	121	74	121.569	77.1155	3.16711
1	121	74	120.475	76.4248	2.481
1	121	74	121.016	75.3387	1.33883
1	121	74	120.313	75.2188	1.39918
1	121	74	123.027	73.0963	2.21917
1	121	74	118.802	75.7236	2.79344
1	121	74	120.884	74.0158	0.116872
1	121	74	124.065	74.189	3.07053
1	121	74	121.325	74.3201	0.456269
1	121	74	123.014	76.4423	3.16529
1	121	74	118.469	75.3189	2.85418
1	121	74	119.582	75.578	2.12157
1	121	74	121.292	76.3515	2.36959
1	121	74	122.166	76.672	2.91537
1	121	74	120.586	71.9561	2.08541
1	121	74	121.49	75.8531	1.91676
1	121	74	121.942	74.6264	1.13144
1	121	74	119.465	74.3904	1.58426
1	121	74	106.492	92.5215	23.5273
1	121	74	123.412	74.273	2.42753
1	121	74	119.295	74.9039	1.93017
1	121	74	120.578	75.184	1.257
1	121	74	120.25	75.8562	2.00189
1	121	74	125.498	75.5488	4.75708
1	121	74	121.117	75.7371	1.74109
1	121	74	117.489	75.298	3.74371
1	121	74	124.727	74.4308	3.75226
1	121	74	119.966	72.6341	1.71293
1	121	74	118.497	78.512	5.15973
1	121	74	119.665	76.9046	3.19663
1	121	74	120.228	73.8665	0.783138
1	121	74	121.067	76.9658	2.9666
1	121	74	119.533	75.132	1.85316
1	121	74	105.835	95.8334	26.5831
1	121	74	124.121	75.2846	3.37538
1	121	74	118.909	74.5641	2.16551
1	121	74	111.937	95.6415	23.4625
1	121	74	122.593	75.8025	2.40544
1	121	74	123.096	75.5763	2.62276
1	121	74	119.986	72.8786	1.51181
1	121	74	123.531	73.8775	2.53352
1	121	74	121.19	77.142	3.14777
1	121	74	120.319	71.6064	2.48846
1	121	74	124.792	73.5263	3.82138
1	121	74	121.672	76.0049	2.11456
1	121	74	118.965	74.8151	2.19249
1	121	74	121.75	74.8012	1.09728
1	121	74	120.218	77.7316	3.81279
1	121	74	119.185	75.4809	2.3422
1	121	74	121.801	74.7819	1.11918
1	121	74	119.956	75.89	2.15927
1	121	74	121.184	75.1559	1.17047
1	121	74	102.412	88.0016	23.2713
1	121	74	123.435	75.0244	2.64206
1	121	74	120.264	76.1261	2.24973
1	121	74	117.731	74.7043	3.34387
1	121	74	105.987	92.7746	24.0388
1	121	74	123.605	75.8456	3.19225
1	121	74	123.095	76.9496	3.61781
1	121	74	121.42	77.2219	3.24909
1	121	74	106.15	89.4495	21.4289
1	121	74	120.73	75.3736	1.39993
1	121	74	119.989	75.9606	2.2059
1	121	74	140.792	84.824	22.5581
1	121	74	120.136	76.1223	2.29142
1	121	74	120.561	72.7383	1.33585
1	121	74	120.157	74.8503	1.19761
1	121	74	105.911	97.4394	27.8762
1	121	74	124.292	74.9067	3.41445
1	121	74	134.656	85.8964	18.1114
1	121	74	140.476	85.831	22.7876
1	121	74	120.975	74.7981	0.798488
1	121	74	120.577	77.6717	3.69604
1	121	74	116.314	74.8492	4.76204
1	121	74	121.297	74.1845	0.349851
1	121	74	120.236	73.0494	1.21955
1	121	74	123.524	76.6442	3.65571
1	121	74	124.474	74.6739	3.53845
1	121	74	122.937	76.428	3.10592
1	121	74	125.71	72.7718	4.86772
1	121	74	100.239	80.0544	21.6255
1	121	74	118.613	78.8026	5.36312
1	121	74	119.421	75.5602	2.21985
1	121	74	121.422	75.6565	1.70948
1	121	74	124.107	75.4664	3.43553
1	121	74	108.472	96.1768	25.4707
1	121	74	120.04	76.9954	3.14556
1	121	74	122.788	72.8873	2.10605
1	121	74	93.7507	97.4368	35.9418
1	121	74	122.438	77.1957	3.50442
1	121	74	124.189	74.9443	3.32623
1	121	74	119.907	72.4578	1.88998
1	121	74	109.398	69.712	12.369
1	121	74	122.306	75.5591	2.0341
1	121	74	119.674	75.8114	2.24515
1	121	74	119.684	73.3381	1.47288
1	121	74	120.975	73.3016	0.698857
1	121	74	123.871	73.5701	2.90272
1	121	74	123.312	73.2562	2.42873
1	121	74	119.927	75.9496	2.22516
1	121	74	121.452	77.3514	3.38177
1	121	74	119.688	76.2966	2.64477
1	121	74	121.503	73.1903	0.953293
1	121	74	122.318	74.5813	1.44015
1	121	74	121.715	73.9331	0.717643
1	121	74	122.288	76.3731	2.7003
1	121	74	120.408	74.9042	1.08047
1	121	74	105.165	88.7531	21.6426
1	121	74	120.22	77.6757	3.75764
1	121	74	107.577	92.3097	22.7027
1	121	74	122.684	75.1171	2.02083
1	121	74	121.133	74.4754	0.493537
1	121	74	123.03	73.7489	2.04548
1	121	74	119.965	77.0824	3.25155
1	121	74	119.742	75.2361	1.76389
1	121	74	119.71	73.3243	1.4561
1	121	74	111.392	94.7029	22.8237
1	121	74	118.323	76.6525	3.76839
1	121	74	122.966	73.9017	1.96872
1	121	74	122.591	74.9169	1.83641
1	121	74	120.665	74.7726	0.842193
1	121	74	121.58	76.0072	2.0893
1	121	74	119.736	74.857	1.52704
1	121	74	102.091	97.4386	30.1152
1	121	74	122.51	76.6461	3.04685
1	121	74	119.448	75.8569	2.41981
1	121	74	121.052	77.2627	3.26312
1	121	74	120.302	72.5164	1.63956
1	121	74	122.858	75.3947	2.3233
1	121	74	118.82	75.8952	2.88835
1	121	74	122.75	73.8042	1.76068
1	121	74	121.502	76.4301	2.48145
1	121	74	125.991	66.399	9.09328
1	121	74	123.191	76.8966	3.63207
1	121	74	120.438	75.849	1.93244
1	121	74	110.625	69.6108	11.2652
1	121	74	119.908	75.3417	1.72988
1	121	74	110.904	97.3672	25.4551
1	121	74	121.08	71.8458	2.15569
1	121	74	120.737	73.5963	0.48178
1	121	74	120.599	73.0666	1.01593
1	121	74	122.847	72.9874	2.106
1	121	74	119.71	75.9789	2.36211
1	121	74	123.461	76.0332	3.1921
1	121	74	104.852	92.4946	24.5524
1	121	74	122.562	76.8236	3.227
1	121	74	109.793	97.4845	26.0214
1	121	74	120.834	74.873	0.888707
1	121	74	123.963	75.1361	3.17346
1	121	74	110.952	95.7967	24.0013
1	121	74	122.465	77.1898	3.51008
1	121	74	124.447	73.8839	3.44905
1	121	74	107.379	95.2815	25.2675
1	121	74	122.221	77.39	3.60306
1	121	74	122.226	73.9547	1.22653
1	121	74	120.354	74.7364	0.979697
1	121	74	120.807	73.2416	0.78255
1	121	74	120.898	77.6728	3.67426
1	121	74	86.5982	88.6069	37.3744
1	121	74	119.762	75.9686	2.32573
1	121	74	119.605	75.161	1.81476
1	121	74	121.945	75.7131	1.95642
1	121	74	103.84	91.209	24.3026
1	121	74	119.517	74.4071	1.53817
1	121	74	118.342	76.0304	3.34478
1	121	74	120.665	76.8012	2.82116
1	121	74	122.161	78.1422	4.30197
1	121	74	118.336	75.9214	3.28474
1	121	74	108.392	97.2984	26.491
1	121	74	122.075	72.8353	1.58512
1	121	74	109.765	96.5794	25.2199
1	121	74	120.412	76.6678	2.73182
1	121	74	120.222	72.964	1.29578
1	121	74	117.437	75.3839	3.822
1	121	74	121.131	74.9961	1.00467
1	121	74	121.891	77.8111	3.91383
1	121	74	123.756	74.4953	2.80058
1	121	74	105.602	92.3745	23.9732
1	121	74	122.33	76.7312	3.0378
1	121	74	123.568	74.3017	2.58571
1	121	74	122.549	74.0547	1.54997
1	121	74	121.977	78.2099	4.32172
1	121	74	122.601	74.9803	1.8773
1	121	74	123.64	73.1836	2.76365
1	121	74	119.168	75.8362	2.59375
1	121	74	119.655	76.8746	3.17384
1	121	74	119.015	75.2869	2.36589
1	121	74	122.063	77.3072	3.47375
1	121	74	122.901	74.2805	1.92135
1	121	74	123.009	76.4223	3.14696
1	121	74	121.734	73.7309	0.781869
1	121	74	123.928	76.0019	3.54665
1	121	74	120.394	73.5934	0.730122
1	121	74	122.376	74.6603	1.52619
1	121	74	121.368	73.2454	0.839362
1	121	74	118.5	76.3821	3.45286
1	121	74	122.028	78.9484	5.05419
1	121	74	121.072	74.138	0.155471
1	121	74	122.548	76.2297	2.71435
1	121	74	123.593	75.6247	3.05981
1	121	74	123.048	76.0339	2.88625
1	121	74	118.538	75.6521	2.96474
1	121	74	121.64	73.3485	0.913643
1	121	74	119.366	75.1926	2.02303
1	121	74	122.957	76.6301	3.27811
1	121	74	119.698	72.9602	1.66623
1	121	74	118.109	76.1322	3.59186
1	121	74	119.621	76.3305	2.70809
1	121	74	118.917	75.0491	2.33185
1	121	74	119.524	76.0274	2.50759
1	121	74	123.022	73.6221	2.05732
1	121	74	122.353	75.1997	1.80844
1	121	74	121.174	74.4382	0.471411
1	121	74	139.565	85.7461	21.9691
1	121	74	121.363	72.9878	1.07535
1	121	74	118.751	74.9777	2.45189
1	121	74	117.854	76.3721	3.94041
1	121	74	121.317	74.3964	0.507386
1	121	74	120.972	76.5949	2.59503
1	121	74	122.836	75.6691	2.48128
1	121	74	121.72	77.0814	3.16437
1	121	74	123.635	74.2749	2.64921
1	121	74	118.975	75.0312	2.27261
1	121	74	120.546	74.8263	0.942991
1	121	74	120.624	74.3673	0.525687
1	121	74	120.391	75.5465	1.66231
1	121	74	120.953	71.4213	2.57915
1	121	74	118.494	75.3775	2.85972
1	121	74	123.215	75.6131	2.73993
1	121	74	123.795	75.6698	3.25584
1	121	74	108.353	96.5691	25.8709
1	121	74	123.588	75.5269	3.00525
1	121	74	123.716	73.8401	2.72099
1	121	74	120.036	74.7981	1.2514
1	121	74	119.868	75.5067	1.8846
1	121	74	112.506	70.1702	9.31776
1	121	74	119	73.8727	2.00449
1	121	74	120.69	76.1687	2.1908
1	121	74	123.647	74.8317	2.77474
1	121	74	119.695	76.1349	2.5023
1	121	74	122.305	74.1776	1.31665
1	121	74	123.269	75.7807	2.88411
1	121	74	119.303	75.4637	2.24102
1	121	74	119.919	72.5949	1.77295
1	121	74	124.878	73.8732	3.88021
1	121	74	118.722	75.0708	2.51743
1	121	74	119.566	72.7049	1.93237
1	121	74	122.085	76.7879	2.99152
1	121	74	121.16	72.0413	1.96519
1	121	74	119.199	75.5876	2.40106
1	121	74	121.21	74.9487	0.971762
1	121	74	120.496	74.4447	0.671883
1	121	74	121.495	74.6036	0.780847
1	121	74	122.406	74.6546	1.55054
1	121	74	120.098	75.641	1.87276
1	121	74	107.064	94.4344	24.734
1	121	74	121.035	74.8842	0.884934
1	121	74	120.998	72.9617	1.03826
1	121	74	50.9757	97.4277	73.8394
1	121	74	105.788	89.7572	21.9019
1	121	74	117.93	75.9262	3.62395
1	121	74	121.652	74.7806	1.0173
1	121	74	121.75	73.4518	0.929173
1	121	74	120.706	74.7157	0.773864
1	121	74	125.798	77.8046	6.12324
1	121	74	107.866	93.8977	23.8415
1	121	74	121.897	74.4738	1.01421
1	121	74	122.679	73.6627	1.71266
1	121	74	120.014	73.6834	1.03603
1	121	74	121.538	74.996	1.13209
1	121	74	142.212	85.1525	23.9655
1	121	74	122.323	76.3152	2.66652
1	121	74	111.434	97.4854	25.3591
1	121	74	123.957	73.8883	2.95888
1	121	74	122.021	74.8523	1.33012
1	121	74	119.903	73.9155	1.10054
1	121	74	121.834	73.2171	1.14362
1	121	74	120.513	77.3368	3.37224
1	121	74	119.531	77.0686	3.40217
1	121	74	124.866	75.7966	4.26324
1	121	74	121.479	73.3818	0.782153
1	121	74	122.867	75.4449	2.36116
1	121	74	121.062	75.8324	1.83347
1	121	74	97.3976	97.4376	33.2625
1	121	74	104.805	88.9056	22.0107
1	121	74	122.899	76.8022	3.38504
1	121	74	123.604	74.8324	2.73349
1	121	74	121.641	74.2601	0.69163
1	121	74	114.468	71.15	7.12704
1	121	74	122.104	75.7432	2.06346
1	121	74	124.362	74.8375	3.46433
1	121	74	119.755	74.2302	1.26656
1	121	74	122.223	74.601	1.3623
1	121	74	124.881	73.8017	3.8856
1	121	74	121.801	77.3038	3.39953
1	121	74	118.479	74.8401	2.65694
1	121	74	119.176	76.0296	2.72857
1	121	74	122.509	74.6077	1.62716
1	121	74	108.144	93.4639	23.3263
1	121	74	111.233	96.9603	24.9514
1	121	74	122.077	74.133	1.08484
1	121	74	120.086	76.5849	2.74169
1	121	74	119.277	75.0145	1.99981
1	121	74	123.322	73.6201	2.35335
1	121	74	124.623	75.4918	3.91784
1	121	74	121.449	75.0109	1.10619
1	121	74	125.118	73.487	4.15031
1	121	74	118.176	75.436	3.16779
1	121	74	124.208	75.2268	3.43453
1	121	74	117.617	75.0356	3.53812
1	121	74	119.393	75.8918	2.48195
1	121	74	122.103	73.9502	1.10372
1	121	74	120.608	74.9926	1.06705
1	121	74	114.392	91.0225	18.2599
1	121	74	120.804	74.4153	0.459189
1	121	74	121.739	76.2468	2.36509
1	121	74	117.925	75.7515	3.53923
1	121	74	120.12	73.191	1.19556
1	121	74	119.934	72.6215	1.74236
1	121	74	120.602	75.3366	1.39457
1	121	74	121.771	72.9229	1.32476
1	121	74	121.816	75.5402	1.74315
1	121	74	124.882	74.0444	3.88271
1	121	74	123.955	73.23	3.0541
1	121	74	120.69	72.5932	1.44064
1	121	74	121.376	75.5143	1.56021
1	121	74	119.842	75.5009	1.89565
1	121	74	121.181	74.9986	1.01484
1	121	74	121.764	74.6139	0.980032
1	121	74	123.959	74.0383	2.95964
1	121	74	110.377	70.0394	11.3376
1	121	74	105.238	97.4392	28.2461
1	121	74	120.191	75.8669	2.03474
1	121	74	121.318	74.1199	0.339427
1	121	74	118.751	75.4312	2.66556
1	121	74	121.263	75.7384	1.75825
1	121	74	106.285	96.4144	26.8129
1	121	74	123.058	77.6549	4.19442
1	121	74	124.317	73.2003	3.41196
1	121	74	119.601	73.9562	1.3998
1	121	74	118.947	74.3528	2.08313
1	121	74	121.587	75.9286	2.01578
1	121	74	121.815	73.7058	0.866808
1	121	74	119.014	74.4843	2.04466
1	121	74	118.942	73.3436	2.16054
1	121	74	123.705	75.9407	3.32913
1	121	74	112.183	89.9439	18.2194
1	121	74	119.808	74.2575	1.21991
1	121	74	120.762	74.5469	0.596344
1	121	74	122.881	76.9239	3.47644
1	121	74	118.588	75.0081	2.61444
1	121	74	120.852	74.2265	0.270524
1	121	74	122.311	73.2849	1.4931
1	121	74	116.59	75.2202	4.57586
1	121	74	120.845	74.8322	0.846431
1	121	74	121.217	75.4285	1.44498
1	121	74	115.632	83.0055	10.4842
1	121	74	125.053	73.4597	4.08844
1	121	74	120.73	73.4138	0.645225
1	121	74	118.306	80.1864	6.7473
1	121	74	124.154	74.7575	3.24349
1	121	74	121.837	75.353	1.59075
1	121	74	122.788	74.754	1.94002
1	121	74	109.986	97.3668	25.8326
1	121	74	122.639	76.2602	2.7921
1	121	74	118.582	75.3436	2.76603
1	121	74	117.814	73.3082	3.25984
1	121	74	122.789	76.8627	3.37587
1	121	74	114.065	85.7138	13.6127
1	121	74	122.745	77.1088	3.56499
1	121	74	117.191	81.9527	8.8178
1	121	74	120.785	74.6405	0.675572
1	121	74	106.846	97.3866	27.3365
1	121	74	124.682	73.8545	3.68531
1	121	74	119.357	76.3666	2.88092
1	121	74	121.024	75.8013	1.80148
1	121	74	119.253	73.7171	1.76943
1	121	74	119.888	75.4616	1.83664
1	121	74	116.935	77.9923	5.69763
1	121	74	120.332	73.8685	0.680754
1	121	74	117.819	75.1256	3.37413
1	121	74	121.465	77.6622	3.69159
1	121	74	122.399	76.1461	2.56182
1	121	74	119.311	73.1448	1.8929
1	121	74	119.331	74.0892	1.67113
1	121	74	120.96	75.0509	1.05165
1	121	74	119.529	73.3811	1.59573
1	121	74	120.022	73.9802	0.977966
1	121	74	118.74	75.9925	3.01299
1	121	74	122.15	74.01	1.1504
1	121	74	121.47	73.1724	0.951824
1	121	74	123.802	76.1726	3.5458
1	121	74	120.182	75.4424	1.6583
1	121	74	118.725	74.5819	2.34843
1	121	74	118.648	75.1996	2.63993
1	121	74	121.652	76.0986	2.19757
1	121	74	123.179	76.2932	3.16345
1	121	74	123.309	76.2585	3.22959
1	121	74	119.435	74.3766	1.60954
1	121	74	119.812	76.9618	3.19106
1	121	74	119.199	74.3606	1.83681
1	121	74	110.628	97.1703	25.3861
1	121	74	120.484	74.4053	0.655974
1	121	74	123.307	75.3769	2.68679
1	121	74	126.779	75.5904	5.99343
1	121	74	121.247	74.7381	0.77838
1	121	74	101.208	97.4384	30.6771
1	121	74	117.172	77.8734	5.44569
1	121	74	120.635	73.239	0.844057
1	121	74	122.234	75.0466	1.61809
1	121	74	123.098	74.7772	2.2371
1	121	74	123.212	75.9773	2.9671
1	121	74	123.833	73.5855	2.86301
1	121	74	121.711	77.7596	3.82619
1	121	74	123.158	73.2227	2.2942
1	121	74	124.047	73.7821	3.05492
1	121	74	138.804	83.2201	20.0499
1	121	74	121.622	74.1676	0.644531
1	121	74	122.591	77.5625	3.90162
1	121	74	121.918	74.903	1.28755
1	121	74	121.479	77.4331	3.46632
1	121	74	121.131	73.1097	0.899804
1	121	74	120.013	76.5985	2.77965
1	121	74	122.711	74.0191	1.7115
1	121	74	122.291	75.6681	2.10962
1	121	74	121.249	74.5058	0.563724
1	121	74	122.455	75.0913	1.81852
1	121	74	121.803	73.7218	0.849958
1	121	74	137.9	83.1233	19.2055
1	121	74	122.989	74.5131	2.05367
1	121	74	119.99	76.1768	2.39973
1	121	74	122.06	75.8018	2.09023
1	121	74	84.5822	51.6259	42.7417
1	121	74	120.557	75.1851	1.26517
1	121	74	120.211	76.0536	2.1999
1	121	74	122.08	76.5031	2.72607
1	121	74	121.578	78.7036	4.73897
1	121	74	121.521	74.0209	0.521398
1	121	74	120.01	73.8434	1.00249
1	121	74	121.768	72.2418	1.91863
1	121	74	119.151	70.5552	3.90961
1	121	74	141.969	84.861	23.6149
1	121	74	120.266	74.4514	0.861333
1	121	74	121.696	76.8308	2.915
1	121	74	122.356	76.193	2.57817
1	121	74	119.771	74.3851	1.28806
1	121	74	124.585	74.4186	3.60937
1	121	74	107.16	97.4734	27.2495
1	121	74	120.506	72.1306	1.93354
1	121	74	122.404	78.0065	4.24541
1	121	74	121.619	75.9498	2.04577
1	121	74	108.987	96.5177	25.5219
1	121	74	120.293	73.7577	0.747164
1	121	74	123.93	75.4075	3.25039
1	121	74	121.342	73.6275	0.505392
1	121	74	105.539	91.714	23.512
1	121	74	122.298	75.9083	2.3079
1	121	74	123.125	73.4034	2.20736
1	121	74	123.006	73.8025	2.01602
1	121	74	118.186	76.2962	3.63186
1	121	74	121.259	73.0034	1.02984
1	121	74	122.78	72.9425	2.07074
1	121	74	119.501	77.1124	3.45458
1	121	74	124.014	73.7403	3.02496
1	121	74	119.629	73.0027	1.69543
1	121	74	115.587	83.8847	11.2697
1	121	74	101.544	97.4385	30.4613
1	121	74	120.789	74.2731	0.344928
1	121	74	119.807	75.9787	2.31047
1	121	74	119.584	76.837	3.17071
1	121	74	118.976	74.0786	2.02545
1	121	74	119.633	72.7996	1.8195
1	121	74	121.149	72.6625	1.34577
1	121	74	121.976	74.9857	1.38711
1	121	74	122.531	74.9227	1.78739
1	121	74	121.671	76.1735	2.27477
1	121	74	106.344	68.5012	15.6537
1	121	74	118.332	75.0955	2.88387
1	121	74	97.9255	80.6955	24.0263
1	121	74	118.476	75.7223	3.05578
1	121	74	121.73	74.4443	0.854321
1	121	74	123.477	74.7285	2.58158
1	121	74	119.318	75.5802	2.30796
1	121	74	122.708	75.2918	2.14139
1	121	74	120.647	76.7456	2.76814
1	121	74	123.26	74.5599	2.32861
1	121	74	121.175	76.0411	2.04858
1	121	74	124.213	75.3359	3.4794
1	121	74	127.643	76.0388	6.94892
1	121	74	119.784	76.8192	3.07017
1	121	74	119.812	76.8151	3.05551
1	121	74	123.226	73.4347	2.29658
1	121	74	122.002	74.6945	1.2192
1	121	74	125.17	73.5927	4.19001
1	121	74	121.9	73.6933	0.950497
1	121	74	123.335	73.7837	2.34489
1	121	74	125.211	76.3977	4.846
1	121	74	105.155	97.4392	28.2927
1	121	74	119.14	73.7436	1.87782
1	121	74	119.295	75.9419	2.58451
1	121	74	119.306	77.0192	3.46197
1	121	74	120.905	73.8041	0.217524
1	121	74	121.85	74.5758	1.02687
1	121	74	122.35	75.2488	1.83926
1	121	74	119.063	76.6216	3.25972
1	121	74	121.339	72.6109	1.42976
1	121	74	124.159	73.6315	3.18021
1	121	74	119.094	75.1911	2.24772
1	121	74	122.384	76.2849	2.67153
1	121	74	119.884	74.0558	1.11774
1	121	74	122.779	74.8248	1.96055
1	121	74	120.807	72.8967	1.12
1	121	74	120.728	76.2694	2.28571
1	121	74	121.076	75.6087	1.61052
1	121	74	124.071	74.392	3.09628
1	121	74	128.703	78.0381	8.69765
1	121	74	121.841	75.1564	1.43017
1	121	74	120.569	72.4997	1.561
1	121	74	119.761	74.7053	1.42554
1	121	74	120.785	76.2393	2.24962
1	121	74	123.616	75.1466	2.8564
1	121	74	105.969	91.6493	23.1828
1	121	74	120.017	74.1215	0.990367
1	121	74	121.737	74.1227	0.747165
1	121	74	120.372	74.4412	0.767097
1	121	74	114.386	70.9413	7.28686
1	121	74	108.37	67.5371	14.1872
1	121	74	124.785	74.1352	3.78725
1	121	74	122.468	76.393	2.80745
1	121	74	121.502	74.2561	0.563651
1	121	74	122.096	74.8994	1.4181
1	121	74	117.94	76.203	3.77021
1	121	74	118.544	75.0977	2.69003
1	121	74	119.673	73.7316	1.35369
1	121	74	142.211	85.0029	23.8953
1	121	74	118.839	76.6304	3.4045
1	121	74	119.069	77.0197	3.58456
1	121	74	119.516	74.503	1.56723
1	121	74	119.515	75.0229	1.80334
1	121	74	121.162	72.7312	1.27907
1	121	74	121.631	75.8988	2.00098
1	121	74	123.963	73.7455	2.97355
1	121	74	120.824	73.5259	0.505723
1	121	74	121.615	73.5926	0.737677
1	121	74	123.391	74.2242	2.40156
1	121	74	120.526	76.2809	2.32958
1	121	74	122.685	74.007	1.68464
1	121	74	119.394	75.0587	1.9233
1	121	74	118.794	74.3168	2.22836
1	121	74	121.071	73.8971	0.124933
1	121	74	122.854	73.3421	1.96743
1	121	74	105.859	94.8617	25.7772
1	121	74	120.476	77.0524	3.09714
1	121	74	121.489	73.3196	0.837948
1	121	74	110.063	96.5655	25.0761
1	121	74	105.891	67.2899	16.5318
1	121	74	119.399	74.1264	1.60633
1	121	74	120.154	73.1554	1.19522
1	121	74	119.473	76.211	2.68718
1	121	74	122.917	76.1389	2.87195
1	121	74	124.358	74.834	3.46004
1	121	74	120.133	75.6874	1.89719
1	121	74	121.568	75.2342	1.35859
1	121	74	119.849	75.7428	2.08862
1	121	74	121.681	75.8839	2.00325
1	121	74	118.513	77.663	4.42736
1	121	74	117.835	75.9488	3.71699
1	121	74	123.92	75.5031	3.28385
1	121	74	108.143	96.2195	25.6714
1	121	74	121.195	73.9145	0.21284
1	121	74	120.509	74.4911	0.6945
1	121	74	120.638	76.8703	2.89298
1	121	74	121.964	75.8726	2.10601
1	121	74	119.754	74.8169	1.48958
1	121	74	122.872	75.6762	2.51315
1	121	74	107.234	96.5544	26.4237
1	121	74	118.236	75.4025	3.09947
1	121	74	109.481	69.2537	12.4589
1	121	74	121.724	77.8947	3.96146
1	121	74	119.97	71.4806	2.72171
1	121	74	120.389	76.4661	2.54065
1	121	74	131.889	84.4862	15.1174
1	121	74	123.57	74.7212	2.66963
1	121	74	122.619	75.7784	2.40489
1	121	74	120.497	75.6644	1.73874
1	121	74	119.879	74.2327	1.14514
1	121	74	123.736	74.1373	2.73969
1	121	74	120.898	75.7874	1.7903
1	121	74	120.005	73.358	1.18379
1	121	74	121.256	74.4913	0.554216
1	121	74	123.762	75.5087	3.14685
1	121	74	121.642	74.2626	0.693181
1	121	74	116.074	84.3141	11.4302
1	121	74	126.039	75.8534	5.36875
1	121	74	120.744	76.6896	2.70174
1	121	74	119.26	74.5278	1.81846
1	121	74	120.215	74.0913	0.790399
1	121	74	119.661	77.084	3.36208
1	121	74	122.288	75.735	2.16093
1	121	74	120.944	73.7304	0.275469
1	121	74	122.951	75.6432	2.55103
1	121	74	123.679	74.0164	2.6791
1	121	74	121.493	73.4173	0.763571
1	121	74	122.534	75.6038	2.2191
1	121	74	114.38	90.0616	17.3725
1	121	74	122.65	72.8194	2.02857
1	121	74	110.743	97.2854	25.4445
1	121	74	121.942	75.0946	1.44418
1	121	74	123.699	75.3279	3.00829
1	121	74	122.992	75.804	2.68726
1	121	74	122.45	76.1669	2.60737
1	121	74	118.511	74.3236	2.51011
1	121	74	122.668	74.2551	1.68766
1	121	74	120.949	72.5418	1.45911
1	121	74	124.107	74.3661	3.12855
1	121	74	120.891	73.7351	0.286285
1	121	74	120.288	74.6592	0.96999
1	121	74	121.377	74.7578	0.846392
1	121	74	112.457	81.2248	11.1884
1	121	74	123.89	74.0584	2.89042
1	121	74	109.81	95.789	24.4945
1	121	74	121.518	75.5085	1.59502
1	121	74	118.222	76.3883	3.66359
1	121	74	113.859	84.5339	12.7261
1	121	74	120.524	73.1385	0.984197
1	121	74	141.808	85.3748	23.7145
1	121	74	121.332	75.6603	1.69322
1	121	74	120.471	72.8354	1.27931
1	121	74	106.644	90.0719	21.55
1	121	74	122.09	77.1625	3.34517
1	121	74	120.879	72.0788	1.92506
1	121	74	71.3214	60.895	51.378
1	121	74	120.858	73.6279	0.398408
1	121	74	119.883	77.2087	3.39755
1	121	74	121.122	74.8189	0.827949
1	121	74	119.855	76.7756	3.00245
1	121	74	120.325	75.6218	1.75686
1	121	74	117.918	74.1733	3.08737
1	121	74	124.473	74.8657	3.57901
1	121	74	123.177	74.9792	2.38668
1	121	74	120.718	72.8564	1.17785
1	121	74	121.637	74.8266	1.04342
1	121	74	121.939	75.3877	1.67553
1	121	74	121.058	75.0679	1.06945
1	121	74	119.303	75.2725	2.12124
1	121	74	121.878	78.0815	4.1748
1	121	74	122.986	77.2614	3.81822
1	121	74	121.007	74.8853	0.88528
1	121	74	126.632	79.4817	7.85929
1	121	74	114.945	84.8949	12.4644
1	121	74	121.256	75.0822	1.1122
1	121	74	121.054	73.8597	0.150223
1	121	74	124.049	74.7555	3.14145
1	121	74	120.364	76.1922	2.28265
1	121	74	121.392	74.966	1.04249
1	121	74	118.73	75.9726	3.00748
1	121	74	123.006	76.3472	3.08762
1	121	74	121.878	73.5825	0.972103
1	121	74	114.837	85.4047	12.9635
1	121	74	122.278	75.891	2.2822
1	121	74	119.478	74.4192	1.57896
1	121	74	119.565	74.9522	1.72214
1	121	74	119.408	75.9859	2.54507
