1	121	74	129.577	76.7776	9.01577
1	121	74	121.808	72.4424	1.75473
1	121	74	124.072	71.961	3.68673
1	121	74	126.938	75.8327	6.21477
1	121	74	120.633	77.3799	3.39979
1	121	74	133	76.7569	12.3129
1	121	74	124.031	72.6967	3.29972
1	121	74	125.74	81.8554	9.17453
1	121	74	126.921	83.5179	11.2093
1	121	74	108.313	91.5291	21.6387
1	121	74	124.289	77.8781	5.08533
1	121	74	123.911	79.1566	5.92159
1	121	74	130.68	72.8147	9.75274
1	121	74	120.129	85.3225	11.3559
1	121	74	122.968	76.7026	3.34315
1	121	74	117.491	75.0737	3.66934
1	121	74	116.725	82.8294	9.80986
1	121	74	112.052	68.9644	10.2677
1	121	74	69.4964	11.0842	81.3082
1	121	74	123.921	75.6665	3.36302
1	121	74	112.476	96.2256	23.8041
1	121	74	120.976	71.2324	2.76767
1	121	74	124.773	75.2937	3.98839
1	121	74	91.8528	63.7167	30.908
1	121	74	97.4204	93.6729	30.7086
1	121	74	124.047	74.6384	3.11323
1	121	74	129.004	78.7223	9.29353
1	121	74	97.5557	67.0461	24.4539
1	121	74	114.448	95.9989	22.954
1	121	74	118.019	74.7417	3.07182
1	121	74	119.433	77.4626	3.80087
1	121	74	126.564	72.989	5.65469
1	121	74	79.4612	45.5368	50.355
1	121	74	117.885	76.4261	3.94813
1	121	74	130.439	71.9142	9.66678
1	121	74	119.365	83.8436	9.97839
1	121	74	119.946	72.3373	1.96843
1	121	74	123.28	72.2783	2.85726
1	121	74	128.362	78.3235	8.53794
1	121	74	119.308	75.3646	2.17364
1	121	74	89.9809	94.118	36.9719
1	121	74	141.466	75.8638	20.5508
1	121	74	70.2652	10.6988	81.1238
1	121	74	140.374	86.1923	22.8908
1	121	74	117.378	78.7688	5.98852
1	121	74	124.84	84.449	11.1322
1	121	74	127.58	71.4194	7.06813
1	121	74	122.718	80.0063	6.24718
1	121	74	132.104	80.4425	12.8373
1	121	74	119.105	77.1108	3.64276
1	121	74	119.836	75.126	1.61924
1	121	74	122.301	74.949	1.61009
1	121	74	92.2873	94.2764	35.1504
1	121	74	141.298	79.1883	20.9509
1	121	74	119.172	75.5891	2.42194
1	121	74	126.535	78.6174	7.20836
1	121	74	119.956	83.4637	9.52108
1	121	74	118.195	80.918	7.4652
1	121	74	128.079	82.0207	10.6982
1	121	74	126.952	75.8157	6.2231
1	121	74	123.994	81.8628	8.41349
1	121	74	87.7315	65.9665	34.2247
1	121	74	119.922	82.5958	8.66312
1	121	74	121.555	86.8557	12.8677
1	121	74	126.199	79.6658	7.68942
1	121	74	126.081	73.3017	5.12829
1	121	74	127.464	82.8515	10.9602
1	121	74	129.413	72.7169	8.51067
1	121	74	111.877	65.3159	12.5955
1	121	74	122.941	73.283	2.06912
1	121	74	128.331	79.5796	9.21259
1	121	74	121.6	77.6752	3.7238
1	121	74	123.369	83.5846	9.8731
1	121	74	123.317	77.9658	4.5931
1	121	74	91.5672	65.7235	30.5743
1	121	74	129.289	80.7909	10.7152
1	121	74	113.922	69.7797	8.24085
1	121	74	123.967	74.3453	2.98748
1	121	74	117.01	78.7882	6.23271
1	121	74	127.986	69.3235	8.40664
1	121	74	122.71	68.0831	6.15911
1	121	74	120.072	76.1441	2.33625
1	121	74	119.02	72.4737	2.49987
1	121	74	117.401	81.1885	8.03896
1	121	74	124.427	71.6785	4.13964
1	121	74	130.674	73.5259	9.68532
1	121	74	125.222	76.2243	4.77172
1	121	74	125.112	78.838	6.34947
1	121	74	121.393	77.713	3.7337
1	121	74	119.482	75.6129	2.21482
1	121	74	121.187	75.988	1.9967
1	121	74	126.084	79.6602	7.60844
1	121	74	128.863	71.2949	8.31536
1	121	74	124.479	71.6974	4.17173
1	121	74	104.71	11.5937	64.4973
1	121	74	117.19	83.948	10.6527
1	121	74	120.754	70.7032	3.30593
1	121	74	130.099	77.035	9.59227
1	121	74	122.242	81.6436	7.74391
1	121	74	130.53	76.498	9.85206
1	121	74	127.711	78.0858	7.85729
1	121	74	106.714	93.1931	23.9264
1	121	74	116.438	76.821	5.36371
1	121	74	120.596	73.5146	0.631367
1	121	74	125.706	83.3101	10.432
1	121	74	119.296	77.1704	3.59939
1	121	74	126.636	76.2386	6.06424
1	121	74	118.07	77.5296	4.58723
1	121	74	106.314	96.0171	26.4657
1	121	74	120.718	75.8798	1.9009
1	121	74	92.5735	65.7763	29.5922
1	121	74	119.069	81.3709	7.61963
1	121	74	106.966	93.3545	23.9071
1	121	74	132.205	88.2009	18.0892
1	121	74	128.924	79.4895	9.6394
1	121	74	121.059	83.0541	9.0543
1	121	74	121.521	76.7622	2.81091
1	121	74	125.512	80.3884	7.8208
1	121	74	70.3332	10.6644	81.1081
1	121	74	123.378	74.3162	2.39922
1	121	74	141.245	85.6741	23.3697
1	121	74	113.974	78.6864	8.44595
1	121	74	117.009	78.58	6.07491
1	121	74	120.411	75.5365	1.64558
1	121	74	119.264	74.3739	1.77558
1	121	74	142.01	84.8806	23.6602
1	121	74	109.506	97.4843	26.1463
1	121	74	124.268	80.0896	6.91094
1	121	74	125.826	83.0127	10.2235
1	121	74	120.098	77.9027	4.0055
1	121	74	115.832	95.456	22.0695
1	121	74	127.088	74.5675	6.11446
1	121	74	121.156	73.0787	0.934335
1	121	74	128.242	79.2032	8.91717
1	121	74	118.904	77.6122	4.17625
1	121	74	122.939	78.2815	4.70017
1	121	74	122.648	84.9903	11.1132
1	121	74	121.267	70.6265	3.38407
1	121	74	125.423	78.0486	5.99618
1	121	74	118.594	76.8446	3.72557
1	121	74	69.8852	10.8899	81.2133
1	121	74	123.777	76.3551	3.64152
1	121	74	124.591	75.6473	3.95087
1	121	74	124.469	78.8879	5.9938
1	121	74	119.981	75.1864	1.56396
1	121	74	131.589	74.3018	10.5936
1	121	74	122.032	78.5814	4.69627
1	121	74	127.895	75.7879	7.12291
1	121	74	120.983	71.3518	2.64822
1	121	74	141.362	85.5604	23.4149
1	121	74	119.317	78.2862	4.60486
1	121	74	116.284	83.7737	10.8521
1	121	74	116.076	81.7784	9.20595
1	121	74	140.506	86.5105	23.173
1	121	74	125.602	83.0525	10.1552
1	121	74	125.885	80.204	7.89661
1	121	74	115.804	72.341	5.45441
1	121	74	125.388	69.1507	6.53972
1	121	74	107.799	90.4879	21.1217
1	121	74	122.118	76.1505	2.42364
1	121	74	122.683	86.2233	12.3387
1	121	74	116.925	78.2505	5.88802
1	121	74	142.065	82.0446	22.5492
1	121	74	127.129	76.5979	6.65726
1	121	74	129.956	72.4383	9.09152
1	121	74	125.904	74.4683	4.92665
1	121	74	121.036	88.0163	14.0164
1	121	74	122.81	77.6181	4.04576
1	121	74	132.993	79.577	13.2265
1	121	74	122.429	77.5786	3.85322
1	121	74	116.797	72.791	4.37328
1	121	74	120.861	74.2353	0.273532
1	121	74	119.872	75.4012	1.79903
1	121	74	130.059	78.562	10.1425
1	121	74	122.604	75.6701	2.31555
1	121	74	132.747	71.8969	11.9342
1	121	74	125.299	72.1023	4.69908
1	121	74	124.267	78.4162	5.49341
1	121	74	127.987	77.5898	7.85523
1	121	74	108.335	86.6769	17.9191
1	121	74	117.456	78.0263	5.36402
1	121	74	122.896	75.1503	2.21789
1	121	74	126.181	71.3939	5.79961
1	121	74	121.781	73.2668	1.07116
1	121	74	124.623	76.812	4.58641
1	121	74	128.652	77.7884	8.53847
1	121	74	122.343	73.5933	1.40311
1	121	74	106.559	91.6695	22.82
1	121	74	122.888	72.676	2.30623
1	121	74	128.349	82.5168	11.2493
1	121	74	78.7597	96.8612	48.03
1	121	74	127.169	77.5967	7.1407
1	121	74	127.346	71.048	6.99942
1	121	74	66.0301	14.7872	80.7951
1	121	74	123.558	79.3431	5.92369
1	121	74	122.567	73.6576	1.60373
1	121	74	129.063	78.2431	9.11088
1	121	74	127.851	74.0976	6.85173
1	121	74	123.822	77.9442	4.84959
1	121	74	120.672	77.6446	3.65933
1	121	74	126.908	83.2085	10.9406
1	121	74	125.246	78.1351	5.9265
1	121	74	141.48	85.4664	23.4713
1	121	74	142.244	84.9913	23.9187
1	121	74	110.52	94.6747	23.1792
1	121	74	120.901	78.61	4.61104
1	121	74	123.059	74.1537	2.06518
1	121	74	117.744	76.7466	4.25957
1	121	74	116.755	84.4518	11.281
1	121	74	104.594	84.2681	19.3542
1	121	74	122.306	76.9138	3.19304
1	121	74	140.458	84.8851	22.296
1	121	74	119.651	74.8057	1.57128
1	121	74	107.388	97.3442	27.023
1	121	74	128.967	72.3746	8.13147
1	121	74	129.27	74.2253	8.27264
1	121	74	129.375	71.0406	8.8829
1	121	74	124.617	74.3002	3.62932
1	121	74	121.955	81.8922	7.9497
1	121	74	98.6421	95.5417	31.0471
1	121	74	120.249	84.4737	10.5006
1	121	74	112.731	90.9593	18.8676
1	121	74	120.863	74.585	0.600746
1	121	74	121.773	75.3434	1.55008
1	121	74	126.156	74.9586	5.24456
1	121	74	128.037	72.5405	7.18652
1	121	74	109.451	96.7561	25.519
1	121	74	123.145	71.0112	3.67893
1	121	74	126.431	73.3164	5.47358
1	121	74	124.881	81.1418	8.12809
1	121	74	123.11	71.3582	3.38096
1	121	74	125.784	70.3264	6.03155
1	121	74	129.82	71.4828	9.17224
1	121	74	111.021	70.7446	10.4961
1	121	74	131.64	75.5427	10.7513
1	121	74	125.596	81.3186	8.64185
1	121	74	122.36	77.2279	3.50284
1	121	74	131.81	74.76	10.8367
1	121	74	123.531	70.1859	4.57765
1	121	74	123.797	81.2313	7.75352
1	121	74	123.873	84.6282	11.0096
1	121	74	121.686	80.005	6.04406
1	121	74	106.836	94.289	24.744
1	121	74	122.335	86.0961	12.1695
1	121	74	118.58	80.6159	7.04476
1	121	74	123.098	73.5989	2.13614
1	121	74	122.616	86.8733	12.9744
1	121	74	118.528	79.1651	5.72631
1	121	74	135.042	87.1148	19.2137
1	121	74	122.243	76.5027	2.79424
1	121	74	127.86	74.7313	6.89878
1	121	74	126.456	75.1494	5.57596
1	121	74	108.697	64.5565	15.5098
1	121	74	115.727	81.9984	9.57987
1	121	74	137.505	80.3163	17.6719
1	121	74	118.881	76.4501	3.23925
1	121	74	112.694	97.3778	24.8094
1	121	74	119.126	79.6694	5.97105
1	121	74	68.9808	11.3395	81.4391
1	121	74	124.034	71.9484	3.66227
1	121	74	109.047	97.2203	26.1164
1	121	74	107.938	94.7399	24.5103
1	121	74	127.022	72.2535	6.27044
1	121	74	122.895	75.8407	2.64155
1	121	74	125.271	76.2311	4.81899
1	121	74	123.471	75.0656	2.6911
1	121	74	123.215	68.8923	5.56723
1	121	74	132.83	88.0556	18.3712
1	121	74	123.693	74.0906	2.69438
1	121	74	125.797	77.4103	5.88539
1	121	74	129.709	71.7541	8.99413
1	121	74	121.557	71.0601	2.99209
1	121	74	140.843	86.3368	23.3657
1	121	74	117.022	84.065	10.8225
1	121	74	120.304	71.1688	2.91549
1	121	74	42.2574	24.8821	92.806
1	121	74	121.68	79.2721	5.31578
1	121	74	120.757	84.6391	10.6419
1	121	74	117.848	97.1466	23.3603
1	121	74	121.025	76.6696	2.66971
1	121	74	128.263	77.528	8.07479
1	121	74	127.378	79.6627	8.52923
1	121	74	120.345	72.6538	1.49698
1	121	74	123.48	75.9874	3.1777
1	121	74	121.519	73.1873	0.964338
1	121	74	119.596	76.0766	2.50693
1	121	74	100.027	70.4454	21.272
1	121	74	110.148	96.4818	24.9637
1	121	74	122.889	73.4992	1.95467
1	121	74	140.153	85.9107	22.5543
1	121	74	141.011	85.8841	23.274
1	121	74	91.4998	58.4222	33.3606
1	121	74	119.294	72.6449	2.17852
1	121	74	123.24	73.3253	2.33961
1	121	74	120.935	73.8693	0.145904
1	121	74	114.474	75.7786	6.76423
1	121	74	127.132	78.1821	7.4224
1	121	74	70.5324	10.5635	81.0627
1	121	74	121.801	69.6002	4.47202
1	121	74	123.906	88.3033	14.5955
1	121	74	124.451	72.6413	3.70903
1	121	74	118.995	75.8214	2.709
1	121	74	128.472	77.6461	8.31413
1	121	74	108.817	85.7119	16.8994
1	121	74	128.617	72.5765	7.74909
1	121	74	121.494	71.5989	2.45145
1	121	74	130.648	80.0726	11.4004
1	121	74	126.196	75.4063	5.38287
1	121	74	129.505	75.0514	8.56937
1	121	74	121.169	72.7908	1.22094
1	121	74	121.818	78.2574	4.33537
1	121	74	130.351	77.4981	9.98399
1	121	74	111.502	93.063	21.2979
1	121	74	125.141	81.3488	8.43516
1	121	74	129.533	80.2225	10.5605
1	121	74	101.499	97.4385	30.4902
1	121	74	122.564	75.6017	2.23891
1	121	74	119.54	70.237	4.0362
1	121	74	123.594	69.7699	4.96216
1	121	74	109.767	92.4362	21.5889
1	121	74	124.809	69.7252	5.72557
1	121	74	120.324	70.697	3.37145
1	121	74	120.295	74.2418	0.745565
1	121	74	125.771	75.1069	4.89737
1	121	74	127.924	71.7307	7.28615
1	121	74	112.63	73.4479	8.38798
1	121	74	121.931	69.1857	4.90361
1	121	74	131.978	90.6361	19.9316
1	121	74	110.66	67.7184	12.0989
1	121	74	68.8753	11.3915	81.4666
1	121	74	116.685	86.0895	12.8365
1	121	74	103.856	54.799	25.7407
1	121	74	119.539	86.0431	12.1315
1	121	74	132.02	72.7732	11.0878
1	121	74	129.452	78.362	9.51087
1	121	74	121.567	70.2373	3.80518
1	121	74	120.941	85.3314	11.3315
1	121	74	115.475	80.7529	8.7251
1	121	74	123.163	81.0731	7.39633
1	121	74	109.457	97.4135	26.1044
1	121	74	122.684	69.1659	5.11904
1	121	74	94.2296	97.4369	35.5801
1	121	74	122.678	72.919	1.99576
1	121	74	106.902	93.9951	24.4656
1	121	74	118.408	77.2603	4.16493
1	121	74	69.1991	11.2317	81.383
1	121	74	122.406	77.0107	3.32305
1	121	74	127.632	78.4388	7.98048
1	121	74	134.12	86.1958	17.913
1	121	74	140.365	78.955	19.9887
1	121	74	127.174	72.8625	6.27768
1	121	74	129.69	74.1014	8.69085
1	121	74	110.927	97.4851	25.554
1	121	74	127.871	71.8791	7.19127
1	121	74	118.634	75.8739	3.01811
1	121	74	119.848	87.1278	13.1783
1	121	74	106.648	63.4331	17.8225
1	121	74	121.109	70.8077	3.19416
1	121	74	120.516	79.9457	5.96537
1	121	74	119.307	80.1952	6.42231
1	121	74	128.521	80.8863	10.197
1	121	74	126.205	72.6292	5.38283
1	121	74	125.468	68.6546	6.9668
1	121	74	123.156	83.1509	9.40154
1	121	74	123.66	77.4604	4.36483
1	121	74	128.437	76.7308	7.92209
1	121	74	107.167	65.0284	16.488
1	121	74	120.877	83.4877	9.48848
1	121	74	122.082	75.0616	1.51558
1	121	74	117.895	75.2243	3.33722
1	121	74	123.726	75.8479	3.29358
1	121	74	131.176	74.1685	10.177
1	121	74	119.686	78.8009	4.97733
1	121	74	134.232	77.5914	13.7108
1	121	74	117.89	67.9291	6.82124
1	121	74	128.639	78.5667	8.8997
1	121	74	126.706	73.7065	5.71345
1	121	74	118.795	85.1172	11.3339
1	121	74	122.134	85.0383	11.0964
1	121	74	123.809	84.8529	11.2104
1	121	74	129.776	77.3647	9.39863
1	121	74	123.395	70.8986	3.9185
1	121	74	125.875	79.0121	6.99204
1	121	74	130.886	90.5852	19.3079
1	121	74	128.246	78.2954	8.42389
1	121	74	141.859	83.3471	22.8572
1	121	74	87.6804	66.0319	34.2591
1	121	74	121.848	69.7258	4.35756
1	121	74	134.515	67.5963	14.955
1	121	74	123.089	81.1251	7.42499
1	121	74	129.95	80.0334	10.7937
1	121	74	123.118	73.4747	2.18216
1	121	74	127.977	76.39	7.37495
1	121	74	122.75	79.0625	5.35636
1	121	74	105.398	78.5866	16.2625
1	121	74	134.644	80.7364	15.2163
1	121	74	118.53	74.1062	2.47217
1	121	74	119.259	74.904	1.96158
1	121	74	69.4141	11.1251	81.3287
1	121	74	122.403	83.5662	9.6685
1	121	74	124.414	87.4564	13.8826
1	121	74	115.591	70.4971	6.44458
1	121	74	127.96	75.1653	7.05656
1	121	74	128.462	78.1287	8.52829
1	121	74	121.141	70.3983	3.60444
1	121	74	110.147	97.4847	25.871
1	121	74	119.372	82.7375	8.88793
1	121	74	123.912	80.8384	7.43247
1	121	74	37.9572	23.4652	97.2105
1	121	74	118.492	75.4675	2.90613
1	121	74	122.803	73.9052	1.80553
1	121	74	89.6679	87.7287	34.2079
1	121	74	107.671	68.3589	14.4739
1	121	74	125.325	77.5404	5.58918
1	121	74	136.364	87.6708	20.5658
1	121	74	130.345	75.9214	9.54012
1	121	74	141.269	79.0114	20.879
1	121	74	120.186	71.928	2.22599
1	121	74	45.0112	20.9954	92.6487
1	121	74	121.517	77.8555	3.89007
1	121	74	123.225	73.0937	2.40245
1	121	74	121.627	77.5065	3.5622
1	121	74	122.534	78.2847	4.55094
1	121	74	118.895	74.2341	2.11794
1	121	74	122.796	74.678	1.91997
1	121	74	107.847	95.323	25.0536
1	121	74	117.069	74.2441	3.93851
1	121	74	120.251	82.7304	8.76247
1	121	74	129.841	75.0481	8.90329
1	121	74	116.136	78.6895	6.75655
1	121	74	131.778	73.5081	10.7896
1	121	74	123.091	78.3482	4.82494
1	121	74	120.974	73.6903	0.310793
1	121	74	130.005	72.6657	9.10339
1	121	74	119.487	71.6845	2.76617
1	121	74	126.219	70.1982	6.45703
1	121	74	115.678	77.122	6.17011
1	121	74	106.606	87.6324	19.8247
1	121	74	121.427	68.2458	5.77004
1	121	74	141.361	85.4165	23.3429
1	121	74	135.148	86.7376	19.0372
1	121	74	97.2076	97.4376	33.3976
1	121	74	118.253	80.887	7.41478
1	121	74	120.313	70.8739	3.20065
1	121	74	120.285	76.63	2.72562
1	121	74	126.109	79.9018	7.80619
1	121	74	111.748	96.5877	24.409
1	121	74	116.55	82.0994	9.24132
1	121	74	142.188	82.7769	22.9343
1	121	74	50.6857	18.8482	89.3635
1	121	74	125.175	70.9514	5.16957
1	121	74	128.913	79.8563	9.84472
1	121	74	113.248	72.328	7.92995
1	121	74	119.629	84.0326	10.1259
1	121	74	130.45	72.4527	9.57616
1	121	74	80.7725	53.2015	45.2861
1	121	74	118.916	77.2734	3.88038
1	121	74	121.389	70.4215	3.59961
1	121	74	127.282	71.8183	6.64966
1	121	74	121.575	72.8736	1.26457
1	121	74	130.252	74.3128	9.25744
1	121	74	140.902	86.4531	23.4769
1	121	74	129.058	74.0079	8.05786
1	121	74	122.461	75.148	1.85805
1	121	74	119.478	74.6205	1.64346
1	121	74	115.167	81.3197	9.35958
1	121	74	127.095	82.0441	10.0922
1	121	74	128.077	74.0723	7.07692
1	121	74	124.752	81.7691	8.62785
1	121	74	125.34	70.6293	5.49492
1	121	74	132.823	78.4076	12.6174
1	121	74	127.062	72.7292	6.19381
1	121	74	125.909	81.7424	9.16754
1	121	74	120.639	73.9379	0.366414
1	121	74	115.221	70.9692	6.52541
1	121	74	118.92	75.046	2.32839
1	121	74	116.07	72.5819	5.12971
1	121	74	128.593	84.9361	13.3137
1	121	74	68.7328	11.4615	81.5041
1	121	74	128.843	75.1183	7.92264
1	121	74	117.791	75.3831	3.49478
1	121	74	126.208	77.9629	6.54434
1	121	74	126.047	81.9765	9.43915
1	121	74	118.77	73.6737	2.25327
1	121	74	117.153	74.9325	3.95848
1	121	74	121.617	71.9036	2.18524
1	121	74	132.538	77.9276	12.188
1	121	74	128.727	75.0858	7.80258
1	121	74	125.732	81.4107	8.79246
1	121	74	133.571	72.1948	12.6995
1	121	74	107.212	87.0501	18.9849
1	121	74	122.614	75.2052	2.01414
1	121	74	49.3558	97.4273	75.3773
1	121	74	133.879	79.8019	14.1259
1	121	74	113.228	97.4864	24.7388
1	121	74	114.739	84.6082	12.3179
1	121	74	117.724	79.923	6.76838
1	121	74	115.452	97.2193	23.8729
1	121	74	123.88	71.3027	3.94595
1	121	74	124.985	76.1419	4.5237
1	121	74	129.592	79.6201	10.267
1	121	74	128.451	78.0759	8.49273
1	121	74	115.481	76.0415	5.88414
1	121	74	123.116	76.5826	3.33894
1	121	74	121.812	76.8376	2.95147
1	121	74	123.281	71.039	3.73758
1	121	74	114.146	90.8893	18.2272
1	121	74	116.59	73.2512	4.47271
1	121	74	110.716	89.4364	18.5486
1	121	74	111.118	88.3548	17.4274
1	121	74	121.197	71.0729	2.93373
1	121	74	114.241	77.5858	7.65156
1	121	74	141.298	85.4204	23.2902
1	121	74	136.481	80.3996	16.752
1	121	74	112.225	96.1818	23.8545
1	121	74	60.4838	16.1481	83.7201
1	121	74	120.847	72.5615	1.44662
1	121	74	69.9147	61.6287	52.5619
1	121	74	123.134	76.8459	3.5573
1	121	74	109.937	91.6722	20.8491
1	121	74	111.404	75.3513	9.69021
1	121	74	117.822	78.2189	5.28171
1	121	74	122.575	79.8947	6.10147
1	121	74	120.366	77.6648	3.71911
1	121	74	115.363	81.0167	9.00065
1	121	74	119.84	75.5274	1.91802
1	121	74	112.383	95.5472	23.2064
1	121	74	123.696	73.2965	2.7858
1	121	74	126.674	79.0137	7.57193
1	121	74	120.086	77.4062	3.52676
1	121	74	128.9	78.0251	8.86606
1	121	74	112.801	69.7824	9.22022
1	121	74	122.772	77.9346	4.31501
1	121	74	121.799	71.5532	2.57404
1	121	74	141.163	86.3504	23.6449
1	121	74	115.441	87.3949	14.5027
1	121	74	112.741	76.9391	8.76621
1	121	74	128.859	76.7493	8.32641
1	121	74	128.511	76.8202	8.02291
1	121	74	123.302	72.5789	2.70509
1	121	74	132.17	72.8589	11.2285
1	121	74	122.769	76.7186	3.24359
1	121	74	126.433	70.2415	6.60644
1	121	74	125.88	79.7885	7.57128
1	121	74	123.929	81.0722	7.65469
1	121	74	131.215	72.9724	10.2663
1	121	74	105.141	90.8552	23.1434
1	121	74	103.691	65.2852	19.3792
1	121	74	127.737	77.5331	7.60749
1	121	74	129.489	72.8173	8.57113
1	121	74	105.508	89.5492	21.9498
1	121	74	113.57	73.8388	7.43221
1	121	74	121.346	75.124	1.17616
1	121	74	127.853	80.2229	9.25712
1	121	74	116.405	77.9806	6.07957
1	121	74	91.0008	59.9507	33.126
1	121	74	121.737	70.7098	3.37168
1	121	74	120.197	84.0007	10.0328
1	121	74	100.698	62.441	23.3622
1	121	74	120.943	69.0368	4.96348
1	121	74	116.197	82.7203	9.9555
1	121	74	123.116	77.2444	3.87364
1	121	74	130.248	74.4457	9.25916
1	121	74	123.146	88.6721	14.8283
1	121	74	123.6	74.7118	2.69563
1	121	74	130.845	73.7997	9.84721
1	121	74	121.374	69.77	4.24652
1	121	74	59.2664	26.7258	77.7553
1	121	74	119.407	73.04	1.85963
1	121	74	119.783	73.6388	1.26954
1	121	74	128.444	70.5048	8.22344
1	121	74	121.145	85.7451	11.746
1	121	74	70.2011	10.7311	81.1386
1	121	74	126.647	76.5936	6.21424
1	121	74	118.16	82.6656	9.11922
1	121	74	124.44	77.8496	5.16282
1	121	74	137.153	78.6514	16.8096
1	121	74	124.145	75.024	3.30713
1	121	74	129.66	74.7534	8.69244
1	121	74	118.225	82.6556	9.08965
1	121	74	121.643	75.3192	1.46754
1	121	74	139.717	86.7346	22.6386
1	121	74	118.221	84.2761	10.6452
1	121	74	120.013	72.3132	1.95455
1	121	74	115.721	80.6779	8.5123
1	121	74	106.503	82.9558	17.0404
1	121	74	130.181	79.7836	10.8512
1	121	74	127.618	71.9025	6.94196
1	121	74	122.381	69.7879	4.43268
1	121	74	123.129	71.4654	3.30994
1	121	74	91.8231	60.029	32.3494
1	121	74	99.1571	94.5181	29.9684
1	121	74	93.0654	97.4367	36.4639
1	121	74	110.559	85.0492	15.2019
1	121	74	124.572	75.5397	3.8901
1	121	74	129.2	79.9604	10.1375
1	121	74	117.73	96.6461	22.881
1	121	74	107.779	95.8262	25.518
1	121	74	116.625	78.1569	6.03523
1	121	74	122.757	71.1865	3.31735
1	121	74	141.714	85.0359	23.4707
1	121	74	126.086	71.7431	5.56468
1	121	74	124.393	73.9503	3.39314
1	121	74	133.177	74.0501	12.1769
1	121	74	122.765	83.1524	9.32095
1	121	74	128.461	82.5817	11.3718
1	121	74	115.794	77.2918	6.15944
1	121	74	110.902	97.4852	25.5641
1	121	74	126.243	75.4891	5.45052
1	121	74	119.808	71.2457	3.00115
1	121	74	138.734	78.0946	18.2009
1	121	74	117.511	64.0784	10.5171
1	121	74	107.742	96.5849	26.1889
1	121	74	46.1306	20.6059	91.9584
1	121	74	126.784	75.371	5.94462
1	121	74	121.617	78.4536	4.49608
1	121	74	126.157	77.6098	6.29491
1	121	74	130.825	75.9062	10.0078
1	121	74	126.557	78.5055	7.15396
1	121	74	88.3418	66.2369	33.5682
1	121	74	127.94	76.525	7.38509
1	121	74	119.837	83.1327	9.20646
1	121	74	126.971	76.5516	6.49354
1	121	74	119.228	76.6506	3.18842
1	121	74	120.651	79.7408	5.75134
1	121	74	125.59	74.3849	4.60571
1	121	74	122.112	67.2934	6.79807
1	121	74	127.723	74.8528	6.77639
1	121	74	126.476	76.0582	5.84986
1	121	74	119.367	75.8522	2.46957
1	121	74	132.743	74.3185	11.747
1	121	74	118.621	85.2082	11.4579
1	121	74	127.587	75.1323	6.68411
1	121	74	120.236	75.7713	1.92916
1	121	74	130.791	74.3143	9.7965
1	121	74	106.961	70.0537	14.5832
1	121	74	129.967	79.3391	10.4362
1	121	74	120.746	74.3564	0.437516
1	121	74	121.361	69.8763	4.13954
1	121	74	115.099	81.7044	9.70458
1	121	74	102.871	57.216	24.7056
1	121	74	113.677	78.1614	8.42239
1	121	74	123.278	74.4538	2.32269
1	121	74	118.616	74.7711	2.50591
1	121	74	123.626	79.0296	5.6737
1	121	74	124.382	73.5368	3.41335
1	121	74	123	88.3302	14.4691
1	121	74	103.4	79.2205	18.3576
1	121	74	120.173	72.8543	1.41294
1	121	74	55.7302	37.7245	74.673
1	121	74	119.245	75.0461	2.04326
1	121	74	118.404	78.2847	5.01001
1	121	74	122.628	74.3463	1.6643
1	121	74	97.9118	95.0232	31.2256
1	121	74	125.395	82.7906	9.82822
1	121	74	115.232	96.0624	22.804
1	121	74	121.8	77.6102	3.69775
1	121	74	96.5375	53.7389	31.7636
1	121	74	135.632	75.9424	14.7604
1	121	74	120.56	85.3872	11.3957
1	121	74	127.238	80.7206	9.16928
1	121	74	121.514	73.9678	0.515201
1	121	74	124.86	73.4654	3.89714
1	121	74	125.145	77.379	5.34776
1	121	74	120.031	73.2423	1.2299
1	121	74	118.764	75.0319	2.46228
1	121	74	126	74.2264	5.00526
1	121	74	122.16	70.0931	4.0755
1	121	74	124.672	82.7265	9.46744
1	121	74	41.175	22.586	94.9496
1	121	74	120.947	75.8343	1.83506
1	121	74	122.331	81.7999	7.91265
1	121	74	109.227	66.1828	14.1321
1	121	74	128.545	79.1867	9.15574
1	121	74	126.218	78.8979	7.15645
1	121	74	127.169	76.6734	6.72354
1	121	74	103.354	87.2924	22.0926
1	121	74	126.577	73.4156	5.60713
1	121	74	115.446	84.5671	11.9379
1	121	74	116.764	75.7337	4.57694
1	121	74	108.458	95.0916	24.5391
1	121	74	120.993	69.5739	4.42609
1	121	74	118.5	77.3696	4.1959
1	121	74	121.317	81.4766	7.48337
1	121	74	119.457	83.5246	9.64876
1	121	74	109.291	91.8949	21.3853
1	121	74	126.485	71.0329	6.23575
1	121	74	127.29	73.9337	6.2899
1	121	74	120.306	76.5569	2.64936
1	121	74	130.505	76.4553	9.81727
1	121	74	43.7223	21.5237	93.4109
1	121	74	121.628	71.344	2.72913
1	121	74	132.367	73.4658	11.3792
1	121	74	107.878	96.741	26.2551
1	121	74	121.062	74.9016	0.903751
1	121	74	122.121	76.9249	3.13238
1	121	74	122.364	79.9827	6.13624
1	121	74	124.285	77.2318	4.60825
1	121	74	112.125	91.5044	19.6256
1	121	74	120.194	76.2772	2.41577
1	121	74	42.7013	21.9449	94.0235
1	121	74	115.069	81.2689	9.3816
1	121	74	123.974	78.8765	5.71172
1	121	74	118.777	77.4062	4.06734
1	121	74	123.223	73.1845	2.36793
1	121	74	121.386	75.3226	1.37774
1	121	74	107.033	67.4032	15.4469
1	121	74	123.939	73.5987	2.96665
1	121	74	119.137	76.1546	2.84812
1	121	74	125.869	74.7692	4.92968
1	121	74	91.2432	59.1307	33.265
1	121	74	110.76	67.2971	12.2383
1	121	74	124.578	77.476	4.98822
1	121	74	134.148	75.7608	13.2652
1	121	74	120.937	83.3198	9.32006
1	121	74	117.209	77.1122	4.90482
1	121	74	88.5013	66.2207	33.4168
1	121	74	128.083	73.9937	7.08315
1	121	74	111.367	96.9714	24.9094
1	121	74	102.762	94.9483	27.7752
1	121	74	123.663	79.7352	6.32314
1	121	74	121.3	70.8233	3.19092
1	121	74	128.758	72.3981	7.92155
1	121	74	132.555	74.4475	11.5634
1	121	74	119.334	72.0237	2.58509
1	121	74	116.909	74.3921	4.10961
1	121	74	123.648	75.9891	3.31191
1	121	74	128.368	77.4253	8.12572
1	121	74	125.423	77.5177	5.65143
1	121	74	103.481	56.0023	25.1163
1	121	74	119.114	80.999	7.24867
1	121	74	120.686	69.714	4.29748
1	121	74	87.745	66.1932	34.1591
1	121	74	110.57	75.2243	10.5013
1	121	74	120.987	86.2971	12.2971
1	121	74	118.824	77.0156	3.7188
1	121	74	101.977	93.8527	27.4956
1	121	74	107.227	94.2511	24.4909
1	121	74	124.425	74.4398	3.45264
1	121	74	130.203	76.3958	9.5101
1	121	74	121.51	78.7889	4.81604
1	121	74	130.176	75.6644	9.32551
1	121	74	127.094	81.4321	9.61114
1	121	74	129.553	79.3149	10.0699
1	121	74	123.635	77.5341	4.40827
1	121	74	116.765	83.0375	9.98052
1	121	74	124.186	85.4598	11.8945
1	121	74	127.265	72.8917	6.36181
1	121	74	119.089	76.5327	3.173
1	121	74	113.901	76.9515	7.68806
1	121	74	125.988	74.0561	4.98818
1	121	74	131	75.5178	10.1142
1	121	74	110.513	92.716	21.4537
1	121	74	104.321	91.2681	24.0077
1	121	74	117.115	76.6587	4.7078
1	121	74	72.4735	97.4323	53.8878
1	121	74	124.77	76.4048	4.47174
1	121	74	121.991	84.019	10.0679
1	121	74	128.558	74.0035	7.55801
1	121	74	110.808	96.0851	24.3236
1	121	74	107.583	63.7308	16.8955
1	121	74	142.306	83.8831	23.4868
1	121	74	125.609	76.2447	5.12693
1	121	74	140.552	86.5789	23.2491
1	121	74	124.022	74.0613	3.0223
1	121	74	125.327	80.9121	8.15483
1	121	74	126.605	74.35	5.6155
1	121	74	132.511	71.9057	11.6997
1	121	74	124.054	82.226	8.77472
1	121	74	120.311	72.1545	1.96977
1	121	74	125.99	75.0205	5.0937
1	121	74	137.448	82.813	18.6604
1	121	74	117.701	77.2993	4.66547
1	121	74	117.668	76.7163	4.29853
1	121	74	122.374	78.2128	4.43133
1	121	74	127.494	76.7124	7.03816
1	121	74	130.201	81.8432	12.0904
1	121	74	141.8	83.8002	22.993
1	121	74	106.452	87.3509	19.746
1	121	74	141.867	84.8583	23.5229
1	121	74	127.008	75.9217	6.3074
1	121	74	116.892	76.4735	4.79512
1	121	74	111.863	89.3375	17.8527
1	121	74	109.992	90.0694	19.4782
1	121	74	127.707	79.19	8.48063
1	121	74	128.723	80.4975	10.0926
1	121	74	118.176	76.5861	3.8289
1	121	74	101.417	92.6241	27.0247
1	121	74	125.579	70.0913	6.02016
1	121	74	119.323	77.3595	3.75494
1	121	74	109.713	96.2543	24.9532
1	121	74	119.9	82.3271	8.39948
1	121	74	135.906	84.8048	18.4104
1	121	74	127.502	71.5838	6.93643
1	121	74	125.921	70.5547	6.00714
1	121	74	128.114	74.7914	7.15795
1	121	74	129.327	76.9483	8.83318
1	121	74	121.171	72.1647	1.84328
1	121	74	120.57	75.2775	1.34785
1	121	74	124.356	79.802	6.70258
1	121	74	119.561	73.4297	1.54756
1	121	74	124.291	78.7951	5.81592
1	121	74	119.26	73.4412	1.82721
1	121	74	124.641	78.1523	5.52248
1	121	74	122.024	73.8921	1.02919
1	121	74	122.02	69.2408	4.86728
1	121	74	123.17	79.7422	6.13864
1	121	74	120.642	79.6878	5.69903
1	121	74	121.31	70.5252	3.48853
1	121	74	123.458	86.1732	12.4189
1	121	74	94.8805	67.6832	26.8725
1	121	74	132.598	72.6752	11.6733
1	121	74	121.508	74.428	0.664286
1	121	74	122.264	74.3171	1.30312
1	121	74	122.404	75.2041	1.84983
1	121	74	92.8329	97.4367	36.6423
1	121	74	98.3548	97.4378	32.5904
1	121	74	106.038	93.1502	24.3022
1	121	74	129.375	72.4113	8.52423
1	121	74	118.739	75.8168	2.90064
1	121	74	128.12	72.8915	7.20544
1	121	74	124.578	69.3014	5.90568
1	121	74	129.71	77.579	9.417
1	121	74	129.819	82.3508	12.1454
1	121	74	128.93	74.3086	7.93598
1	121	74	123.199	85.9863	12.1864
1	121	74	120.84	78.9566	4.95922
1	121	74	123.727	79.3645	6.01778
1	121	74	127.829	72.8259	6.92877
1	121	74	107.988	69.5206	13.7615
1	121	74	123.693	82.6234	9.03425
1	121	74	121.559	70.8218	3.22695
1	121	74	126.668	80.2757	8.45635
1	121	74	140.042	85.5918	22.2925
1	121	74	140.082	85.8267	22.4497
1	121	74	118.797	76.0373	3.00034
1	121	74	119.873	73.0097	1.50022
1	121	74	121.457	74.0705	0.462823
1	121	74	96.6673	68.3763	24.9741
1	121	74	121.337	79.9695	5.97899
1	121	74	121.205	78.2789	4.28377
1	121	74	48.4287	19.6987	90.6379
1	121	74	120.392	78.0331	4.07867
1	121	74	112.459	87.5938	16.0543
1	121	74	118.565	74.5228	2.49041
1	121	74	126.925	72.321	6.15854
1	121	74	131.48	76.0885	10.6863
1	121	74	126.919	84.4651	12.0231
1	121	74	114.211	81.0019	9.75302
1	121	74	118.427	74.3975	2.60383
1	121	74	121.415	74.588	0.719863
1	121	74	118.51	75.9668	3.17321
1	121	74	139.536	81.3724	19.9479
1	121	74	128.165	76.9841	7.76191
1	121	74	129.659	72.509	8.78651
1	121	74	131.983	79.728	12.3873
1	121	74	109.555	85.7324	16.3905
1	121	74	119.044	73.0502	2.17472
1	121	74	122.141	72.3975	1.96738
1	121	74	126.137	73.233	5.19442
1	121	74	79.3962	51.2705	47.4079
1	121	74	129.314	73.7469	8.31779
1	121	74	123.273	89.3438	15.5113
1	121	74	108.495	74.9292	12.5399
1	121	74	108.478	97.3662	26.5098
1	121	74	68.785	11.4359	81.4903
1	121	74	128.207	80.0864	9.43302
1	121	74	139.409	78.4687	18.9433
1	121	74	115.384	97.4874	24.1495
1	121	74	93.0701	65.165	29.2939
1	121	74	128.065	79.7607	9.11574
1	121	74	120.652	70.7514	3.26717
1	121	74	122.278	70.2487	3.96283
1	121	74	117.607	77.4087	4.80982
1	121	74	130.411	74.3251	9.41657
1	121	74	126.046	78.8501	6.9992
1	121	74	115.107	78.7897	7.59374
1	121	74	130.129	72.9293	9.192
1	121	74	122.033	72.8043	1.57977
1	121	74	42.2958	25.5504	92.4214
1	121	74	124.241	70.3326	4.89422
1	121	74	140.232	81.1585	20.5207
1	121	74	70.3402	10.6609	81.1065
1	121	74	124.663	74.7104	3.73096
1	121	74	115.266	80.7591	8.86389
1	121	74	62.4875	92.5315	61.377
1	121	74	48.7106	19.5871	90.4793
1	121	74	116.457	78.0068	6.05758
1	121	74	125.409	79.5601	7.09634
1	121	74	47.4907	20.0132	91.2041
1	121	74	121.228	75.2663	1.28675
1	121	74	140.3	86.5952	23.0459
1	121	74	128.468	78.6564	8.80072
1	121	74	118.597	76.6055	3.54474
1	121	74	120.047	73.6358	1.0204
1	121	74	120.362	71.3162	2.75862
1	121	74	120.65	70.6071	3.41093
1	121	74	118.875	76.2128	3.06807
1	121	74	114.174	69.1087	8.39777
1	121	74	124.839	80.2669	7.34916
1	121	74	120.466	70.7291	3.31422
1	121	74	110.524	95.6005	24.0069
1	121	74	128.459	72.4896	7.61011
1	121	74	110.171	91.8626	20.8889
1	121	74	142.309	84.2237	23.6344
1	121	74	125.877	76.8475	5.647
1	121	74	121.647	77.2022	3.26687
1	121	74	141.257	79.6026	21.0172
1	121	74	123.945	72.6022	3.26029
1	121	74	120.997	91.119	17.119
1	121	74	123.184	70.021	4.53874
1	121	74	120.078	71.7979	2.38718
1	121	74	142.19	84.0487	23.4522
1	121	74	126.869	72.2492	6.12429
1	121	74	141.953	84.9191	23.627
1	121	74	139.425	79.105	19.1195
1	121	74	118.791	74.3633	2.23841
1	121	74	127.416	75.4391	6.57541
1	121	74	119.959	77.8309	3.96979
1	121	74	125.106	80.1865	7.42495
1	121	74	130.238	74.5596	9.2554
1	121	74	126.309	71.8384	5.73244
1	121	74	126.323	78.5999	7.03492
1	121	74	111.838	87.694	16.4761
1	121	74	142.137	83.9375	23.3564
1	121	74	129.9	76.2326	9.17573
1	121	74	117.665	75.0967	3.51108
1	121	74	121.692	77.2435	3.31642
1	121	74	116.64	80.844	8.11509
1	121	74	141.736	79.9122	21.5621
1	121	74	122.247	69.7844	4.39621
1	121	74	121.655	81.6841	7.71199
1	121	74	128.31	80.2376	9.60958
1	121	74	111.622	96.0038	23.919
1	121	74	127.248	74.6197	6.27879
1	121	74	120.43	73.9981	0.570086
1	121	74	116.015	83.2149	10.4767
1	121	74	129.163	74.5689	8.1825
1	121	74	124.068	73.462	3.11439
1	121	74	116.332	82.7357	9.90491
1	121	74	141.673	78.6528	21.1897
1	121	74	109.76	92.0746	21.2845
1	121	74	120.606	79.0334	5.04878
1	121	74	121.688	71.6024	2.49423
1	121	74	128.942	73.0817	7.9947
1	121	74	120.048	74.8332	1.2649
1	121	74	121.877	78.2092	4.29962
1	121	74	121.86	70.8127	3.30142
1	121	74	118.517	78.098	4.79176
1	121	74	115.191	78.5077	7.35297
1	121	74	124.02	78.5586	5.46822
1	121	74	125.789	70.6641	5.83643
1	121	74	124.907	74.7924	3.98641
1	121	74	131.418	76.6601	10.7527
1	121	74	112.351	97.4768	25.0193
1	121	74	138.871	78.7644	18.4947
1	121	74	122.754	69.5332	4.79898
1	121	74	116.963	77.6738	5.45833
1	121	74	119.934	71.5288	2.69134
1	121	74	140.854	78.5154	20.361
1	121	74	118.447	74.482	2.59779
1	121	74	119.854	71.8496	2.43693
1	121	74	119.98	80.5888	6.66736
1	121	74	122.54	70.8852	3.47452
1	121	74	127.829	80.3397	9.31779
1	121	74	118.821	75.8432	2.854
1	121	74	118.801	76.582	3.3912
1	121	74	122.569	72.2603	2.34287
1	121	74	124.566	69.2872	5.90985
1	121	74	122.528	85.8748	11.9727
1	121	74	119.534	77.3314	3.63982
