1	121	74	121.179	74.8893	0.907228
1	121	74	121.146	74.2622	0.300325
1	121	74	121.587	74.3628	0.689739
1	121	74	121.181	74.3937	0.433275
1	121	74	120.798	74.5167	0.554708
1	121	74	120.526	74.2526	0.537361
1	121	74	121.397	74.0018	0.397273
1	121	74	121.661	74.2475	0.706025
1	121	74	121.328	74.312	0.452329
1	121	74	121.41	74.3832	0.561298
1	121	74	121.08	74.5944	0.599716
1	121	74	120.841	74.0251	0.161448
1	121	74	121.081	74.2644	0.276401
1	121	74	121.469	74.6398	0.793208
1	121	74	121.01	74.2808	0.280943
1	121	74	120.923	74.2585	0.269609
1	121	74	120.855	73.781	0.262438
1	121	74	121.441	74.1279	0.45911
1	121	74	121.243	74.2117	0.322442
1	121	74	121.532	74.0419	0.533606
1	121	74	121.168	74.6654	0.686352
1	121	74	121.262	74.7416	0.786388
1	121	74	121.196	74.0746	0.209508
1	121	74	120.8	74.6562	0.685896
1	121	74	121.226	74.7136	0.748647
1	121	74	121.235	74.062	0.242886
1	121	74	120.704	74.5399	0.615811
1	121	74	121.286	74.5805	0.647233
1	121	74	120.938	74.4894	0.493284
1	121	74	120.745	74.0524	0.260359
1	121	74	121.305	74.272	0.408746
1	121	74	120.969	73.9341	0.0727128
1	121	74	121.093	74.2046	0.224591
1	121	74	121.092	73.7872	0.231826
1	121	74	121.166	74.2606	0.309196
1	121	74	121.204	74.4263	0.472753
1	121	74	120.703	73.9509	0.301013
1	121	74	120.696	73.9086	0.317427
1	121	74	121.382	73.9874	0.38239
1	121	74	120.825	73.964	0.178798
1	121	74	121.07	74.2194	0.230237
1	121	74	121.356	74.0601	0.361208
1	121	74	121.268	74.5796	0.638621
1	121	74	121.232	74.3367	0.409005
1	121	74	121.531	74.2191	0.574299
1	121	74	120.998	74.6125	0.612501
1	121	74	120.958	74.3507	0.353203
1	121	74	120.999	74.531	0.530974
1	121	74	121.436	74.2774	0.517205
1	121	74	120.708	74.4169	0.509284
1	121	74	121.057	73.7754	0.231751
1	121	74	121.037	74.5291	0.530366
1	121	74	120.691	74.5687	0.647318
1	121	74	121.249	74.4625	0.525204
1	121	74	120.969	74.0061	0.0318891
1	121	74	121.32	74.5484	0.634822
1	121	74	120.982	74.2487	0.249399
1	121	74	120.6	74.4833	0.627149
1	121	74	120.721	74.3981	0.485925
1	121	74	120.892	74.2048	0.231483
1	121	74	120.518	74.0952	0.491463
1	121	74	120.791	74.537	0.576243
1	121	74	121.314	74.6187	0.693757
1	121	74	121.041	74.2078	0.211693
1	121	74	121.104	73.8102	0.216356
1	121	74	121.244	74.8341	0.86895
1	121	74	121.33	74.1211	0.351216
1	121	74	121.306	73.9827	0.306663
1	121	74	121.508	74.3506	0.617633
1	121	74	120.869	73.7572	0.275962
1	121	74	121.282	74.5003	0.574262
1	121	74	120.715	74.1012	0.302056
1	121	74	121.218	74.3198	0.386926
1	121	74	121.676	74.2412	0.718162
1	121	74	121.091	73.922	0.119483
1	121	74	120.748	74.0189	0.252771
1	121	74	121.533	73.9226	0.538357
1	121	74	121.38	74.0897	0.390516
1	121	74	121.307	74.1744	0.352813
1	121	74	121.293	74.6971	0.756304
1	121	74	120.509	74.2769	0.563345
1	121	74	121.503	74.0452	0.505321
1	121	74	120.727	74.2655	0.380533
1	121	74	120.497	74.3627	0.620018
1	121	74	120.716	74.4183	0.505324
1	121	74	121.488	74.0831	0.494686
1	121	74	121.121	74.3812	0.399842
1	121	74	121.411	73.9552	0.413337
1	121	74	120.824	74.5828	0.608778
1	121	74	120.664	74.5218	0.620479
1	121	74	121.194	74.2622	0.325954
1	121	74	121.03	73.6569	0.344382
1	121	74	121.568	74.4728	0.739296
1	121	74	121.269	74.2432	0.363004
1	121	74	121.716	74.173	0.736928
1	121	74	121.14	74.9734	0.983341
1	121	74	121.352	74.4512	0.572495
1	121	74	121.069	74.3301	0.337215
1	121	74	120.71	74.5536	0.62481
1	121	74	121.331	73.8216	0.375856
1	121	74	121.677	74.2041	0.707069
1	121	74	121.048	73.776	0.228965
1	121	74	121.045	74.4156	0.418007
1	121	74	121.029	73.672	0.329331
1	121	74	120.575	74.5146	0.667316
1	121	74	120.854	74.437	0.460905
1	121	74	120.831	74.7707	0.789044
1	121	74	121.307	74.3463	0.462506
1	121	74	121.045	74.8201	0.821391
1	121	74	121.183	74.257	0.315463
1	121	74	120.557	74.1313	0.462023
1	121	74	121.292	73.971	0.29368
1	121	74	120.7	74.0968	0.315276
1	121	74	121.596	74.1198	0.607483
1	121	74	121.508	74.0522	0.510487
1	121	74	120.517	74.3129	0.575706
1	121	74	121.217	74.5206	0.563934
1	121	74	121.17	74.6466	0.668663
1	121	74	121.394	74.7284	0.827933
1	121	74	120.69	74.4336	0.533148
1	121	74	120.807	74.1981	0.276605
1	121	74	121.074	74.0307	0.0796752
1	121	74	121.251	73.9705	0.252874
1	121	74	120.935	74.7502	0.752978
1	121	74	121.422	74.1776	0.458297
1	121	74	121.167	74.3691	0.405229
1	121	74	120.747	73.9212	0.264674
1	121	74	121.25	74.1235	0.279157
1	121	74	121.463	74.0317	0.463958
1	121	74	120.803	74.6269	0.657081
1	121	74	121.558	74.2796	0.624274
1	121	74	121.148	74.916	0.927877
1	121	74	120.876	74.6802	0.691471
1	121	74	121.093	74.6579	0.664528
1	121	74	121.008	74.4837	0.483768
1	121	74	120.92	74.7281	0.732539
1	121	74	121.42	74.4526	0.617497
1	121	74	120.971	73.9985	0.0295233
1	121	74	120.812	73.9304	0.200861
1	121	74	120.569	74.3221	0.538006
1	121	74	120.656	74.5422	0.641968
1	121	74	120.977	74.251	0.251987
1	121	74	121.471	74.2317	0.525178
1	121	74	121.07	74.217	0.228005
1	121	74	121.018	74.4483	0.448676
1	121	74	121.292	74.1018	0.309171
1	121	74	121.108	74.1322	0.170542
1	121	74	121.384	73.9236	0.39103
1	121	74	121.549	74.2135	0.589184
1	121	74	120.717	73.9041	0.299023
1	121	74	120.501	74.5108	0.714233
1	121	74	120.676	74.534	0.624492
1	121	74	120.472	74.3941	0.659055
1	121	74	121.189	74.0882	0.209008
1	121	74	121.003	74.3077	0.307678
1	121	74	120.777	74.2639	0.345755
1	121	74	121.725	74.31	0.788219
1	121	74	120.773	74.5105	0.558708
1	121	74	121.312	74.4265	0.528572
1	121	74	120.995	74.35	0.350053
1	121	74	120.924	74.0802	0.110519
1	121	74	121.335	74.5508	0.644595
1	121	74	121.384	74.1665	0.418464
1	121	74	121.297	74.7568	0.813145
1	121	74	120.76	74.6978	0.737825
1	121	74	120.656	74.5608	0.657669
1	121	74	121.555	73.9509	0.557293
1	121	74	121.227	73.8934	0.251228
1	121	74	121.062	74.2759	0.282835
1	121	74	120.551	74.2752	0.526474
1	121	74	121.476	73.9527	0.478031
1	121	74	120.685	74.2964	0.432859
1	121	74	121.338	74.7205	0.79596
1	121	74	121.457	74.1089	0.46943
1	121	74	121.344	74.0518	0.348288
1	121	74	120.541	74.5785	0.738589
1	121	74	121.495	74.3836	0.626306
1	121	74	121.108	74.485	0.49693
1	121	74	121.561	74.5087	0.757442
1	121	74	120.839	73.8504	0.219567
1	121	74	120.967	74.4555	0.456625
1	121	74	121.473	74.4299	0.639412
1	121	74	121.126	73.988	0.126132
1	121	74	120.51	74.5269	0.719435
1	121	74	120.932	74.6196	0.623301
1	121	74	120.907	74.7558	0.761514
1	121	74	120.384	74.365	0.71616
1	121	74	121.081	74.2303	0.244054
1	121	74	120.838	73.939	0.172903
1	121	74	120.82	73.7864	0.279615
1	121	74	121.064	73.6985	0.308121
1	121	74	120.99	74.0221	0.0241594
1	121	74	121.224	74.6822	0.718165
1	121	74	121.325	74.2172	0.391067
1	121	74	121.094	74.8003	0.805859
1	121	74	120.85	74.4861	0.508674
1	121	74	121.464	74.0473	0.466279
1	121	74	120.981	74.3243	0.324831
1	121	74	121.328	74.3826	0.50389
1	121	74	121.407	74.2708	0.489253
1	121	74	120.699	74.1767	0.349363
1	121	74	120.873	74.4303	0.448651
1	121	74	120.898	74.2251	0.247041
1	121	74	120.867	74.271	0.301752
1	121	74	121.248	75.0008	1.03113
1	121	74	120.708	74.3632	0.465778
1	121	74	121.068	74.46	0.465078
1	121	74	120.914	74.8499	0.854258
1	121	74	120.893	74.1781	0.207562
1	121	74	121.002	74.7691	0.769082
1	121	74	120.967	74.7034	0.704178
1	121	74	120.569	74.374	0.570489
1	121	74	120.675	74.5089	0.603632
1	121	74	121.003	74.4754	0.475434
1	121	74	121.177	74.3058	0.353448
1	121	74	121.369	74.5688	0.678076
1	121	74	120.401	74.4381	0.742051
1	121	74	121.12	74.7189	0.728781
1	121	74	121.264	74.0574	0.270191
1	121	74	120.805	74.0076	0.195088
1	121	74	121.14	74.0242	0.141985
1	121	74	121.369	74.1627	0.403058
1	121	74	120.959	74.2644	0.267506
1	121	74	121.238	74.3431	0.417582
1	121	74	121.713	74.1312	0.725401
1	121	74	120.614	74.4846	0.619608
1	121	74	120.811	73.8743	0.227174
1	121	74	121.178	75.0154	1.03095
1	121	74	121.248	74.2394	0.344774
1	121	74	121.168	74.4016	0.435227
1	121	74	121.268	74.4532	0.526312
1	121	74	120.992	74.8142	0.814275
1	121	74	121.398	74.5189	0.654249
1	121	74	121.123	73.8875	0.167076
1	121	74	121.1	74.6972	0.704378
1	121	74	121.455	73.8898	0.468248
1	121	74	121.037	74.277	0.279477
1	121	74	121.023	73.9281	0.075438
1	121	74	121.446	74.1135	0.460009
1	121	74	121.08	73.8008	0.214518
1	121	74	121.658	74.0969	0.665494
1	121	74	120.952	74.2945	0.298391
1	121	74	120.716	74.5843	0.649494
1	121	74	120.609	74.142	0.416125
1	121	74	121.042	74.7561	0.757269
1	121	74	120.604	74.5513	0.678679
1	121	74	121.386	74.1577	0.41691
1	121	74	121.449	74.1101	0.462395
1	121	74	120.711	74.5423	0.614586
1	121	74	121.664	74.3065	0.731299
1	121	74	121.524	74.45	0.691044
1	121	74	121.088	74.9183	0.922436
1	121	74	121.577	74.4251	0.716844
1	121	74	120.728	74.2395	0.362539
1	121	74	120.759	73.8891	0.26519
1	121	74	121.057	74.413	0.416892
1	121	74	121.186	74.3389	0.386568
1	121	74	120.544	74.1076	0.468711
1	121	74	121.178	74.1805	0.253296
1	121	74	121.435	74.3157	0.537166
1	121	74	121.588	74.087	0.594193
1	121	74	121.252	74.7591	0.799729
1	121	74	121.227	74.8553	0.884761
1	121	74	121.2	74.4342	0.478209
1	121	74	121.057	74.1464	0.157043
1	121	74	121.01	74.6524	0.65245
1	121	74	120.737	74.4569	0.527349
1	121	74	120.961	74.0988	0.106258
1	121	74	121.086	74.374	0.383783
1	121	74	121.17	74.9429	0.958072
1	121	74	120.972	74.3057	0.306953
1	121	74	121.475	74.4754	0.672035
1	121	74	121.228	74.3016	0.378165
1	121	74	121.543	74.3907	0.669042
1	121	74	121.2	74.1335	0.240506
1	121	74	120.841	74.6449	0.664315
1	121	74	120.993	74.7653	0.765316
1	121	74	120.616	74.2081	0.436386
1	121	74	121.16	73.857	0.214393
1	121	74	120.765	74.3562	0.426865
1	121	74	120.754	74.4138	0.481601
1	121	74	121.153	74.7854	0.800152
1	121	74	120.644	74.1919	0.404011
1	121	74	121.359	74.5214	0.633267
1	121	74	121.414	74.4127	0.584324
1	121	74	121.191	74.4529	0.491447
1	121	74	120.983	73.939	0.0632731
1	121	74	120.635	74.6546	0.749596
1	121	74	121.094	74.1893	0.211569
1	121	74	121.363	74.068	0.368904
1	121	74	121.356	73.9204	0.364705
1	121	74	121.293	74.4355	0.524798
1	121	74	121.186	73.853	0.236953
1	121	74	121.396	73.9996	0.396147
1	121	74	121.362	74.4466	0.574632
1	121	74	121.239	74.7674	0.803713
1	121	74	121.183	74.7414	0.76371
1	121	74	121.41	74.5505	0.686426
1	121	74	121.229	74.2373	0.329783
1	121	74	120.896	74.6724	0.680424
1	121	74	120.959	74.1383	0.144123
1	121	74	121.305	74.3671	0.477361
1	121	74	121.374	74.0849	0.383639
1	121	74	120.886	74.383	0.399528
1	121	74	121.243	74.693	0.734405
1	121	74	121.314	74.7171	0.783003
1	121	74	120.986	74.538	0.538177
1	121	74	121.314	74.4113	0.517461
1	121	74	121.017	74.5378	0.538091
1	121	74	121.049	73.7168	0.28746
1	121	74	120.51	74.4995	0.699474
1	121	74	120.741	74.5753	0.630921
1	121	74	121.088	74.0126	0.0893499
1	121	74	121.129	74.7041	0.715841
1	121	74	121.18	73.9671	0.182514
1	121	74	121.025	73.9913	0.026422
1	121	74	121.15	74.5487	0.568878
1	121	74	121.138	74.4833	0.502758
1	121	74	121.472	74.1889	0.50796
1	121	74	120.715	74.5773	0.643727
1	121	74	121.223	74.924	0.950643
1	121	74	120.853	74.4908	0.512417
1	121	74	120.603	74.3597	0.535508
1	121	74	121.613	74.1965	0.643756
1	121	74	121.259	73.9782	0.259625
1	121	74	121.623	74.3707	0.724994
1	121	74	121.322	74.3375	0.466231
1	121	74	120.913	73.8865	0.142768
1	121	74	120.813	74.1531	0.241315
1	121	74	121.336	74.3199	0.464127
1	121	74	121.205	74.4086	0.457218
1	121	74	120.601	74.3034	0.501128
1	121	74	121.008	74.8086	0.808659
1	121	74	120.838	74.5057	0.531097
1	121	74	120.786	74.1227	0.246938
1	121	74	121.498	74.2577	0.560485
1	121	74	120.7	74.5256	0.604943
1	121	74	120.546	74.1936	0.493308
1	121	74	121.022	74.514	0.514478
1	121	74	120.481	74.4575	0.691893
1	121	74	120.827	74.1967	0.261782
1	121	74	121.064	74.3209	0.327362
1	121	74	120.658	74.366	0.500775
1	121	74	121.368	74.2771	0.460927
1	121	74	120.936	74.2009	0.210894
1	121	74	121.379	74.7899	0.876091
1	121	74	121.168	74.8422	0.858727
1	121	74	120.814	74.6424	0.668854
1	121	74	121.052	74.4468	0.449815
1	121	74	120.796	74.1862	0.276563
1	121	74	121.321	74.8442	0.903138
1	121	74	121.38	74.0576	0.384416
1	121	74	121.325	74.4962	0.593206
1	121	74	121.283	74.3037	0.414866
1	121	74	120.721	74.3697	0.463247
1	121	74	121.159	74.1927	0.249698
1	121	74	121.423	74.34	0.542878
1	121	74	121.465	74.6363	0.788278
1	121	74	121.557	74.0047	0.556668
1	121	74	121.265	74.4476	0.520334
1	121	74	121.201	73.9927	0.201555
1	121	74	121.018	74.3085	0.308947
1	121	74	120.987	74.6191	0.619254
1	121	74	121.393	74.4287	0.581619
1	121	74	120.603	74.5653	0.690949
1	121	74	121.047	73.6401	0.362871
1	121	74	120.67	74.0597	0.335581
1	121	74	121.268	74.4162	0.495168
1	121	74	121.147	74.0964	0.175492
1	121	74	121.453	74.0342	0.45386
1	121	74	120.964	74.3761	0.377795
1	121	74	120.861	74.7491	0.761826
1	121	74	120.881	74.3587	0.377871
1	121	74	121.554	73.977	0.554313
1	121	74	121.695	74.2338	0.733278
1	121	74	120.792	74.4075	0.457326
1	121	74	120.523	74.4564	0.660131
1	121	74	120.614	74.5416	0.665026
1	121	74	121.115	74.3226	0.342524
1	121	74	120.662	74.3333	0.474371
1	121	74	121.432	74.5783	0.721804
1	121	74	121.293	74.7184	0.775769
1	121	74	121.2	74.1728	0.264221
1	121	74	120.573	74.4332	0.608308
1	121	74	121.271	73.9507	0.275058
1	121	74	120.944	74.7533	0.755336
1	121	74	120.72	74.3592	0.4556
1	121	74	121.196	74.5765	0.608904
1	121	74	120.59	74.3559	0.542627
1	121	74	121.268	74.7598	0.805752
1	121	74	120.466	74.2419	0.586599
1	121	74	120.801	73.7221	0.341615
1	121	74	121.125	74.6394	0.651601
1	121	74	121.603	74.3203	0.682466
1	121	74	121.231	74.3429	0.413397
1	121	74	120.9	74.1854	0.210761
1	121	74	121.081	74.2067	0.221993
1	121	74	120.759	74.5921	0.639334
1	121	74	120.749	74.1106	0.27447
1	121	74	121.288	73.9634	0.290337
1	121	74	120.815	74.2736	0.330343
1	121	74	121.002	74.2588	0.258791
1	121	74	121.417	74.694	0.809577
1	121	74	120.833	74.5497	0.574557
1	121	74	120.738	74.6457	0.696706
1	121	74	120.81	74.4457	0.48466
1	121	74	121.408	73.8423	0.437081
1	121	74	121.596	74.0253	0.596587
1	121	74	121.092	74.7167	0.722521
1	121	74	120.839	73.9208	0.179653
1	121	74	120.528	74.4442	0.648481
1	121	74	121.09	73.7518	0.264134
1	121	74	121.279	74.5229	0.592565
1	121	74	121.203	74.4743	0.515743
1	121	74	121.102	74.5482	0.557623
1	121	74	121.328	74.795	0.859818
1	121	74	120.566	74.3156	0.536559
1	121	74	120.85	74.5645	0.584007
1	121	74	121.031	74.3752	0.376451
1	121	74	121.199	74.779	0.803887
1	121	74	121.081	74.6698	0.674751
1	121	74	121.247	73.8541	0.287059
1	121	74	120.634	74.2858	0.464627
1	121	74	120.965	73.8404	0.163387
1	121	74	121.137	74.5532	0.569972
1	121	74	121.566	74.2802	0.631445
1	121	74	121.674	74.229	0.711549
1	121	74	120.68	74.3595	0.481383
1	121	74	121.07	73.9124	0.112069
1	121	74	121.411	74.6303	0.752339
1	121	74	120.896	74.6241	0.632685
1	121	74	120.865	74.2436	0.278467
1	121	74	120.938	73.8437	0.168107
1	121	74	121.281	74.3691	0.464043
1	121	74	120.824	74.7496	0.769951
1	121	74	121.266	74.943	0.979827
1	121	74	121.516	73.9876	0.516218
1	121	74	121.139	74.4672	0.487415
1	121	74	121.123	74.416	0.433698
1	121	74	120.999	74.0728	0.0728448
1	121	74	121.056	74.1479	0.158242
1	121	74	121.391	74.1317	0.412408
1	121	74	120.675	74.7037	0.775125
1	121	74	121.016	74.1509	0.151756
1	121	74	120.598	74.3107	0.508363
1	121	74	121.242	74.5492	0.599944
1	121	74	120.813	74.3286	0.37813
1	121	74	121.004	74.3518	0.35182
1	121	74	120.646	74.5649	0.666383
1	121	74	121.508	74.4814	0.69981
1	121	74	120.527	74.1724	0.503591
1	121	74	121.147	74.3634	0.391861
1	121	74	120.56	74.5058	0.670036
1	121	74	120.392	74.4616	0.76308
1	121	74	120.862	74.0672	0.153869
1	121	74	121.178	74.2668	0.320493
1	121	74	121.018	74.7643	0.764549
1	121	74	121.046	74.1393	0.146726
1	121	74	121.386	73.8808	0.404261
1	121	74	121.132	74.8139	0.824593
1	121	74	120.775	74.5418	0.5865
1	121	74	120.66	74.6077	0.69637
1	121	74	121.15	73.9532	0.15746
1	121	74	121.253	74.8281	0.865786
1	121	74	121.154	74.0609	0.165154
1	121	74	120.534	74.3676	0.593809
1	121	74	120.797	74.3734	0.424823
1	121	74	120.746	74.3349	0.420504
1	121	74	121.416	74.2057	0.464142
1	121	74	120.81	74.1892	0.267916
1	121	74	120.878	73.7905	0.242592
1	121	74	120.791	74.6847	0.715853
1	121	74	121.474	74.1133	0.487391
1	121	74	121.464	74.3654	0.59054
1	121	74	121.012	74.5471	0.547199
1	121	74	121.687	74.2692	0.738274
1	121	74	120.627	74.0112	0.373426
1	121	74	120.896	74.7008	0.708525
1	121	74	121.257	74.5402	0.598403
1	121	74	121.623	74.3185	0.699933
1	121	74	120.909	74.3896	0.400018
1	121	74	121.038	74.5389	0.540245
1	121	74	121.382	74.4473	0.587926
1	121	74	120.967	74.2473	0.249558
1	121	74	121.269	74.146	0.306471
1	121	74	121.455	74.1695	0.485932
1	121	74	121.043	74.7165	0.717827
1	121	74	121.116	74.8006	0.808881
1	121	74	121.424	74.6423	0.769554
1	121	74	121.335	74.9051	0.96514
1	121	74	120.305	74.3617	0.783729
1	121	74	121.049	74.3296	0.333245
1	121	74	120.818	74.0771	0.197549
1	121	74	121.245	74.9577	0.988584
1	121	74	120.787	73.9407	0.22082
1	121	74	121.043	74.3217	0.324669
1	121	74	121.415	74.095	0.425828
1	121	74	121.35	74.6332	0.723645
1	121	74	121.036	74.3214	0.323352
1	121	74	121.365	74.667	0.760136
1	121	74	120.855	74.6238	0.640507
1	121	74	121.339	74.7425	0.816365
1	121	74	121.539	74.1384	0.556297
1	121	74	121.034	74.0263	0.0432517
1	121	74	121.133	73.8983	0.167154
1	121	74	121.349	74.0256	0.350149
1	121	74	121.068	74.3292	0.336274
1	121	74	121.134	74.1974	0.238808
1	121	74	121.019	73.9083	0.093579
1	121	74	121.298	74.2543	0.391737
1	121	74	120.933	74.3674	0.373544
1	121	74	121.237	74.6363	0.679144
1	121	74	121.358	74.289	0.460263
1	121	74	121.23	73.8337	0.284213
1	121	74	121.333	74.8787	0.939788
1	121	74	120.757	74.1377	0.279507
1	121	74	121.436	74.2113	0.484166
1	121	74	121.162	74.2092	0.264618
1	121	74	121.208	74.0231	0.209053
1	121	74	121.382	74.2532	0.458233
1	121	74	121.366	73.9582	0.368085
1	121	74	121.192	74.01	0.192596
1	121	74	121.285	74.4153	0.503808
1	121	74	120.708	74.3546	0.45922
1	121	74	121.116	74.2087	0.238997
1	121	74	120.548	74.3389	0.564615
1	121	74	120.815	74.4566	0.492605
1	121	74	120.831	74.3384	0.37805
1	121	74	121.287	74.434	0.520287
1	121	74	120.396	74.4454	0.750092
1	121	74	121.137	74.7773	0.789318
1	121	74	120.873	74.3499	0.372399
1	121	74	120.618	74.3945	0.549207
1	121	74	120.642	74.642	0.735093
1	121	74	121.182	74.5386	0.568496
1	121	74	121.009	74.1937	0.193911
1	121	74	121.214	73.9026	0.235235
1	121	74	120.938	74.4156	0.420158
1	121	74	120.935	74.8531	0.855557
1	121	74	121.117	74.3767	0.394475
1	121	74	120.626	74.1251	0.394089
1	121	74	121.15	74.8516	0.864795
1	121	74	120.611	74.2587	0.466792
1	121	74	121.041	73.6724	0.330245
1	121	74	120.604	74.4373	0.590273
1	121	74	120.982	73.994	0.0188985
1	121	74	121.186	74.2552	0.315727
1	121	74	120.575	74.287	0.512666
1	121	74	121.037	74.1112	0.1172
1	121	74	121.545	74.5189	0.752545
1	121	74	120.794	74.455	0.499365
1	121	74	120.811	74.1513	0.24215
1	121	74	121.18	73.7478	0.309916
1	121	74	121.25	74.5625	0.615419
1	121	74	121.017	74.0904	0.0919642
1	121	74	121.187	73.8704	0.227608
1	121	74	121.495	74.0478	0.497136
1	121	74	121.077	74.6689	0.673296
1	121	74	121.015	74.2869	0.287261
1	121	74	121.388	74.7064	0.806092
1	121	74	121.221	74.0542	0.227132
1	121	74	121.583	74.3545	0.682082
1	121	74	120.863	74.4053	0.427888
1	121	74	121.515	74.1627	0.540557
1	121	74	120.999	74.6911	0.691143
1	121	74	120.906	74.4752	0.484394
1	121	74	121.343	74.2091	0.401305
1	121	74	121.459	74.2745	0.534839
1	121	74	120.86	74.3305	0.358766
1	121	74	121.13	74.9859	0.994412
1	121	74	121.305	74.0471	0.308923
1	121	74	120.711	74.2115	0.35839
1	121	74	120.733	74.0537	0.272384
1	121	74	120.868	74.5849	0.599512
1	121	74	120.475	74.4074	0.664251
1	121	74	121.077	74.5387	0.544236
1	121	74	120.991	73.8592	0.14112
1	121	74	120.601	74.5776	0.701901
1	121	74	121.567	74.4011	0.694211
1	121	74	121.351	74.8633	0.931721
1	121	74	120.947	74.0258	0.0592207
1	121	74	121.305	74.1083	0.32382
1	121	74	120.931	74.2582	0.267261
1	121	74	121.105	74.0611	0.121127
1	121	74	121.263	74.1997	0.330246
1	121	74	121.267	74.4621	0.533521
1	121	74	121.109	73.8485	0.186864
1	121	74	120.838	74.0509	0.170219
1	121	74	120.896	73.9555	0.11285
1	121	74	120.83	74.3669	0.40428
1	121	74	120.693	74.4799	0.569762
1	121	74	121.104	74.4376	0.449835
1	121	74	121.022	74.3128	0.313581
1	121	74	120.986	74.5607	0.560905
1	121	74	120.869	74.0222	0.132398
1	121	74	121.163	74.8365	0.852183
1	121	74	121.522	74.4007	0.658008
1	121	74	121.126	74.567	0.580821
1	121	74	121.537	74.5417	0.763091
1	121	74	120.751	74.4045	0.475025
1	121	74	120.985	74.5006	0.500804
1	121	74	121.616	74.3598	0.713291
1	121	74	121.203	74.6849	0.714399
1	121	74	120.929	74.1048	0.126407
1	121	74	120.775	74.4398	0.494116
1	121	74	121.302	74.6615	0.727005
1	121	74	121.168	74.5962	0.619397
1	121	74	120.662	74.0964	0.351035
1	121	74	121.084	74.1139	0.141615
1	121	74	121.615	74.2352	0.658719
1	121	74	120.887	74.0349	0.117893
1	121	74	120.724	74.5735	0.636538
1	121	74	121.075	74.2988	0.307988
1	121	74	121.12	74.4241	0.440894
1	121	74	121.23	73.7919	0.310494
1	121	74	121.271	74.6429	0.697841
1	121	74	120.626	74.2555	0.452761
1	121	74	121.161	74.7134	0.731272
1	121	74	121.064	74.1647	0.176759
1	121	74	120.533	74.1969	0.506845
1	121	74	121.534	74.0467	0.535722
1	121	74	121.025	74.3722	0.373038
1	121	74	120.863	73.824	0.223082
1	121	74	120.765	74.3342	0.40856
1	121	74	120.978	74.6272	0.627558
1	121	74	121.089	74.702	0.707714
1	121	74	121.289	74.4174	0.507748
1	121	74	120.865	73.9215	0.156535
1	121	74	120.782	74.6478	0.683611
1	121	74	121.491	74.3132	0.582648
1	121	74	121.199	74.152	0.250109
1	121	74	121.443	74.5612	0.715258
1	121	74	120.925	74.0489	0.0897341
1	121	74	121.516	74.5327	0.74183
1	121	74	120.76	74.3034	0.387145
1	121	74	121.501	74.3384	0.604453
1	121	74	121.057	73.7387	0.267512
1	121	74	121.231	74.6624	0.701457
1	121	74	121.481	74.3944	0.621822
1	121	74	121.528	74.3031	0.608741
1	121	74	121.45	74.3958	0.599535
1	121	74	121.284	74.1729	0.33216
1	121	74	120.888	74.5363	0.547832
1	121	74	122.045	76.2912	2.51825
1	121	74	120.804	74.6603	0.688832
1	121	74	120.752	73.941	0.255196
1	121	74	120.935	74.1986	0.208927
1	121	74	121.016	73.8243	0.176468
1	121	74	121.449	74.2987	0.538968
1	121	74	120.423	74.5585	0.803025
1	121	74	121.565	74.119	0.577626
1	121	74	121.093	74.6288	0.635606
1	121	74	121.28	74.3192	0.424331
1	121	74	121.426	74.4442	0.615233
1	121	74	121.431	74.4551	0.62713
1	121	74	121.1	74.2625	0.280965
1	121	74	121.297	73.8983	0.314055
1	121	74	121.103	74.7684	0.775329
1	121	74	120.939	74.0183	0.0633721
1	121	74	120.574	74.0805	0.433071
1	121	74	121.217	74.5812	0.620245
1	121	74	121.096	74.7653	0.771312
1	121	74	120.635	74.2522	0.444046
1	121	74	121.556	74.2441	0.607472
1	121	74	121.556	74.2917	0.627926
1	121	74	120.799	74.4098	0.456411
1	121	74	120.742	74.1553	0.301081
1	121	74	121.308	73.9113	0.320446
1	121	74	121.46	74.2012	0.502289
1	121	74	121.241	74.287	0.375118
1	121	74	120.894	73.9879	0.106421
1	121	74	120.938	74.8338	0.836103
1	121	74	120.464	74.4402	0.693751
1	121	74	120.661	74.4699	0.579442
1	121	74	120.978	74.0468	0.0516164
1	121	74	120.662	74.2175	0.401549
1	121	74	120.728	74.0448	0.27524
1	121	74	121.078	73.729	0.281875
1	121	74	121.197	74.4881	0.526405
1	121	74	120.7	74.5864	0.658498
1	121	74	120.861	74.3384	0.365668
1	121	74	120.835	74.2447	0.294858
1	121	74	120.92	74.1148	0.139792
1	121	74	121.167	74.9259	0.940884
1	121	74	120.759	74.1599	0.288933
1	121	74	121.128	74.4493	0.467142
1	121	74	121.333	74.5479	0.641047
1	121	74	120.708	74.4753	0.557887
1	121	74	120.996	74.3709	0.370932
1	121	74	121.013	73.8461	0.154464
1	121	74	121.245	74.2308	0.336788
1	121	74	121.094	74.0139	0.0945744
1	121	74	120.935	74.4303	0.435133
1	121	74	121.749	74.1445	0.762897
1	121	74	120.661	74.4026	0.526121
1	121	74	121.402	73.9521	0.405161
1	121	74	121.148	74.4854	0.507301
1	121	74	121.79	74.1886	0.812198
1	121	74	120.89	74.0655	0.127823
1	121	74	121	74.1087	0.108673
1	121	74	121.396	74.7397	0.839102
1	121	74	120.859	73.6829	0.346952
1	121	74	120.944	74.6401	0.642577
1	121	74	121.021	73.6491	0.351547
1	121	74	120.811	73.9525	0.195342
1	121	74	120.903	74.7578	0.763912
1	121	74	121.34	74.7832	0.853745
1	121	74	121.599	74.1687	0.621848
1	121	74	120.7	74.1331	0.328561
1	121	74	121.242	74.5023	0.557325
1	121	74	121.223	74.2274	0.318531
1	121	74	121.348	74.3884	0.521816
1	121	74	120.892	74.6476	0.656567
1	121	74	121.146	74.8613	0.873623
1	121	74	121.726	74.1501	0.74121
1	121	74	120.578	74.0927	0.431747
1	121	74	121.15	74.5111	0.532548
1	121	74	121.744	74.1935	0.768781
1	121	74	120.626	74.2794	0.467032
1	121	74	121.349	74.6227	0.71378
1	121	74	120.615	74.4689	0.606577
1	121	74	120.905	73.9113	0.129957
1	121	74	121.054	74.2115	0.218341
1	121	74	120.97	74.0791	0.0845653
1	121	74	121.034	74.409	0.410407
1	121	74	120.916	74.2944	0.30622
1	121	74	121.521	74.063	0.525125
1	121	74	120.894	74.5853	0.594847
1	121	74	121.301	74.4314	0.526083
1	121	74	120.481	74.311	0.605419
1	121	74	121.387	73.9509	0.39
1	121	74	121.314	74.8177	0.876047
1	121	74	121.634	74.2395	0.677811
1	121	74	120.996	74.1911	0.191185
1	121	74	120.985	74.0327	0.0357952
1	121	74	121.187	74.9237	0.942386
1	121	74	121.097	74.106	0.143553
1	121	74	121.308	74.8242	0.879741
1	121	74	120.717	74.3993	0.48959
1	121	74	121.633	74.3335	0.715518
1	121	74	121.475	74.2867	0.55451
1	121	74	121.466	74.4659	0.659077
1	121	74	120.807	74.2012	0.278586
1	121	74	120.441	74.3503	0.659806
1	121	74	121.114	74.722	0.730915
1	121	74	121.758	74.1072	0.765876
1	121	74	120.886	74.5995	0.610194
1	121	74	121.053	74.8916	0.893133
1	121	74	121.252	74.594	0.645144
1	121	74	121.306	74.013	0.306594
1	121	74	120.873	74.6025	0.615782
1	121	74	121.19	74.0489	0.196575
1	121	74	120.949	73.8324	0.175137
1	121	74	121.033	73.9643	0.0486812
1	121	74	121.279	74.5558	0.621976
1	121	74	121.385	74.8154	0.901489
1	121	74	121.283	74.5909	0.655288
1	121	74	121.535	73.9907	0.535455
1	121	74	121.031	74.6302	0.630961
1	121	74	121.322	73.9192	0.332325
1	121	74	121	74.1803	0.180308
1	121	74	121.05	74.283	0.2873
1	121	74	121.297	74.1686	0.341747
1	121	74	121.271	73.9356	0.278799
1	121	74	120.592	74.4338	0.595458
1	121	74	121.386	74.3919	0.550356
1	121	74	121.318	74.2104	0.381666
1	121	74	121.028	74.2441	0.245681
1	121	74	120.848	74.1825	0.237559
1	121	74	120.797	74.5659	0.601202
1	121	74	120.771	74.3555	0.422736
1	121	74	121.175	74.6422	0.665735
1	121	74	121.67	74.2443	0.712757
1	121	74	120.793	74.1452	0.252652
1	121	74	121.026	73.7632	0.238232
1	121	74	121.002	73.953	0.0470988
1	121	74	120.821	74.1394	0.226742
1	121	74	121.107	74.9207	0.926896
1	121	74	120.824	73.7808	0.281151
1	121	74	121.051	74.2863	0.290693
1	121	74	121.428	74.5415	0.689989
1	121	74	120.595	74.1123	0.420074
1	121	74	121.524	74.2977	0.60261
1	121	74	121.172	74.6072	0.631084
1	121	74	120.853	73.9843	0.148059
1	121	74	121.088	74.8289	0.833493
1	121	74	121.064	74.3918	0.39689
1	121	74	120.497	74.5814	0.769009
1	121	74	120.84	74.4799	0.505766
1	121	74	121.278	74.834	0.878966
1	121	74	121.154	74.4251	0.451964
1	121	74	120.922	74.6594	0.664015
1	121	74	121.577	74.1804	0.604649
1	121	74	120.791	74.1146	0.238569
1	121	74	121.352	74.4293	0.554862
1	121	74	121.381	74.323	0.499824
1	121	74	120.801	74.2129	0.291234
1	121	74	120.519	74.547	0.728745
1	121	74	120.761	73.8829	0.265759
1	121	74	120.854	74.6185	0.635471
1	121	74	120.688	74.0569	0.317375
1	121	74	120.359	74.3921	0.751724
1	121	74	120.96	74.779	0.780017
1	121	74	121.583	74.397	0.70499
1	121	74	121.307	74.3781	0.48729
1	121	74	120.633	74.5478	0.659542
1	121	74	121.109	74.1794	0.209687
1	121	74	121.499	74.5985	0.779149
1	121	74	120.857	74.4996	0.519656
1	121	74	121.03	74.2923	0.293779
1	121	74	121.165	74.0416	0.169736
1	121	74	121.11	74.2979	0.317513
1	121	74	120.909	74.4121	0.422077
1	121	74	120.474	74.2492	0.581688
1	121	74	120.899	74.4643	0.475032
1	121	74	121.1	73.7837	0.238288
1	121	74	121.399	74.4712	0.617237
1	121	74	121.331	74.8059	0.871131
1	121	74	121.32	74.5599	0.64489
1	121	74	120.829	74.2244	0.281867
1	121	74	120.973	74.0227	0.0352196
1	121	74	120.924	74.2347	0.246759
1	121	74	120.632	74.3884	0.535192
1	121	74	121.301	74.853	0.904565
1	121	74	120.666	74.5404	0.635389
1	121	74	121.442	74.1722	0.474768
1	121	74	121.217	74.5343	0.576843
1	121	74	121.609	74.013	0.609563
1	121	74	121.316	74.1455	0.347751
1	121	74	121.675	74.214	0.708223
1	121	74	121.408	74.7477	0.851654
1	121	74	121.589	74.433	0.731021
1	121	74	121.321	73.9678	0.322571
1	121	74	120.684	74.429	0.532591
1	121	74	121.301	74.6716	0.735853
1	121	74	121.262	74.3093	0.405334
1	121	74	120.503	74.3234	0.592876
1	121	74	121.114	74.5613	0.572856
1	121	74	121.595	74.221	0.634347
1	121	74	121.035	74.3292	0.331088
1	121	74	121.334	74.6556	0.735605
1	121	74	121.063	74.8858	0.887995
1	121	74	121.271	74.0767	0.281578
1	121	74	120.899	74.4821	0.492564
1	121	74	121.27	73.9745	0.271189
1	121	74	120.871	74.1038	0.165278
1	121	74	121.086	73.8758	0.150959
1	121	74	121.15	74.6848	0.700897
1	121	74	120.802	74.4278	0.471304
1	121	74	120.832	73.8883	0.202048
1	121	74	121.132	74.8721	0.881933
1	121	74	120.912	74.361	0.371425
1	121	74	120.775	74.2325	0.323644
1	121	74	121.527	74.4176	0.6722
1	121	74	121.282	74.7034	0.757801
1	121	74	121.398	73.9143	0.406846
1	121	74	121.554	74.5634	0.789915
1	121	74	121.234	74.4123	0.473849
1	121	74	121.544	74.229	0.590665
1	121	74	122.041	74.8283	1.33021
1	121	74	120.922	74.3449	0.353598
1	121	74	121.11	74.4963	0.508318
1	121	74	120.767	74.0695	0.243141
1	121	74	121.289	74.0244	0.290392
1	121	74	120.819	74.7905	0.811054
1	121	74	121.229	74.8801	0.909342
1	121	74	121.039	73.8983	0.10882
1	121	74	120.748	74.0524	0.257423
1	121	74	121.09	74.5331	0.54071
1	121	74	120.744	73.8612	0.291118
1	121	74	121.029	74.5334	0.534186
1	121	74	121.31	74.6865	0.753351
1	121	74	121.464	74.0943	0.473091
1	121	74	121.435	74.338	0.550695
1	121	74	121.141	73.8335	0.218156
1	121	74	121.058	74.8591	0.861028
1	121	74	121.081	73.7803	0.234373
1	121	74	120.752	74.4279	0.494531
1	121	74	121.232	73.8175	0.295449
1	121	74	121.09	73.9402	0.10772
1	121	74	121.075	74.503	0.508497
1	121	74	120.718	74.4307	0.514814
1	121	74	120.376	74.4051	0.7436
1	121	74	121.491	74.4498	0.666085
1	121	74	121.666	74.3051	0.732251
1	121	74	121.372	74.3565	0.515405
1	121	74	120.972	74.0641	0.070035
1	121	74	121.32	74.0906	0.332182
1	121	74	121.128	74.4401	0.458403
1	121	74	121.277	74.8095	0.855462
1	121	74	120.841	74.1212	0.199762
1	121	74	121.187	74.3297	0.379123
1	121	74	120.984	74.8289	0.829
1	121	74	121.142	74.1689	0.22034
1	121	74	121.046	74.3891	0.391779
1	121	74	120.918	74.573	0.578801
1	121	74	120.502	74.3581	0.613615
1	121	74	121.48	74.2147	0.525957
1	121	74	121.251	74.6711	0.716635
1	121	74	120.666	73.948	0.338191
1	121	74	120.722	74.2587	0.380033
1	121	74	121.096	74.1286	0.160507
1	121	74	121.374	74.5295	0.648448
1	121	74	121.285	74.1369	0.315904
1	121	74	120.65	74.2247	0.416017
1	121	74	121.043	74.6286	0.630065
1	121	74	120.889	73.7857	0.241516
1	121	74	121.024	74.1631	0.164833
1	121	74	121.336	74.43	0.545505
1	121	74	121.078	74.8166	0.820342
1	121	74	120.564	74.255	0.504856
1	121	74	121.073	74.644	0.648103
1	121	74	121.24	74.5772	0.625059
1	121	74	121.708	74.1628	0.726103
1	121	74	120.961	74.4115	0.413364
1	121	74	100.597	83.2616	22.4067
1	121	74	120.868	74.774	0.785126
1	121	74	120.527	74.1568	0.498379
1	121	74	121.166	74.564	0.587814
1	121	74	120.678	74.042	0.324454
1	121	74	120.747	74.5811	0.633881
1	121	74	121.359	74.6152	0.712224
1	121	74	121.474	74.2153	0.520414
1	121	74	121.065	74.3391	0.345281
1	121	74	120.88	74.3125	0.334937
1	121	74	120.812	74.3894	0.432333
1	121	74	121.198	75.021	1.03999
1	121	74	121.077	74.0937	0.121053
1	121	74	120.925	74.2452	0.256255
1	121	74	121.083	74.3655	0.374894
1	121	74	120.892	74.6412	0.650217
1	121	74	120.702	74.5122	0.592777
1	121	74	121.341	74.6385	0.723646
1	121	74	120.956	74.538	0.539844
1	121	74	120.995	74.527	0.526999
1	121	74	121.161	74.5572	0.579866
1	121	74	121.106	74.6526	0.661214
1	121	74	121.35	74.289	0.453542
1	121	74	121.077	74.9469	0.949997
1	121	74	121.15	74.6913	0.707444
1	121	74	120.509	74.4526	0.667572
1	121	74	120.985	74.8238	0.823909
1	121	74	120.93	74.4145	0.420406
1	121	74	121.535	74.3863	0.659518
1	121	74	121.075	74.6675	0.67172
1	121	74	121.142	74.2886	0.321766
1	121	74	120.951	73.8745	0.134808
1	121	74	120.473	74.3917	0.656971
1	121	74	120.569	74.2488	0.497875
1	121	74	120.713	74.0395	0.289434
1	121	74	120.944	73.98	0.0599122
1	121	74	120.812	74.3845	0.427848
1	121	74	121.349	74.164	0.385517
1	121	74	120.845	74.7539	0.769591
1	121	74	121.105	74.0387	0.111675
1	121	74	121.513	74.1982	0.549747
1	121	74	120.876	74.6397	0.651551
1	121	74	120.64	74.4461	0.573298
1	121	74	120.858	74.5034	0.523056
1	121	74	121.345	74.2906	0.451207
1	121	74	121.262	73.7753	0.345453
1	121	74	121.413	73.9504	0.415601
1	121	74	121.724	74.0355	0.724991
1	121	74	120.907	74.6851	0.691289
1	121	74	121.198	74.639	0.668849
1	121	74	121.16	74.4121	0.442066
1	121	74	121.268	74.7018	0.751353
1	121	74	121.068	74.666	0.669511
1	121	74	121.507	74.2035	0.546239
1	121	74	121.125	74.2542	0.283215
1	121	74	120.979	73.9695	0.0371635
1	121	74	120.679	74.6211	0.699031
1	121	74	121.073	74.4399	0.445851
1	121	74	120.854	74.5782	0.596359
1	121	74	120.78	74.5782	0.618688
1	121	74	121.409	74.7636	0.865995
1	121	74	121.1	73.9066	0.136896
1	121	74	121.564	74.2599	0.620758
1	121	74	120.58	74.5371	0.681535
1	121	74	121.16	73.9031	0.187155
1	121	74	120.97	74.1356	0.138915
1	121	74	120.983	74.138	0.139035
1	121	74	120.795	74.3314	0.389523
1	121	74	120.884	74.331	0.35075
1	121	74	120.707	74.5172	0.594548
1	121	74	120.961	74.4344	0.436128
1	121	74	121.154	74.6973	0.714099
1	121	74	121.479	74.5931	0.762566
1	121	74	121.011	74.3647	0.364863
1	121	74	120.59	74.4549	0.612714
1	121	74	121.054	73.6723	0.332087
1	121	74	120.677	74.3905	0.506736
1	121	74	121.146	74.4978	0.518827
1	121	74	121.303	74.0421	0.305489
1	121	74	120.938	74.7097	0.712459
1	121	74	120.772	74.4948	0.5449
1	121	74	120.904	74.4481	0.458364
1	121	74	121.469	74.1837	0.50368
1	121	74	120.849	73.8656	0.20243
1	121	74	121.015	73.7093	0.291039
