1	121	74	121.052	74.2311	0.236825
1	121	74	104.379	88.6486	22.1551
1	121	74	120.542	74.5341	0.70358
1	121	74	120.935	74.073	0.0978542
1	121	74	121.557	74.5222	0.763596
1	121	74	121.298	73.8677	0.325963
1	121	74	121.431	74.3669	0.565907
1	121	74	121.278	74.733	0.783771
1	121	74	120.966	74.8224	0.823083
1	121	74	120.935	74.436	0.440884
1	121	74	121.445	74.2382	0.504965
1	121	74	121.063	74.0908	0.110514
1	121	74	120.837	73.8559	0.217518
1	121	74	120.817	74.7049	0.728327
1	121	74	120.941	73.7775	0.230163
1	121	74	121.016	74.0197	0.0255596
1	121	74	120.824	74.5007	0.530785
1	121	74	120.776	73.9509	0.229227
1	121	74	121.081	74.3164	0.326671
1	121	74	120.725	74.4426	0.520884
1	121	74	120.876	74.5288	0.543246
1	121	74	121.154	73.9701	0.15659
1	121	74	120.934	74.4541	0.458866
1	121	74	121.061	73.7045	0.301691
1	121	74	120.68	73.9309	0.327511
1	121	74	121.703	74.1218	0.71346
1	121	74	121.01	74.2486	0.248789
1	121	74	121.554	74.2685	0.615697
1	121	74	121.107	74.136	0.173234
1	121	74	120.687	74.1477	0.346484
1	121	74	120.834	74.4979	0.524929
1	121	74	121.078	74.7439	0.748043
1	121	74	121.38	73.9378	0.384561
1	121	74	120.84	74.7466	0.763604
1	121	74	121.221	74.0266	0.222947
1	121	74	120.826	74.52	0.548348
1	121	74	121.291	74.0781	0.301
1	121	74	121.47	74.7041	0.846263
1	121	74	121.228	74.3275	0.398985
1	121	74	121.426	74.4702	0.634201
1	121	74	121.318	74.4795	0.575075
1	121	74	121.136	74.4491	0.469174
1	121	74	121.109	73.9061	0.144144
1	121	74	120.463	74.4581	0.705999
1	121	74	121.305	74.7525	0.812022
1	121	74	121.356	74.2428	0.431218
1	121	74	120.937	74.2963	0.302963
1	121	74	121.365	74.1669	0.401374
1	121	74	121.781	74.2294	0.813715
1	121	74	121.578	74.4084	0.707887
1	121	74	120.856	74.7713	0.784675
1	121	74	120.791	74.1974	0.287583
1	121	74	121.322	74.6445	0.720509
1	121	74	120.687	74.0773	0.322514
1	121	74	121.151	74.5392	0.559878
1	121	74	121.066	74.4767	0.481166
1	121	74	121.228	74.791	0.823286
1	121	74	121.236	73.8566	0.276066
1	121	74	120.929	73.5884	0.417697
1	121	74	120.591	74.2664	0.488416
1	121	74	121.287	74.1517	0.324235
1	121	74	121.279	73.8976	0.297673
1	121	74	121.364	74.1573	0.39659
1	121	74	120.751	74.1592	0.295856
1	121	74	120.505	74.4562	0.672898
1	121	74	121.5	74.5635	0.753385
1	121	74	120.964	73.6583	0.343581
1	121	74	121.247	74.098	0.265724
1	121	74	121.368	74.2075	0.422407
1	121	74	121.1	73.8015	0.222485
1	121	74	121.368	74.7593	0.843905
1	121	74	121.266	74.4855	0.553581
1	121	74	120.684	74.5716	0.653041
1	121	74	121.079	74.3226	0.331981
1	121	74	120.716	74.2008	0.347789
1	121	74	121.061	73.8508	0.161012
1	121	74	121.451	74.3325	0.560686
1	121	74	121.113	74.3302	0.349074
1	121	74	121.327	74.0282	0.327749
1	121	74	120.894	74.1456	0.18034
1	121	74	121.196	74.1896	0.272879
1	121	74	121.094	74.1157	0.149168
1	121	74	120.708	74.6662	0.727385
1	121	74	120.864	73.9535	0.143944
1	121	74	121.304	74.3153	0.437933
1	121	74	121.106	74.0202	0.107455
1	121	74	121.338	74.6529	0.735344
1	121	74	120.953	73.8495	0.157538
1	121	74	120.79	74.3163	0.379681
1	121	74	121.055	74.6851	0.687375
1	121	74	120.473	74.3352	0.624416
1	121	74	121.116	74.3306	0.350249
1	121	74	120.609	74.5154	0.64712
1	121	74	121.212	74.2639	0.33826
1	121	74	120.98	74.3735	0.374077
1	121	74	121.017	74.6122	0.612421
1	121	74	120.999	73.7398	0.260207
1	121	74	121.72	74.2456	0.760466
1	121	74	120.834	74.2471	0.297658
1	121	74	120.598	74.2673	0.482505
1	121	74	121.144	73.9727	0.146508
1	121	74	120.674	74.744	0.812161
1	121	74	121.214	74.5203	0.56262
1	121	74	120.984	74.8751	0.875209
1	121	74	120.726	74.3683	0.45882
1	121	74	120.776	74.2938	0.369396
1	121	74	120.977	73.8555	0.146347
1	121	74	121.099	74.569	0.577549
1	121	74	120.777	74.4395	0.492973
1	121	74	120.774	73.8109	0.294521
1	121	74	121.418	74.0747	0.42443
1	121	74	121.196	74.6057	0.636469
1	121	74	121.193	73.8468	0.246582
1	121	74	120.715	73.9599	0.287613
1	121	74	121.521	74.2139	0.562943
1	121	74	121.069	74.4475	0.452852
1	121	74	121.592	74.0369	0.593585
1	121	74	121.042	74.0078	0.0431431
1	121	74	120.812	74.6101	0.638267
1	121	74	120.959	74.48	0.481763
1	121	74	121.206	73.872	0.242765
1	121	74	120.964	73.9814	0.0405222
1	121	74	121.18	74.1105	0.211512
1	121	74	121.4	74.2484	0.471117
1	121	74	121.013	74.4861	0.486263
1	121	74	120.722	74.4436	0.523638
1	121	74	120.839	74.3241	0.361705
1	121	74	121.107	74.0879	0.138217
1	121	74	121.428	74.1598	0.456435
1	121	74	121.411	74.0393	0.413215
1	121	74	121.317	74.1003	0.332442
1	121	74	120.896	74.304	0.321159
1	121	74	120.909	74.5326	0.540417
1	121	74	121.124	74.3685	0.388693
1	121	74	121.333	74.2226	0.400925
1	121	74	120.645	74.6327	0.725585
1	121	74	120.745	74.0925	0.271601
1	121	74	120.755	74.2087	0.322217
1	121	74	120.953	74.4682	0.470517
1	121	74	120.703	74.6844	0.746216
1	121	74	120.915	74.0294	0.0899323
1	121	74	120.862	73.7452	0.28992
1	121	74	121.033	73.9871	0.0352357
1	121	74	121.4	74.3308	0.519122
1	121	74	121.101	74.0085	0.101051
1	121	74	100.542	97.4383	31.1109
1	121	74	121.139	74.4296	0.451468
1	121	74	121.074	74.3519	0.359547
1	121	74	121.084	74.5955	0.601453
1	121	74	120.622	74.1038	0.3918
1	121	74	104.922	90.8315	23.2764
1	121	74	121.081	74.1647	0.18345
1	121	74	121.071	74.3401	0.347363
1	121	74	121.529	74.0236	0.529622
1	121	74	121.006	74.5236	0.523606
1	121	74	121.243	74.6119	0.658383
1	121	74	121.668	74.3142	0.738506
1	121	74	121.038	74.5812	0.582421
1	121	74	120.84	74.3235	0.360914
1	121	74	120.987	74.5318	0.53193
1	121	74	120.896	74.5938	0.602889
1	121	74	121.412	74.4938	0.642814
1	121	74	121.103	74.5437	0.55344
1	121	74	121.591	74.3657	0.695141
1	121	74	120.648	74.3369	0.487381
1	121	74	121.14	74.6557	0.670562
1	121	74	120.997	74.5846	0.584571
1	121	74	121.427	74.4488	0.619683
1	121	74	121.148	74.1601	0.217826
1	121	74	120.837	74.2041	0.261116
1	121	74	120.588	74.0556	0.415358
1	121	74	121.378	74.2016	0.428661
1	121	74	121.265	74.5942	0.650459
1	121	74	120.768	74.2689	0.354987
1	121	74	121.24	74.0157	0.240141
1	121	74	121.124	73.6594	0.362383
1	121	74	121.054	74.752	0.753888
1	121	74	120.687	74.7014	0.76797
1	121	74	120.644	74.2379	0.428028
1	121	74	120.94	73.743	0.263896
1	121	74	120.794	74.2263	0.305949
1	121	74	120.69	74.3545	0.470941
1	121	74	121.036	73.946	0.0647602
1	121	74	121.203	74.5874	0.62143
1	121	74	120.456	74.3179	0.630198
1	121	74	120.726	74.2135	0.347385
1	121	74	121.382	74.5607	0.678768
1	121	74	121.133	73.8838	0.176592
1	121	74	120.939	73.8951	0.121158
1	121	74	120.736	74.3211	0.415587
1	121	74	120.865	74.3392	0.365047
1	121	74	121.362	74.6381	0.733512
1	121	74	121.081	74.435	0.44244
1	121	74	120.777	74.2202	0.313482
1	121	74	121.244	73.9932	0.244522
1	121	74	120.925	73.8675	0.15238
1	121	74	121.062	74.8136	0.815964
1	121	74	120.602	74.1659	0.430948
1	121	74	120.918	74.3118	0.322441
1	121	74	121.571	74.2852	0.638414
1	121	74	121.01	74.9013	0.901335
1	121	74	121.388	73.969	0.38949
1	121	74	120.885	74.4718	0.485591
1	121	74	120.982	74.1139	0.115344
1	121	74	120.802	74.3059	0.364468
1	121	74	120.876	74.4201	0.43803
1	121	74	121.372	74.1754	0.411563
1	121	74	121.279	73.9987	0.278981
1	121	74	120.764	74.3005	0.381934
1	121	74	121.265	74.348	0.43716
1	121	74	121.37	74.1255	0.390848
1	121	74	120.743	73.9255	0.267191
1	121	74	120.978	74.7504	0.750754
1	121	74	120.88	73.924	0.142412
1	121	74	120.724	74.3073	0.412998
1	121	74	121.029	73.7577	0.244104
1	121	74	120.527	74.4022	0.620987
1	121	74	120.621	74.2606	0.460262
1	121	74	120.923	74.1275	0.14893
1	121	74	120.548	74.3729	0.585809
1	121	74	121.229	74.8418	0.872311
1	121	74	121.135	74.4213	0.44222
1	121	74	120.868	73.9484	0.142084
1	121	74	121.167	73.9488	0.174395
1	121	74	121.352	74.6386	0.729401
1	121	74	121.034	74.1477	0.151638
1	121	74	120.827	74.7402	0.760297
1	121	74	121.672	74.1261	0.683308
1	121	74	121.74	74.1991	0.766599
1	121	74	121.742	74.1659	0.76035
1	121	74	120.676	74.4108	0.523035
1	121	74	120.995	74.2973	0.297334
1	121	74	120.848	74.6199	0.638119
1	121	74	121.514	73.9998	0.514151
1	121	74	121.082	74.5339	0.540268
1	121	74	121.412	74.6414	0.762089
1	121	74	121.288	74.3369	0.44324
1	121	74	121.049	74.5776	0.579615
1	121	74	120.861	74.2893	0.32111
1	121	74	120.705	74.527	0.603738
1	121	74	121.207	74.6549	0.686783
1	121	74	120.549	74.2305	0.506635
1	121	74	121.274	74.1905	0.333997
1	121	74	121.526	74.4658	0.70226
1	121	74	120.86	73.8881	0.17927
1	121	74	121.173	74.3849	0.421833
1	121	74	121.391	74.1332	0.413268
1	121	74	121.539	74.5811	0.792771
1	121	74	120.899	74.7178	0.724833
1	121	74	121.033	74.4345	0.435754
1	121	74	120.606	74.1672	0.42825
1	121	74	121.56	74.118	0.572462
1	121	74	120.898	74.1751	0.202604
1	121	74	121.793	74.1866	0.814446
1	121	74	121.313	74.8525	0.908031
1	121	74	121.108	73.9075	0.142032
1	121	74	120.551	74.4614	0.643638
1	121	74	121.001	74.4493	0.449255
1	121	74	121.349	73.9902	0.349465
1	121	74	121.087	74.2791	0.292381
1	121	74	121.341	74.3703	0.503447
1	121	74	120.66	74.2866	0.444443
1	121	74	121.375	74.2627	0.457765
1	121	74	120.718	73.9587	0.285431
1	121	74	121.309	74.5779	0.655196
1	121	74	121.118	74.0086	0.11826
1	121	74	122.774	76.4297	3.00853
1	121	74	120.961	74.613	0.614224
1	121	74	120.995	73.9068	0.0933252
1	121	74	120.902	74.1803	0.205265
1	121	74	120.93	73.6344	0.372252
1	121	74	121.486	74.3532	0.600652
1	121	74	121.122	74.6381	0.64965
1	121	74	121.394	74.5687	0.691928
1	121	74	121.1	74.1241	0.159336
1	121	74	121.546	74.3694	0.659191
1	121	74	121.27	73.8872	0.29281
1	121	74	121.112	74.928	0.934727
1	121	74	120.94	74.1188	0.133261
1	121	74	99.8273	97.4381	31.5853
1	121	74	121.354	73.9218	0.362419
1	121	74	121.217	74.5544	0.595462
1	121	74	121.212	74.7257	0.755915
1	121	74	120.639	74.4635	0.587738
1	121	74	120.999	74.1804	0.180351
1	121	74	120.763	74.1517	0.281766
1	121	74	121.172	74.6286	0.651716
1	121	74	121.314	73.8953	0.330688
1	121	74	121.578	76.3798	2.44895
1	121	74	121.582	74.1355	0.597462
1	121	74	121.322	73.8678	0.34829
1	121	74	120.975	74.1557	0.157697
1	121	74	120.702	74.587	0.658411
1	121	74	121.064	74.5414	0.545147
1	121	74	120.889	74.7138	0.722455
1	121	74	121.37	74.0101	0.370381
1	121	74	121.321	74.0466	0.324398
1	121	74	121.508	73.943	0.511154
1	121	74	121.464	74.2975	0.550749
1	121	74	121.28	74.2109	0.350848
1	121	74	121.196	74.8476	0.869957
1	121	74	121.095	74.8532	0.858463
1	121	74	120.742	74.5698	0.625377
1	121	74	120.651	74.0152	0.349311
1	121	74	121.356	74.5735	0.675083
1	121	74	121.17	73.786	0.273582
1	121	74	120.722	74.3844	0.47465
1	121	74	120.942	74.322	0.327163
1	121	74	120.668	74.3245	0.464211
1	121	74	121.253	74.6683	0.714647
1	121	74	120.801	74.1553	0.252756
1	121	74	121.094	74.1138	0.147708
1	121	74	121.644	74.1562	0.662465
1	121	74	120.96	74.5972	0.598495
1	121	74	121.653	74.1481	0.669317
1	121	74	120.689	74.0628	0.317662
1	121	74	121.384	74.3856	0.543949
1	121	74	121.117	73.8648	0.178802
1	121	74	121.397	74.5152	0.650383
1	121	74	120.918	73.8497	0.171156
1	121	74	121.024	73.8722	0.130059
1	121	74	121.225	73.8758	0.257398
1	121	74	121.508	74.3424	0.612485
1	121	74	121.489	74.3761	0.616792
1	121	74	121.099	74.5987	0.606851
1	121	74	121.209	73.863	0.250302
1	121	74	102.075	97.4386	30.1248
1	121	74	120.693	73.9959	0.306533
1	121	74	121.572	74.1582	0.593917
1	121	74	120.613	74.6473	0.754207
1	121	74	120.983	74.2337	0.234339
1	121	74	121.332	74.2744	0.430937
1	121	74	120.67	74.0618	0.335253
1	121	74	120.966	74.046	0.057075
1	121	74	121.282	73.9353	0.289213
1	121	74	121.234	74.1468	0.275834
1	121	74	120.927	74.2272	0.238603
1	121	74	121.25	74.7273	0.769183
1	121	74	121.323	74.0367	0.325163
1	121	74	121.047	74.4807	0.482987
1	121	74	121.441	74.4574	0.635133
1	121	74	120.783	74.6794	0.713293
1	121	74	120.802	74.7648	0.790117
1	121	74	121.173	74.7044	0.725367
1	121	74	120.931	74.4299	0.435368
1	121	74	121.105	74.1889	0.216103
1	121	74	120.787	73.7513	0.327162
1	121	74	120.903	74.2053	0.227219
1	121	74	120.99	74.4238	0.423915
1	121	74	121.185	74.2927	0.34608
1	121	74	120.926	74.6876	0.691619
1	121	74	120.848	74.1726	0.230033
1	121	74	121.188	74.4585	0.495425
1	121	74	121.338	74.2909	0.445597
1	121	74	120.887	74.1515	0.189165
1	121	74	121.208	73.8799	0.240522
1	121	74	121.057	74.5839	0.586627
1	121	74	121.101	74.2538	0.273138
1	121	74	121.163	74.6276	0.648482
1	121	74	121.784	74.1544	0.799341
1	121	74	120.963	74.3903	0.392091
1	121	74	121.296	74.4485	0.537193
1	121	74	120.753	74.4528	0.515701
1	121	74	121.411	74.1565	0.439448
1	121	74	121.284	73.9491	0.288092
1	121	74	120.927	74.4611	0.466798
1	121	74	120.979	74.4707	0.471178
1	121	74	120.728	74.3256	0.42427
1	121	74	121.203	74.0183	0.204179
1	121	74	120.998	74.1739	0.173885
1	121	74	120.983	74.5862	0.586423
1	121	74	120.633	74.5645	0.673441
1	121	74	121.094	73.9143	0.127241
1	121	74	121.815	74.0906	0.820393
1	121	74	121.637	74.2437	0.682362
1	121	74	121.296	74.2097	0.362496
1	121	74	120.821	73.9058	0.202187
1	121	74	121.667	74.2385	0.708127
1	121	74	121.084	74.1722	0.19156
1	121	74	120.481	74.3002	0.599995
1	121	74	121.215	74.8983	0.923549
1	121	74	121.599	74.1548	0.618262
1	121	74	121.236	74.2961	0.378416
1	121	74	120.631	74.2149	0.427398
1	121	74	121.66	74.1687	0.68109
1	121	74	120.894	74.6486	0.657138
1	121	74	98.8869	97.4379	32.2231
1	121	74	120.971	74.1039	0.107869
1	121	74	120.891	74.3093	0.328016
1	121	74	121.48	74.1796	0.51212
1	121	74	121.15	74.6242	0.641982
1	121	74	120.595	74.3203	0.516101
1	121	74	120.938	74.6495	0.652429
1	121	74	120.578	74.2328	0.481847
1	121	74	121.089	74.0164	0.0903637
1	121	74	120.49	74.6371	0.815807
1	121	74	120.733	74.0502	0.271352
1	121	74	121.059	74.2023	0.210668
1	121	74	121.315	74.0683	0.322801
1	121	74	120.543	74.5406	0.707877
1	121	74	120.655	74.2662	0.436061
1	121	74	120.685	74.5475	0.631858
1	121	74	120.482	74.5107	0.727572
1	121	74	120.725	74.3765	0.466354
1	121	74	121.024	74.1017	0.104406
1	121	74	120.881	73.9547	0.127032
1	121	74	120.915	74.261	0.274584
1	121	74	121.184	74.5331	0.56382
1	121	74	121.414	74.1837	0.452609
1	121	74	120.524	74.5527	0.729354
1	121	74	120.975	74.0568	0.0620563
1	121	74	121.138	73.7596	0.277137
1	121	74	121.175	74.1291	0.217176
1	121	74	121.111	74.3948	0.410065
1	121	74	120.526	74.3144	0.568549
1	121	74	120.938	73.8605	0.152672
1	121	74	121.398	74.4391	0.59272
1	121	74	120.821	74.5094	0.539787
1	121	74	120.655	74.5026	0.609355
1	121	74	120.949	74.3896	0.392916
1	121	74	120.83	74.8273	0.844613
1	121	74	120.507	74.5748	0.757244
1	121	74	121.475	74.1905	0.511586
1	121	74	121.159	73.9097	0.183241
1	121	74	121.189	73.8579	0.236785
1	121	74	121.315	74.2085	0.37784
1	121	74	120.84	74.7525	0.769258
1	121	74	121.204	74.3501	0.405304
1	121	74	120.708	74.1384	0.323262
1	121	74	120.615	74.3328	0.508698
1	121	74	121.048	74.8573	0.858655
1	121	74	121.147	74.1558	0.21414
1	121	74	120.701	74.1101	0.31901
1	121	74	121.147	73.8376	0.21931
1	121	74	121.32	73.9113	0.331776
1	121	74	121.56	74.4679	0.729873
1	121	74	120.914	74.0644	0.107842
1	121	74	121.047	74.838	0.839301
1	121	74	121.104	73.7329	0.286671
1	121	74	120.518	74.3793	0.613476
1	121	74	120.439	74.4062	0.692589
1	121	74	120.524	74.2544	0.539944
1	121	74	120.746	74.602	0.65326
1	121	74	120.799	73.9796	0.202409
1	121	74	121.38	74.3867	0.54202
1	121	74	121.168	74.0257	0.169557
1	121	74	121.684	74.282	0.739464
1	121	74	121.479	74.4287	0.642824
1	121	74	121.44	74.0276	0.441042
1	121	74	121.389	74.5264	0.654635
1	121	74	121.167	74.6458	0.667042
1	121	74	120.894	74.5082	0.519159
1	121	74	121.338	74.1769	0.38187
1	121	74	121.045	74.4287	0.430982
1	121	74	121.059	74.5074	0.510799
1	121	74	120.813	74.4019	0.443393
1	121	74	121.148	74.5113	0.53233
1	121	74	120.817	73.9868	0.18314
1	121	74	121.145	73.8246	0.227855
1	121	74	120.839	73.8796	0.201164
1	121	74	120.902	74.8248	0.830507
1	121	74	121.23	74.0776	0.242832
1	121	74	121.448	74.2984	0.537971
1	121	74	120.484	74.4842	0.707538
1	121	74	121.229	74.7015	0.738009
1	121	74	121.201	73.9677	0.203539
1	121	74	121.52	74.2249	0.566622
1	121	74	120.719	74.296	0.407839
1	121	74	121.252	73.8775	0.280458
1	121	74	121.12	74.0837	0.146328
1	121	74	120.801	74.6895	0.717664
1	121	74	121.033	74.8369	0.837534
1	121	74	120.749	74.0531	0.256265
1	121	74	121.24	74.1622	0.289268
1	121	74	120.499	74.3008	0.583957
1	121	74	120.994	74.24	0.240124
1	121	74	121.277	74.7852	0.832566
1	121	74	121.672	74.1363	0.686147
1	121	74	120.933	73.7868	0.223548
1	121	74	121.43	74.4356	0.612207
1	121	74	121.064	73.7715	0.237376
1	121	74	121.056	74.628	0.630476
1	121	74	120.59	74.5403	0.678305
1	121	74	121.489	74.369	0.612668
1	121	74	120.4	74.4719	0.763464
1	121	74	121.704	74.2554	0.748816
1	121	74	121.214	74.0459	0.218561
1	121	74	120.749	74.4153	0.485402
1	121	74	121.101	74.5078	0.517718
1	121	74	120.897	74.5536	0.563182
1	121	74	121.214	74.183	0.281916
1	121	74	120.767	73.9067	0.250567
1	121	74	120.96	73.8031	0.200818
1	121	74	121.025	74.3644	0.36529
1	121	74	121.245	74.2759	0.369224
1	121	74	120.961	73.8286	0.175714
1	121	74	121.241	74.3008	0.385207
1	121	74	120.846	74.3754	0.405624
1	121	74	121.658	74.1573	0.6769
1	121	74	121.171	74.306	0.350602
1	121	74	120.821	74.1331	0.223227
1	121	74	120.997	74.5795	0.579554
1	121	74	121.025	74.3223	0.323247
1	121	74	120.994	74.7319	0.731968
1	121	74	121.039	74.101	0.108426
1	121	74	120.647	74.296	0.460569
1	121	74	121.054	74.0347	0.0643076
1	121	74	120.992	74.1292	0.129423
1	121	74	120.903	73.8361	0.19056
1	121	74	121.052	74.419	0.422309
1	121	74	120.923	74.4743	0.480574
1	121	74	120.418	74.4332	0.725898
1	121	74	121.504	74.3081	0.59071
1	121	74	120.962	73.7159	0.286625
1	121	74	121.034	74.0899	0.0960745
1	121	74	121.097	74.1315	0.16352
1	121	74	121.14	74.7607	0.773439
1	121	74	121.178	74.2414	0.299881
1	121	74	121.609	73.9745	0.609865
1	121	74	120.789	74.2454	0.323841
1	121	74	102.047	97.4386	30.1428
1	121	74	121.377	74.2803	0.469417
1	121	74	121.129	74.3573	0.379728
1	121	74	121.058	74.527	0.530209
1	121	74	120.654	74.2816	0.446104
1	121	74	120.548	74.3369	0.563966
1	121	74	121.418	74.3521	0.546226
1	121	74	120.745	74.1602	0.301361
1	121	74	120.774	74.4875	0.53748
1	121	74	120.718	74.0211	0.28239
1	121	74	120.971	73.7285	0.273047
1	121	74	121.17	74.0871	0.190812
1	121	74	120.733	74.0349	0.269059
1	121	74	120.798	73.9308	0.213478
1	121	74	121.573	74.2924	0.643251
1	121	74	120.945	74.0906	0.105959
1	121	74	121.066	74.3051	0.312251
1	121	74	123.004	76.5886	3.27387
1	121	74	120.558	74.6209	0.762149
1	121	74	120.72	74.1637	0.324318
1	121	74	121.623	74.1465	0.640166
1	121	74	120.928	74.4854	0.490722
1	121	74	121.064	74.6591	0.662217
1	121	74	121.103	74.1976	0.222952
1	121	74	121.524	74.156	0.546381
1	121	74	121.131	73.8152	0.226588
1	121	74	120.896	73.7693	0.253088
1	121	74	120.767	74.4043	0.466767
1	121	74	121.391	74.6035	0.719109
1	121	74	120.865	74.3233	0.350462
1	121	74	120.688	74.2009	0.370812
1	121	74	120.836	74.3939	0.426716
1	121	74	120.612	74.4191	0.570996
1	121	74	120.9	73.919	0.129099
1	121	74	121.541	73.9771	0.541195
1	121	74	121.608	74.1627	0.629697
1	121	74	121.289	74.638	0.700456
1	121	74	121.448	74.3671	0.57923
1	121	74	121.312	74.7932	0.852509
1	121	74	121.479	74.2924	0.561081
1	121	74	121.166	74.1806	0.245037
1	121	74	121.251	74.5784	0.630458
1	121	74	121.236	73.9483	0.241201
1	121	74	121.063	74.1786	0.189242
1	121	74	120.593	74.2394	0.472103
1	121	74	121.272	74.8469	0.88938
1	121	74	120.796	74.6563	0.687388
1	121	74	121.04	73.7389	0.264145
1	121	74	120.657	74.305	0.458793
1	121	74	120.983	73.9606	0.0428563
1	121	74	121.249	74.1466	0.289318
1	121	74	120.922	74.0582	0.0969514
1	121	74	120.918	73.5882	0.41995
1	121	74	120.93	74.4242	0.429956
1	121	74	121.735	74.2327	0.770804
1	121	74	120.847	74.0446	0.158952
1	121	74	120.036	73.7131	1.00608
1	121	74	121.133	73.9798	0.134622
1	121	74	121.513	74.5873	0.779925
1	121	74	121.618	74.045	0.619775
1	121	74	121.684	74.3139	0.753
1	121	74	100.886	83.3801	22.1933
1	121	74	121.023	74.618	0.618451
1	121	74	120.767	74.3329	0.406083
1	121	74	120.794	73.8956	0.231176
1	121	74	120.951	73.7652	0.239761
1	121	74	121.188	74.4945	0.528851
1	121	74	120.555	74.3897	0.591746
1	121	74	120.927	74.3225	0.330604
1	121	74	121.217	74.3253	0.390973
1	121	74	121.665	74.3616	0.757005
1	121	74	121.09	74.304	0.317035
1	121	74	120.885	74.4102	0.426025
1	121	74	120.8	74.0224	0.201381
1	121	74	120.644	74.3982	0.533914
1	121	74	120.988	74.6592	0.659287
1	121	74	121.274	74.7926	0.838761
1	121	74	120.824	74.4053	0.4417
1	121	74	120.643	74.1534	0.388508
1	121	74	120.591	74.5157	0.658124
1	121	74	120.742	74.3	0.395419
1	121	74	121.456	74.2656	0.527362
1	121	74	121.647	74.1027	0.655115
1	121	74	121.225	74.4532	0.50595
1	121	74	121.556	74.0638	0.559298
1	121	74	121.148	74.1437	0.206339
1	121	74	121.395	74.3996	0.562126
1	121	74	120.876	73.9914	0.123967
1	121	74	120.865	74.0452	0.142137
1	121	74	121.081	74.2811	0.292449
1	121	74	121.009	73.9484	0.0522806
1	121	74	120.699	74.1857	0.353383
1	121	74	120.792	74.2822	0.350427
1	121	74	121.598	74.4408	0.742879
1	121	74	121.139	74.2543	0.289954
1	121	74	121.112	74.532	0.543628
1	121	74	121.168	74.3248	0.365444
1	121	74	120.876	74.1354	0.183915
1	121	74	120.822	73.9045	0.201734
1	121	74	121.018	74.4654	0.465719
1	121	74	121.102	74.4827	0.493316
1	121	74	120.93	74.8752	0.878026
1	121	74	120.786	73.9385	0.222498
1	121	74	120.896	73.8511	0.181523
1	121	74	121.059	73.7326	0.273779
1	121	74	121.293	73.8841	0.314685
1	121	74	120.709	74.5034	0.581582
1	121	74	120.753	74.0011	0.247147
1	121	74	121.072	74.5197	0.524598
1	121	74	121.041	74.1886	0.19298
1	121	74	120.884	74.5784	0.589953
1	121	74	120.877	74.1681	0.208117
1	121	74	121.131	74.4144	0.434556
1	121	74	120.725	74.3135	0.417355
1	121	74	121.109	74.5165	0.527813
1	121	74	120.69	74.1031	0.326855
1	121	74	121.376	74.7466	0.836047
1	121	74	120.673	74.3768	0.498738
1	121	74	120.635	74.2711	0.454447
1	121	74	120.819	74.0913	0.2031
1	121	74	120.963	74.4166	0.418198
1	121	74	120.92	74.2244	0.238287
1	121	74	120.914	74.6725	0.677941
1	121	74	121.242	74.0872	0.257009
1	121	74	121.466	74.2625	0.534647
1	121	74	121.138	73.7979	0.244842
1	121	74	120.553	74.5089	0.677623
1	121	74	120.991	74.8012	0.801267
1	121	74	121.427	74.1526	0.453586
1	121	74	121.102	74.2638	0.282892
1	121	74	120.778	74.3384	0.404545
1	121	74	121.03	74.1246	0.128097
1	121	74	121.497	74.2135	0.540953
1	121	74	120.818	74.4468	0.48224
1	121	74	120.751	74.3828	0.456394
1	121	74	120.951	73.9744	0.0553453
1	121	74	120.872	74.6626	0.674863
1	121	74	120.687	74.7159	0.781405
1	121	74	121.377	74.1877	0.420898
1	121	74	120.821	74.3431	0.386832
1	121	74	120.762	74.3977	0.46356
1	121	74	121.023	74.4683	0.468872
1	121	74	120.951	74.1122	0.122325
1	121	74	120.989	74.3893	0.389458
1	121	74	120.939	74.3035	0.309492
1	121	74	121.114	74.0047	0.114427
1	121	74	121.612	74.1419	0.628517
1	121	74	120.55	74.2712	0.525466
1	121	74	121.713	74.1795	0.735287
1	121	74	121.191	74.2031	0.279108
1	121	74	120.386	74.4926	0.787012
1	121	74	121.256	74.5688	0.623562
1	121	74	121.374	74.4031	0.550143
1	121	74	120.863	74.4568	0.476969
1	121	74	120.906	74.3573	0.369445
1	121	74	121.254	73.8878	0.277735
1	121	74	120.69	74.145	0.341986
1	121	74	120.921	73.9155	0.115584
1	121	74	120.856	74.7284	0.742453
1	121	74	121.132	73.9473	0.142415
1	121	74	121.006	73.7777	0.222384
1	121	74	101.189	83.1417	21.8186
1	121	74	121.211	73.9175	0.226235
1	121	74	120.984	74.2263	0.226814
1	121	74	120.541	74.2807	0.537658
1	121	74	121.079	74.2506	0.262828
1	121	74	120.997	73.806	0.194044
1	121	74	120.739	74.4169	0.49181
1	121	74	120.922	73.8404	0.177513
1	121	74	121.509	74.2395	0.5623
1	121	74	120.893	73.7464	0.275103
1	121	74	121.448	74.1101	0.461356
1	121	74	121.131	74.3953	0.416454
1	121	74	121.245	73.8784	0.273484
1	121	74	120.624	74.3476	0.511821
1	121	74	121.015	74.2479	0.2484
1	121	74	120.754	74.4372	0.501721
1	121	74	120.721	74.3658	0.460101
1	121	74	120.55	74.2676	0.523545
1	121	74	121.284	74.371	0.467275
1	121	74	121.292	74.1169	0.314571
1	121	74	120.448	74.3304	0.643323
1	121	74	121.173	74.3971	0.433063
1	121	74	121.267	74.412	0.490936
1	121	74	121.136	73.8125	0.23152
1	121	74	120.682	74.4931	0.586808
1	121	74	121.032	74.4585	0.459669
1	121	74	120.89	74.7636	0.771473
1	121	74	121.188	74.3244	0.374851
1	121	74	121.077	74.1534	0.171829
1	121	74	121.454	74.0894	0.462284
1	121	74	121.341	74.5119	0.615235
1	121	74	120.851	73.7255	0.312422
1	121	74	120.9	74.2617	0.279977
1	121	74	120.997	74.3431	0.343111
1	121	74	120.954	74.4473	0.449603
1	121	74	120.954	74.7062	0.707672
1	121	74	120.932	74.5155	0.519993
1	121	74	120.582	74.051	0.420745
1	121	74	121.274	74.1265	0.301993
1	121	74	120.515	74.144	0.505626
1	121	74	120.921	74.4639	0.470512
1	121	74	120.634	74.6158	0.716513
1	121	74	120.986	74.2172	0.217703
1	121	74	120.982	74.1276	0.128846
1	121	74	121.116	74.3591	0.377229
1	121	74	120.895	74.444	0.456129
1	121	74	121.208	74.6101	0.644611
1	121	74	121.651	74.123	0.662969
1	121	74	120.763	74.5152	0.567041
1	121	74	121.464	74.1743	0.496025
1	121	74	121.488	74.4008	0.631194
1	121	74	120.828	74.6666	0.68854
1	121	74	120.762	74.2636	0.355451
1	121	74	121.094	73.7009	0.313453
1	121	74	121.117	74.5312	0.543887
1	121	74	120.892	74.3749	0.39028
1	121	74	121.194	74.5972	0.627812
1	121	74	121.682	74.2868	0.739878
1	121	74	121.354	74.02	0.35438
1	121	74	120.63	74.2321	0.437001
1	121	74	121.5	74.194	0.536255
1	121	74	120.724	74.2927	0.402166
1	121	74	121.443	74.0104	0.443264
1	121	74	120.703	74.3442	0.454461
1	121	74	121.507	74.1138	0.519933
1	121	74	121.185	73.8891	0.215786
1	121	74	120.975	74.1207	0.123204
1	121	74	121.088	74.6925	0.698159
1	121	74	120.995	74.1394	0.139469
1	121	74	120.791	74.4915	0.534233
1	121	74	121.361	74.118	0.379519
1	121	74	121.76	74.1833	0.781883
1	121	74	121.057	73.8655	0.146138
1	121	74	121.297	74.3539	0.461999
1	121	74	120.897	73.7212	0.2972
1	121	74	120.917	74.6599	0.665037
1	121	74	120.387	74.3982	0.730643
1	121	74	121.17	74.6528	0.674566
1	121	74	120.975	74.1761	0.177854
1	121	74	121.066	74.2812	0.288791
1	121	74	121.348	74.3825	0.517222
1	121	74	121.27	74.1515	0.309225
1	121	74	121.052	73.9586	0.0662696
1	121	74	121.554	73.9715	0.554932
1	121	74	121.227	74.924	0.951501
1	121	74	121.038	74.7547	0.755679
1	121	74	121.069	74.6351	0.638843
1	121	74	120.647	74.4565	0.577288
1	121	74	121.255	74.0147	0.255299
1	121	74	121.304	74.4007	0.503033
1	121	74	121.112	73.9146	0.140838
1	121	74	120.996	73.8805	0.119587
1	121	74	121.253	74.5938	0.64548
1	121	74	121.452	74.313	0.549581
1	121	74	100.959	83.0974	22.0093
1	121	74	120.935	73.7366	0.271237
1	121	74	121.56	74.451	0.718787
1	121	74	121.1	74.3	0.316179
1	121	74	121.461	74.3098	0.555498
1	121	74	120.799	74.018	0.201466
1	121	74	121.631	74.1194	0.642008
1	121	74	121.32	74.0113	0.32017
1	121	74	121.544	73.9936	0.54389
1	121	74	121.352	74.1964	0.403456
1	121	74	120.823	74.2694	0.322295
1	121	74	121.544	74.5229	0.754355
1	121	74	121.045	74.6388	0.640345
1	121	74	121.282	74.6858	0.741358
1	121	74	120.84	74.109	0.193313
1	121	74	121.046	74.4423	0.444675
1	121	74	120.822	73.8867	0.211432
1	121	74	121.058	74.5586	0.561533
1	121	74	120.9	74.2961	0.312429
1	121	74	120.648	74.0952	0.364593
1	121	74	120.572	74.3492	0.552426
1	121	74	120.839	74.3368	0.373469
1	121	74	120.897	74.386	0.399428
1	121	74	120.848	74.1012	0.182353
1	121	74	120.774	74.0487	0.231272
1	121	74	120.663	74.0371	0.339331
1	121	74	121.019	74.29	0.290666
1	121	74	101.731	83.6996	21.5723
1	121	74	121.222	74.882	0.90941
1	121	74	120.914	73.7279	0.285491
1	121	74	121.486	74.2617	0.552076
1	121	74	120.539	74.2689	0.533895
1	121	74	120.896	73.9022	0.142474
1	121	74	121.499	74.5665	0.755138
1	121	74	120.602	74.0815	0.406408
1	121	74	121.283	74.357	0.455619
1	121	74	121.505	74.892	1.02514
1	121	74	120.839	74.3614	0.395524
1	121	74	120.982	73.7685	0.232216
1	121	74	120.894	73.8396	0.19254
1	121	74	121.307	74.2782	0.414199
1	121	74	120.868	74.3884	0.410088
1	121	74	120.935	74.8251	0.827628
1	121	74	121.282	73.8598	0.314657
1	121	74	121.015	74.2049	0.205442
1	121	74	121.5	74.17	0.527689
1	121	74	120.792	74.1936	0.284338
1	121	74	121.162	74.7131	0.731313
1	121	74	121.335	74.4973	0.599833
1	121	74	120.835	74.2602	0.308005
1	121	74	121.384	74.6809	0.781704
1	121	74	120.958	74.1187	0.125891
1	121	74	120.852	74.1547	0.214073
1	121	74	121.451	74.0045	0.450639
1	121	74	121.147	74.8685	0.880935
1	121	74	120.926	74.286	0.295559
1	121	74	121.274	74.507	0.576502
1	121	74	120.66	74.0593	0.345139
1	121	74	120.706	74.2014	0.356111
1	121	74	121.104	74.7193	0.726807
1	121	74	120.709	74.6141	0.679443
1	121	74	121.212	74.3123	0.377504
1	121	74	121.104	73.7538	0.267171
1	121	74	120.879	74.6691	0.680043
1	121	74	120.955	74.0457	0.0637912
1	121	74	121.641	74.2096	0.674673
1	121	74	120.968	74.4115	0.412734
1	121	74	120.669	74.1494	0.362818
1	121	74	120.697	74.5574	0.63448
1	121	74	120.912	74.0372	0.0959727
1	121	74	121.444	74.4111	0.605336
1	121	74	121.477	74.6426	0.799964
1	121	74	120.903	74.0715	0.120614
1	121	74	121.106	74.3113	0.328824
1	121	74	121.402	74.5094	0.64916
1	121	74	121.046	74.8875	0.888659
1	121	74	121.198	74.4777	0.517141
1	121	74	121.728	74.2792	0.779906
1	121	74	121.551	74.2476	0.60444
1	121	74	120.75	74.2575	0.358936
1	121	74	120.754	74.5678	0.618933
1	121	74	120.819	74.1085	0.211035
1	121	74	121.182	74.7898	0.810482
1	121	74	123.173	76.5943	3.38383
1	121	74	121.054	74.1438	0.153651
1	121	74	120.93	74.7369	0.740295
1	121	74	121.502	73.9067	0.51074
1	121	74	120.47	74.4848	0.718373
1	121	74	120.809	73.9948	0.191318
1	121	74	121.375	74.0151	0.375136
1	121	74	121.056	73.97	0.0638592
1	121	74	121.082	74.2223	0.236905
1	121	74	119.38	73.545	1.68306
1	121	74	120.524	74.1639	0.503428
1	121	74	120.362	74.4065	0.756813
1	121	74	121.336	74.5211	0.619961
1	121	74	121.162	74.4677	0.495075
1	121	74	121.354	74.1186	0.373669
1	121	74	120.844	73.9789	0.157203
1	121	74	120.976	74.1032	0.105921
1	121	74	121.529	75.0418	1.16837
1	121	74	121.341	74.3862	0.514885
1	121	74	121.195	74.1559	0.249555
1	121	74	120.703	74.2364	0.379343
1	121	74	120.942	73.9818	0.0606572
1	121	74	120.582	74.184	0.456349
1	121	74	121.298	74.2998	0.422679
1	121	74	121.363	74.7066	0.794498
1	121	74	120.764	74.4449	0.50342
1	121	74	121.01	73.8687	0.131694
1	121	74	120.72	74.0815	0.291459
1	121	74	121.67	74.3451	0.753213
1	121	74	122.977	76.3657	3.08326
1	121	74	121.474	74.1066	0.486188
1	121	74	121.295	74.7029	0.76239
1	121	74	121.455	74.37	0.586457
1	121	74	120.746	74.4884	0.550466
1	121	74	121.32	74.7221	0.789985
1	121	74	120.56	74.5323	0.690418
1	121	74	121.132	73.7993	0.240166
1	121	74	120.691	73.953	0.312246
1	121	74	121.783	74.2178	0.812965
1	121	74	121.486	74.4208	0.643212
1	121	74	101.071	83.387	22.0294
1	121	74	121.705	74.3018	0.767056
1	121	74	120.829	74.6803	0.701356
1	121	74	121.199	74.3331	0.387913
1	121	74	121.448	74.582	0.734583
1	121	74	120.65	74.5425	0.645855
1	121	74	120.987	74.3565	0.356686
1	121	74	120.768	74.2336	0.329359
1	121	74	120.993	74.3414	0.341501
1	121	74	121.051	74.3691	0.372644
1	121	74	120.931	73.8446	0.170099
1	121	74	121.149	74.6074	0.625317
1	121	74	121.371	74.1094	0.386883
1	121	74	121.136	73.9853	0.137005
1	121	74	121.181	74.3481	0.392142
1	121	74	121.671	74.3247	0.745598
1	121	74	101.001	83.3635	22.0824
1	121	74	121.447	74.453	0.636296
1	121	74	121.189	74.3903	0.433572
1	121	74	121.662	74.2247	0.699
1	121	74	120.516	74.3795	0.614817
1	121	74	121.027	74.3923	0.393205
1	121	74	121.408	74.4102	0.578535
1	121	74	121.511	74.4279	0.666516
1	121	74	121.297	74.6372	0.703221
1	121	74	120.934	74.417	0.42216
1	121	74	121.438	74.2618	0.510067
1	121	74	120.431	74.4132	0.702924
1	121	74	120.708	74.2328	0.373833
1	121	74	121.054	73.6976	0.307117
1	121	74	121.397	74.62	0.735998
1	121	74	121.503	74.0398	0.504162
1	121	74	115.148	85.6998	13.0819
1	121	74	120.945	74.1923	0.20007
1	121	74	120.864	74.4765	0.495487
1	121	74	121.249	74.9512	0.98329
1	121	74	120.718	74.2204	0.358065
1	121	74	120.958	73.9055	0.103596
1	121	74	121.144	74.3071	0.339254
1	121	74	121.15	74.1381	0.204104
1	121	74	121.136	73.9127	0.161233
1	121	74	121.054	74.345	0.349164
1	121	74	121.133	73.7013	0.326816
1	121	74	120.591	74.4327	0.595418
1	121	74	121.034	74.4498	0.451039
1	121	74	120.82	74.0683	0.192497
1	121	74	121.069	74.3227	0.330053
1	121	74	121.173	74.4408	0.473734
1	121	74	121.343	74.1958	0.39467
1	121	74	121.245	74.4764	0.535731
1	121	74	121.04	73.7555	0.247715
1	121	74	121.138	74.8063	0.818145
1	121	74	121.124	74.3611	0.381837
1	121	74	120.525	74.4597	0.661057
1	121	74	121.159	74.6441	0.663531
1	121	74	121.237	74.1202	0.265318
1	121	74	120.588	74.3928	0.569382
1	121	74	121.531	74.172	0.558624
1	121	74	120.652	74.0903	0.359904
1	121	74	121.224	74.361	0.424983
1	121	74	121.307	74.4769	0.567112
1	121	74	120.97	73.8492	0.153677
1	121	74	121.108	74.4382	0.451264
1	121	74	121.081	74.5319	0.537964
1	121	74	121.236	74.1008	0.25707
1	121	74	121.35	74.5325	0.63745
1	121	74	120.916	73.8092	0.208648
1	121	74	121.21	74.5124	0.55374
1	121	74	121.126	74.3182	0.342339
1	121	74	121.1	74.0556	0.11399
1	121	74	121.641	74.2971	0.70622
1	121	74	121.097	74.1533	0.18113
1	121	74	121.32	74.4465	0.549558
1	121	74	120.658	74.6553	0.739173
1	121	74	121.28	74.2881	0.4016
1	121	74	120.795	74.0939	0.225532
1	121	74	121.091	74.4286	0.438066
1	121	74	120.498	74.4676	0.686116
1	121	74	121.104	74.0062	0.103748
1	121	74	120.457	74.4311	0.693235
1	121	74	120.896	74.5262	0.536295
1	121	74	121.077	74.4516	0.4582
1	121	74	121.247	73.98	0.247368
1	121	74	120.707	73.9207	0.303945
1	121	74	121.205	74.4103	0.458584
1	121	74	120.967	73.6824	0.319377
1	121	74	121.072	74.9355	0.938276
1	121	74	121.037	74.1335	0.13853
1	121	74	121.147	74.6066	0.624245
1	121	74	121.476	73.9985	0.476445
1	121	74	121.362	73.9888	0.36234
1	121	74	121.133	74.0419	0.138971
1	121	74	120.75	74.4218	0.490242
1	121	74	121.273	74.5717	0.633491
1	121	74	121.004	74.375	0.375004
1	121	74	120.532	74.2495	0.53009
1	121	74	121.273	74.4951	0.56561
1	121	74	121.165	74.4677	0.495896
1	121	74	121.739	75.3262	1.51804
1	121	74	121.26	74.4645	0.532091
1	121	74	120.868	73.7986	0.24075
1	121	74	120.933	74.1044	0.124003
