1	121	74	124.718	67.2725	7.68663
1	121	74	127.172	76.7166	6.74336
1	121	74	127.075	73.9042	6.07595
1	121	74	122.518	75.0832	1.86486
1	121	74	103.64	55.3831	25.4548
1	121	74	127.117	76.8639	6.75431
1	121	74	120.431	70.8405	3.21041
1	121	74	117.274	77.0258	4.80021
1	121	74	118.248	45.7454	28.3883
1	121	74	120.822	76.3853	2.39194
1	121	74	110.5	63.4726	14.8688
1	121	74	127.108	81.728	9.85037
1	121	74	133.939	72.8752	12.9875
1	121	74	113.884	97.4867	24.5412
1	121	74	126.4	76.186	5.82531
1	121	74	116.375	83.7195	10.7637
1	121	74	123.11	71.5221	3.25438
1	121	74	113.813	92.693	20.027
1	121	74	118.984	73.695	2.03941
1	121	74	121.97	66.4441	7.61793
1	121	74	124.226	82.3028	8.90734
1	121	74	127.879	85.4836	13.3865
1	121	74	103.429	54.0349	26.5957
1	121	74	126.866	56.4953	18.4615
1	121	74	132.009	75.7112	11.141
1	121	74	132.869	73.8612	11.8698
1	121	74	124.254	90.4936	16.8116
1	121	74	128.547	80.7555	10.1291
1	121	74	120.926	86.629	12.6292
1	121	74	118.32	45.6747	28.4518
1	121	74	104.94	54.708	25.1016
1	121	74	133.587	78.8999	13.5068
1	121	74	102.043	54.6668	27.0769
1	121	74	129.007	81.361	10.8764
1	121	74	105.12	76.2377	16.0368
1	121	74	119.382	95.5322	21.593
1	121	74	127.282	82.2637	10.3805
1	121	74	113.682	97.3586	24.4781
1	121	74	121.948	73.9662	0.948842
1	121	74	122.769	78.3799	4.72353
1	121	74	118.702	75.3804	2.68042
1	121	74	130.936	72.579	10.0374
1	121	74	118.255	63.8789	10.4867
1	121	74	107.259	96.6935	26.5297
1	121	74	116.783	84.1967	11.0342
1	121	74	130.66	91.4482	19.944
1	121	74	108.571	96.1616	25.4089
1	121	74	116.024	80.0999	7.8721
1	121	74	120.595	80.2815	6.2945
1	121	74	123.893	66.5118	8.02781
1	121	74	91.7734	67.5931	29.9206
1	121	74	133.645	77.7259	13.1821
1	121	74	117.407	77.4843	5.00522
1	121	74	133.456	76.6011	12.7245
1	121	74	112.559	72.8577	8.51817
1	121	74	128.617	76.9605	8.17189
1	121	74	116.211	82.4398	9.70373
1	121	74	119.73	76.7828	3.05876
1	121	74	129.615	78.7528	9.83878
1	121	74	130.889	84.13	14.1569
1	121	74	117.668	75.3693	3.60268
1	121	74	96.5825	69.5949	24.8117
1	121	74	130.642	75.258	9.72334
1	121	74	123.891	82.2907	8.78027
1	121	74	103.755	54.9141	25.723
1	121	74	122.201	77.8751	4.05677
1	121	74	134.983	51.578	26.4246
1	121	74	127.204	81.2227	9.52132
1	121	74	125.457	75.1554	4.60479
1	121	74	140.883	85.247	22.8432
1	121	74	103.826	93.334	25.8602
1	121	74	126.223	78.5022	6.89537
1	121	74	126.915	69.8442	7.22931
1	121	74	123.604	76.4733	3.59142
1	121	74	121.886	73.9372	0.888404
1	121	74	118.782	74.4481	2.26276
1	121	74	133.332	73.4934	12.3423
1	121	74	122.119	67.2803	6.81218
1	121	74	86.806	65.7991	35.1637
1	121	74	114.061	84.0343	12.1996
1	121	74	119.812	75.5406	1.94551
1	121	74	109.113	95.415	24.4929
1	121	74	126.967	74.9696	6.04573
1	121	74	122.844	75.0138	2.10424
1	121	74	118.355	77.7076	4.55418
1	121	74	121.91	88.5106	14.5391
1	121	74	116.04	68.8582	7.1439
1	121	74	127.86	80.8885	9.7216
1	121	74	118.528	45.6752	28.4325
1	121	74	128.001	76.1134	7.31321
1	121	74	137.214	73.0976	16.2395
1	121	74	121.179	64.764	9.23773
1	121	74	104.898	54.2609	25.4735
1	121	74	118.67	83.0821	9.37623
1	121	74	133.854	75.376	12.9272
1	121	74	127.225	75.5248	6.40871
1	121	74	119.165	77.8955	4.30616
1	121	74	120.792	74.2467	0.322924
1	121	74	54.1736	97.4284	70.8142
1	121	74	128.37	79.9853	9.49388
1	121	74	73.6211	93.1433	51.1001
1	121	74	107.59	79.1413	14.3615
1	121	74	120.768	88.1553	14.1572
1	121	74	124.974	71.8207	4.53263
1	121	74	127.688	71.2047	7.24871
1	121	74	126.089	75.029	5.19177
1	121	74	126.279	69.7214	6.79514
1	121	74	123.892	70.2296	4.75211
1	121	74	110.104	96.5644	25.0576
1	121	74	129.78	91.5113	19.589
1	121	74	113.034	97.4634	24.7787
1	121	74	86.7612	66.1525	35.1266
1	121	74	131.842	81.2889	13.064
1	121	74	118.537	75.1681	2.72589
1	121	74	134.531	81.7054	15.5709
1	121	74	135.896	73.3862	14.9091
1	121	74	118.683	76.2124	3.20369
1	121	74	127.345	79.0456	8.10669
1	121	74	132.04	71.7947	11.2584
1	121	74	120.293	72.0465	2.07758
1	121	74	120.717	71.076	2.93765
1	121	74	104.824	54.7437	25.1488
1	121	74	126.81	85.7319	13.0919
1	121	74	124.313	79.6775	6.57354
1	121	74	120.363	82.8445	8.8674
1	121	74	126.746	75.1419	5.85847
1	121	74	116.737	95.1058	21.5321
1	121	74	123.048	74.7943	2.19624
1	121	74	121.901	74.7321	1.16082
1	121	74	124.19	82.049	8.658
1	121	74	111.284	87.9948	17.037
1	121	74	114.923	81.8009	9.8885
1	121	74	138.633	75.4539	17.6929
1	121	74	130.376	82.4348	12.6121
1	121	74	121.028	77.7508	3.75085
1	121	74	117.659	84.7643	11.2709
1	121	74	120.081	74.9657	1.33288
1	121	74	140.304	85.9727	22.7156
1	121	74	115.048	79.784	8.2998
1	121	74	140.326	85.3751	22.4255
1	121	74	119.103	80.7982	7.0578
1	121	74	112.49	91.4212	19.3887
1	121	74	122.197	69.5153	4.64169
1	121	74	114.204	90.8153	18.1366
1	121	74	121.654	63.8206	10.2004
1	121	74	124.624	73.959	3.62381
1	121	74	121.899	75.8448	2.05233
1	121	74	117.876	78.3941	5.39132
1	121	74	119.924	73.572	1.15774
1	121	74	138.716	81.6408	19.2934
1	121	74	131.58	74.1122	10.5802
1	121	74	119.503	84.4796	10.5859
1	121	74	120.856	87.1006	13.1014
1	121	74	102.629	67.0586	19.6382
1	121	74	95.2375	97.4372	34.8283
1	121	74	128.603	78.2373	8.70377
1	121	74	125.183	69.8131	5.91841
1	121	74	120.557	75.122	1.20617
1	121	74	134.575	74.812	13.5988
1	121	74	130.539	79.1295	10.8308
1	121	74	112.066	96.3822	24.0993
1	121	74	122.366	71.7633	2.62075
1	121	74	141.126	82.5559	21.8689
1	121	74	121.577	75.2394	1.36718
1	121	74	129.517	82.9085	12.3251
1	121	74	124.494	80.5782	7.44835
1	121	74	124.858	73.4066	3.90296
1	121	74	123.885	70.6489	4.42216
1	121	74	123.457	71.7021	3.36423
1	121	74	134.978	72.1279	14.1033
1	121	74	124.329	90.627	16.957
1	121	74	119.85	65.6674	8.41162
1	121	74	111.359	96.4724	24.4533
1	121	74	119.567	71.3154	3.04313
1	121	74	120.257	73.6225	0.83348
1	121	74	112.747	61.3825	15.0767
1	121	74	107.939	69.9891	13.6628
1	121	74	117.05	81.1546	8.1726
1	121	74	119.272	73.3992	1.82962
1	121	74	123.522	79.3443	5.90953
1	121	74	114.416	92.6836	19.8099
1	121	74	101.031	55.033	27.541
1	121	74	123.735	81.0434	7.55575
1	121	74	123.766	81.1104	7.62925
1	121	74	127.503	66.4889	9.93498
1	121	74	86.513	33.9588	52.8456
1	121	74	124.715	81.8779	8.70993
1	121	74	140.435	80.9618	20.6445
1	121	74	119.819	72.9831	1.55833
1	121	74	70.2868	10.8327	81.0058
1	121	74	125.374	78.1567	6.03401
1	121	74	125.443	74.7273	4.50245
1	121	74	127.161	83.2254	11.0936
1	121	74	128.05	76.6954	7.54808
1	121	74	133.884	79.0781	13.8486
1	121	74	127.249	72.7979	6.36308
1	121	74	119.37	76.304	2.82247
1	121	74	128.469	75.2737	7.57724
1	121	74	120.211	72.2165	1.95023
1	121	74	125.548	71.5385	5.17163
1	121	74	135.557	89.6042	21.3401
1	121	74	100.574	55.1494	27.7953
1	121	74	130.198	79.5135	10.7237
1	121	74	126.83	74.3194	5.83876
1	121	74	123.462	74.8744	2.61306
1	121	74	101.474	93.0248	27.2618
1	121	74	122.01	70.1723	3.95881
1	121	74	122.365	75.9981	2.42006
1	121	74	120.25	74.9159	1.18396
1	121	74	118.105	84.9955	11.3702
1	121	74	125.435	68.5588	7.02002
1	121	74	115.191	97.4051	24.1152
1	121	74	120.427	75.7866	1.87638
1	121	74	124.174	76.2565	3.89419
1	121	74	132.975	79.1524	13.0363
1	121	74	141.708	84.0787	23.0301
1	121	74	133.315	76.0199	12.4792
1	121	74	126.007	72.1956	5.32225
1	121	74	122.509	75.9715	2.48254
1	121	74	119.113	75.98	2.73491
1	121	74	123.12	78.7635	5.21396
1	121	74	118.822	45.7177	28.366
1	121	74	118.042	94.8777	21.0862
1	121	74	121.806	76.9431	3.05136
1	121	74	120.879	82.8116	8.81241
1	121	74	116.404	62.179	12.6832
1	121	74	132.752	90.5588	20.3055
1	121	74	121.37	84.5381	10.5446
1	121	74	46.4241	20.5684	91.7414
1	121	74	120.98	79.3991	5.39916
1	121	74	126.738	80.4593	8.64017
1	121	74	126.362	83.4699	10.8826
1	121	74	142.307	76.3307	21.4337
1	121	74	118.497	78.2537	4.93548
1	121	74	113.488	96.133	23.3731
1	121	74	128.129	76.5336	7.56621
1	121	74	118.747	91.2046	17.3515
1	121	74	118.493	73.1103	2.65988
1	121	74	118.169	45.6327	28.5083
1	121	74	109.401	66.5322	13.7953
1	121	74	103.739	63.559	20.1732
1	121	74	141.711	81.7897	22.1272
1	121	74	126.832	72.7139	5.97209
1	121	74	113.272	69.0582	9.17258
1	121	74	134.721	79.5371	14.7961
1	121	74	120.704	79.1747	5.18315
1	121	74	119.206	75.9996	2.68633
1	121	74	119.351	75.2843	2.09029
1	121	74	129.675	83.9703	13.2159
1	121	74	83.5667	85.4156	39.1353
1	121	74	132.833	47.6025	28.9282
1	121	74	138.067	91.4239	24.3903
1	121	74	66.0642	28.6096	71.2617
1	121	74	123.986	46.5435	27.6184
1	121	74	118.882	76.2679	3.1034
1	121	74	126.546	71.4399	6.10876
1	121	74	119.678	86.7563	12.8246
1	121	74	118.506	78.1657	4.85534
1	121	74	107.706	71.538	13.5205
1	121	74	119.857	45.8882	28.135
1	121	74	130.556	77.2609	10.0966
1	121	74	122.748	69.1911	5.11656
1	121	74	129.582	75.1999	8.66499
1	121	74	131.41	71.5143	10.7024
1	121	74	125.485	91.4972	18.0629
1	121	74	106.731	96.4745	26.6217
1	121	74	111.985	97.4657	25.1378
1	121	74	131.316	72.8761	10.3772
1	121	74	125.287	82.1401	9.1998
1	121	74	124.149	76.8542	4.24991
1	121	74	125.812	81.2963	8.74038
1	121	74	119.378	92.5878	18.6585
1	121	74	110.98	95.9583	24.1366
1	121	74	121.577	86.7958	12.8088
1	121	74	115.892	97.4821	24.0312
1	121	74	122.389	81.1992	7.33206
1	121	74	124.117	79.8968	6.66991
1	121	74	128.559	77.0927	8.16743
1	121	74	113.841	83.138	11.6084
1	121	74	115.21	93.6747	20.5091
1	121	74	126.242	86.5054	13.5595
1	121	74	121.55	73.85	0.570552
1	121	74	110.138	96.7677	25.226
1	121	74	129.539	81.5928	11.4267
1	121	74	128.523	77.9842	8.51331
1	121	74	127.236	79.7538	8.48467
1	121	74	117.66	75.8712	3.82813
1	121	74	118.981	82.2032	8.44813
1	121	74	141.722	82.204	22.2871
1	121	74	119.737	84.5867	10.6618
1	121	74	135.202	89.3353	20.9014
1	121	74	125.878	73.7112	4.8865
1	121	74	130.955	73.2427	9.98392
1	121	74	115.413	76.3471	6.05957
1	121	74	122.804	82.5695	8.75736
1	121	74	142.073	83.8157	23.2468
1	121	74	129.142	73.2579	8.17582
1	121	74	135.5	73.4667	14.5098
1	121	74	126.294	73.5866	5.30978
1	121	74	141.816	79.3468	21.4919
1	121	74	111.592	96.6445	24.5209
1	121	74	119.58	84.7262	10.8198
1	121	74	126.909	73.8641	5.9104
1	121	74	123.391	72.5041	2.8208
1	121	74	118.387	76.688	3.74871
1	121	74	132.22	77.6425	11.7962
1	121	74	121.543	70.925	3.1226
1	121	74	131.993	80.716	12.8821
1	121	74	117.636	91.9302	18.2431
1	121	74	117.53	45.5482	28.6626
1	121	74	124.777	68.451	6.71261
1	121	74	131.326	75.6435	10.4555
1	121	74	124.354	84.0115	10.5583
1	121	74	139.404	85.5777	21.743
1	121	74	133.368	79.9245	13.7137
1	121	74	98.8032	55.6231	28.8168
1	121	74	108.048	59.0172	19.8053
1	121	74	128.331	75.8105	7.55117
1	121	74	114.758	66.4936	9.76287
1	121	74	122.366	89.8352	15.894
1	121	74	125.568	68.889	6.85496
1	121	74	123.412	70.2706	4.44122
1	121	74	119.268	72.6603	2.1897
1	121	74	125.225	66.7485	8.3928
1	121	74	135.214	75.0333	14.2511
1	121	74	122.042	90.2	16.2335
1	121	74	133.484	76.5121	12.7342
1	121	74	119.156	77.3978	3.86589
1	121	74	117.843	84.0987	10.5808
1	121	74	132.37	80.7775	13.2364
1	121	74	120.327	45.9739	28.0341
1	121	74	120.481	73.9496	0.521395
1	121	74	116.454	95.2667	21.7472
1	121	74	119.948	74.4535	1.14517
1	121	74	136.596	70.0302	16.0928
1	121	74	120.423	45.9743	28.0316
1	121	74	119.665	73.1109	1.60394
1	121	74	74.2789	91.3614	49.8425
1	121	74	121.761	89.1865	15.2056
1	121	74	128.288	82.181	10.9564
1	121	74	118.81	75.9114	2.90671
1	121	74	131.309	80.311	12.0877
1	121	74	114.238	88.1604	15.692
1	121	74	123.869	78.3358	5.19936
1	121	74	50.4209	97.4275	74.3657
1	121	74	120.107	64.0386	10.0013
1	121	74	124.969	67.607	7.52499
1	121	74	116.466	76.1759	5.02926
1	121	74	132.283	73.9653	11.2826
1	121	74	118.1	83.6975	10.1217
1	121	74	120.89	83.8595	9.86012
1	121	74	126.412	79.5441	7.74771
1	121	74	124.898	77.4412	5.19985
1	121	74	121.569	76.9423	2.99688
1	121	74	116.134	78.1952	6.42467
1	121	74	123.989	83.7573	10.2047
1	121	74	88.3857	66.0322	33.5735
1	121	74	117.457	81.4002	8.2047
1	121	74	139.145	84.3572	20.8933
1	121	74	127.081	75.5925	6.28622
1	121	74	134.268	89.9198	20.7238
1	121	74	134.785	74.4248	13.7915
1	121	74	87.6085	66.1219	34.3083
1	121	74	125.834	68.5578	7.27882
1	121	74	130.049	73.5365	9.06117
1	121	74	120.342	75.798	1.91467
1	121	74	139.339	79.5086	19.1486
1	121	74	132.395	85.9022	16.4778
1	121	74	117.061	94.8874	21.2556
1	121	74	122.196	71.9185	2.40078
1	121	74	124.962	75.8869	4.38866
1	121	74	109.861	90.239	19.6923
1	121	74	45.5427	20.7932	92.3297
1	121	74	122.667	86.5345	12.6448
1	121	74	115.01	79.1445	7.89573
1	121	74	120.552	74.9926	1.08897
1	121	74	115.997	75.6881	5.28015
1	121	74	124.469	81.7138	8.45771
1	121	74	135.272	73.7998	14.2732
1	121	74	125.446	92.112	18.6497
1	121	74	134.038	73.5654	13.0457
1	121	74	118.605	79.9468	6.41112
1	121	74	141.006	82.0139	21.5516
1	121	74	124.501	68.2132	6.76351
1	121	74	131.431	77.9313	11.1476
1	121	74	122.765	75.7459	2.48295
1	121	74	117.877	82.8206	9.35717
1	121	74	127.159	74.7271	6.20194
1	121	74	119.983	77.105	3.26719
1	121	74	108.264	96.3558	25.7292
1	121	74	120.153	65.0034	9.03646
1	121	74	115.287	87.7782	14.9156
1	121	74	117.904	79.8932	6.65708
1	121	74	110.423	78.4668	11.4815
1	121	74	136.439	74.3578	15.4431
1	121	74	121.221	74.4525	0.503776
1	121	74	130.944	72.8754	10.0075
1	121	74	117.475	76.2484	4.18137
1	121	74	81.7855	55.0202	43.5662
1	121	74	130.785	82.2662	12.8095
1	121	74	117.337	80.4917	7.45397
1	121	74	123.765	72.981	2.94641
1	121	74	69.1314	89.0054	53.9955
1	121	74	131.194	81.4981	12.6543
1	121	74	119.053	45.8019	28.2652
1	121	74	118.391	75.0241	2.80281
1	121	74	62.6264	45.4427	64.9846
1	121	74	110.594	94.1092	22.6421
1	121	74	140.744	75.5345	19.8031
1	121	74	110.942	69.6629	10.9537
1	121	74	126.219	78.8417	7.11899
1	121	74	122.532	73.4901	1.61499
1	121	74	129.827	82.2224	12.0631
1	121	74	119.262	87.3108	13.4238
1	121	74	126.493	71.1549	6.18591
1	121	74	45.3587	94.9187	78.4805
1	121	74	104.503	83.7551	19.1652
1	121	74	134.306	52.0805	25.6421
1	121	74	121.933	67.6272	6.44079
1	121	74	121.48	83.8338	9.84555
1	121	74	140.827	84.1097	22.2557
1	121	74	128.318	76.0081	7.58811
1	121	74	137.434	53.5719	26.2179
1	121	74	139.233	85.6046	21.6123
1	121	74	124.044	77.9342	4.97437
1	121	74	121.784	83.8799	9.91092
1	121	74	109.691	93.0873	22.1858
1	121	74	140.641	76.1925	19.763
1	121	74	117.04	62.7977	11.8817
1	121	74	121.848	74.7448	1.12844
1	121	74	95.6514	69.0251	25.8322
1	121	74	57.3545	97.4291	67.8208
1	121	74	118.733	73.7915	2.27635
1	121	74	123.214	46.4535	27.6354
1	121	74	77.6776	45.2216	52.0099
1	121	74	133.079	82.1077	14.5476
1	121	74	123.552	61.9659	12.3017
1	121	74	127.134	71.4968	6.62471
1	121	74	121.711	71.4383	2.65862
1	121	74	126.062	76.9645	5.86615
1	121	74	126.108	85.8415	12.8961
1	121	74	44.2366	21.3055	93.1092
1	121	74	128.707	78.4976	8.9233
1	121	74	119.821	73.7269	1.2099
1	121	74	120.953	74.312	0.315551
1	121	74	118.789	76.8741	3.62633
1	121	74	131.464	78.9664	11.5826
1	121	74	124.315	86.5234	12.9547
1	121	74	120.171	85.8837	11.9125
1	121	74	61.1183	15.111	83.9865
1	121	74	129.172	47.0615	28.1508
1	121	74	108.463	96.4352	25.7003
1	121	74	129.593	77.2098	9.17317
1	121	74	122.937	88.5822	14.7102
1	121	74	121.46	81.0783	7.09329
1	121	74	123.153	73.5632	2.19651
1	121	74	122.951	46.3668	27.702
1	121	74	121.021	70.3394	3.66065
1	121	74	118.513	45.6752	28.4338
1	121	74	126.183	83.2886	10.6367
1	121	74	119.255	84.0177	10.1686
1	121	74	122.322	46.2785	27.753
1	121	74	131.094	79.5071	11.4985
1	121	74	127.605	79.4596	8.56938
1	121	74	125.582	81.8739	9.1102
1	121	74	127.32	77.042	7.01418
1	121	74	117.202	77.5688	5.21165
1	121	74	112.062	97.4858	25.1291
1	121	74	126.736	70.7021	6.61677
1	121	74	124.087	80.6353	7.31835
1	121	74	128.537	77.8968	8.4851
1	121	74	142.188	82.6674	22.8925
1	121	74	137.929	71.6772	17.0878
1	121	74	115.467	80.1373	8.26354
1	121	74	133.736	73.1047	12.7677
1	121	74	114.468	83.7488	11.7348
1	121	74	45.0414	20.9833	92.6309
1	121	74	139.84	86.235	22.4638
1	121	74	127.215	75.2352	6.33704
1	121	74	120.285	71.6506	2.45583
1	121	74	130.564	75.5009	9.68141
1	121	74	140.678	85.9643	23.0293
1	121	74	111.826	67.4444	11.2755
1	121	74	125.555	68.0282	7.51101
1	121	74	119.862	72.7662	1.67859
1	121	74	108.836	90.8282	20.7644
1	121	74	120.471	46.0166	27.9885
1	121	74	125.854	80.5662	8.16572
1	121	74	122.708	72.2798	2.42413
1	121	74	122.441	73.7733	1.45873
1	121	74	119.583	71.1374	3.19422
1	121	74	135.366	72.365	14.4586
1	121	74	115.088	81.1791	9.30027
1	121	74	119.182	45.8023	28.2563
1	121	74	108.718	96.7911	25.8897
1	121	74	121.353	73.506	0.606922
1	121	74	139.957	82.2362	20.6687
1	121	74	112.892	94.1453	21.7155
1	121	74	122.505	70.9567	3.39515
1	121	74	119.395	45.8029	28.2427
1	121	74	118.875	74.4211	2.16584
1	121	74	142.121	84.2567	23.48
1	121	74	107.565	70.5099	13.8812
1	121	74	128.302	71.9338	7.58831
1	121	74	128.751	71.5475	8.1302
1	121	74	116.179	76.3911	5.38107
1	121	74	125.424	77.4479	5.60887
1	121	74	120.778	72.2981	1.71633
1	121	74	123.792	91.5707	17.7911
1	121	74	109.794	97.4845	26.0209
1	121	74	133.575	78.4675	13.3453
1	121	74	118.938	75.8918	2.7984
1	121	74	113.372	83.5764	12.2429
1	121	74	64.0946	13.3445	83.1704
1	121	74	121.642	68.2348	5.80089
1	121	74	78.9707	97.2898	48.0508
1	121	74	121.876	77.8771	3.97467
1	121	74	123.463	82.0832	8.45009
1	121	74	100.668	70.7266	20.5937
1	121	74	135.524	73.7024	14.5272
1	121	74	126.82	77.9935	7.05848
1	121	74	118.465	84.3707	10.676
1	121	74	124.581	87.072	13.5536
1	121	74	122.299	72.843	1.7397
1	121	74	114.741	91.1807	18.2853
1	121	74	141.321	85.3547	23.2778
1	121	74	123.656	73.8552	2.66039
1	121	74	125.179	81.6753	8.73946
1	121	74	117.163	77.0798	4.92029
1	121	74	117.464	76.4263	4.28874
1	121	74	121.916	83.7056	9.74879
1	121	74	87.2623	64.2898	35.1073
1	121	74	130.017	79.6426	10.6373
1	121	74	122.285	70.0765	4.12854
1	121	74	57.5125	97.4291	67.6727
1	121	74	120.439	77.8665	3.90699
1	121	74	129.872	74.2884	8.87698
1	121	74	122.29	77.4169	3.65235
1	121	74	119.62	75.0901	1.75822
1	121	74	117.273	78.1597	5.58494
1	121	74	94.3118	52.3853	34.3433
1	121	74	124.732	80.4363	7.43998
1	121	74	87.455	66.0997	34.4628
1	121	74	118.429	71.2639	3.75439
1	121	74	122.48	85.9785	12.0697
1	121	74	119.478	80.1237	6.31012
1	121	74	123.125	91.7804	17.9069
1	121	74	113.453	97.1355	24.3355
1	121	74	126.782	83.8704	11.4393
1	121	74	85.1321	58.0316	39.2618
1	121	74	134.567	46.6693	30.5129
1	121	74	104.18	63.3375	19.9152
1	121	74	136.823	72.4399	15.8996
1	121	74	119.718	92.8802	18.9237
1	121	74	123.165	61.4752	12.7105
1	121	74	127.094	70.9026	6.836
1	121	74	121.97	76.9962	3.14932
1	121	74	115.271	97.4413	24.1313
1	121	74	117.975	84.4564	10.8853
1	121	74	119.527	83.2041	9.32126
1	121	74	110.283	96.5438	24.9616
1	121	74	119.609	74.7024	1.55792
1	121	74	88.1901	64.8867	34.052
1	121	74	136.728	72.4657	15.8029
1	121	74	130.9	81.0338	12.1441
1	121	74	70.1587	10.8965	81.0364
1	121	74	123.736	74.9304	2.88941
1	121	74	128.937	75.6262	8.10199
1	121	74	119.226	79.549	5.82579
1	121	74	124.662	72.8275	3.84515
1	121	74	122.22	86.9566	13.0139
1	121	74	121.548	75.5572	1.65088
1	121	74	81.0117	92.0278	43.8642
1	121	74	124.081	84.1751	10.6314
1	121	74	106.087	62.6166	18.7611
1	121	74	119.307	45.8027	28.2481
1	121	74	129.211	71.4961	8.58435
1	121	74	137.645	91.2383	23.9629
1	121	74	117.547	76.5639	4.30053
1	121	74	130.878	78.5538	10.8768
1	121	74	119.029	76.9283	3.53002
1	121	74	123.815	75.7812	3.33139
1	121	74	116.814	82.2493	9.25046
1	121	74	140.775	84.3581	22.3238
1	121	74	112.076	87.3535	16.061
1	121	74	118.035	86.6049	12.9488
1	121	74	134.942	78.3562	14.6068
1	121	74	137.662	77.2001	16.9662
1	121	74	121.376	77.3608	3.38177
1	121	74	125.69	70.7762	5.69118
1	121	74	119.031	74.7442	2.10522
1	121	74	121.551	66.3156	7.70418
1	121	74	51.7403	97.4278	73.1148
1	121	74	130.996	79.1369	11.2388
1	121	74	124.097	73.5425	3.13067
1	121	74	118.588	45.7425	28.3603
1	121	74	119.959	71.6321	2.58642
1	121	74	130.094	74.9374	9.14228
1	121	74	120.939	74.0096	0.062113
1	121	74	128.458	79.0706	9.01863
1	121	74	105.356	55.1052	24.5305
1	121	74	127.216	76.8317	6.83025
1	121	74	103.27	55.609	25.5459
1	121	74	127.376	74.6354	6.40733
1	121	74	140.551	86.082	22.9827
1	121	74	120.532	74.2028	0.510089
1	121	74	53.7613	17.763	87.6564
1	121	74	101.09	97.4384	30.753
1	121	74	121.565	83.7824	9.7987
1	121	74	127.986	69.3591	8.3869
1	121	74	120.908	78.7178	4.71865
1	121	74	140.175	77.2603	19.4497
1	121	74	132.905	76.116	12.0917
1	121	74	118.337	75.2546	2.94373
1	121	74	134.49	76.5399	13.7267
1	121	74	115.418	75.7552	5.85173
1	121	74	128.502	75.4629	7.64292
1	121	74	118.051	76.9389	4.16322
1	121	74	124.304	76.1144	3.92278
1	121	74	124.094	74.8097	3.19781
1	121	74	97.8991	61.6405	26.1994
1	121	74	140.271	87.4507	23.5007
1	121	74	122.123	78.4954	4.63355
1	121	74	120.117	78.9295	5.00797
1	121	74	119.918	74.1069	1.0874
1	121	74	119.789	77.0594	3.29022
1	121	74	118.749	85.5917	11.8083
1	121	74	128.376	79.1436	8.99252
1	121	74	132.458	71.1244	11.8129
1	121	74	129.029	73.5624	8.04119
1	121	74	131.453	90.2771	19.3445
1	121	74	69.8428	11.053	81.1134
1	121	74	120.188	75.3218	1.55109
1	121	74	130.589	83.8097	13.7176
1	121	74	70.135	10.9082	81.0421
1	121	74	118.952	73.581	2.09053
1	121	74	107.709	91.317	21.8295
1	121	74	126.669	70.0411	6.91441
1	121	74	127.213	77.424	7.09367
1	121	74	122.929	82.9085	9.1149
1	121	74	132.884	81.139	13.8639
1	121	74	87.5372	66.1075	34.381
1	121	74	125.301	74.3176	4.31223
1	121	74	122.517	75.323	2.01279
1	121	74	122.222	80.9653	7.07166
1	121	74	111.36	70.9883	10.0999
1	121	74	115.842	76.0705	5.55812
1	121	74	117.064	77.8882	5.53298
1	121	74	123.495	71.6112	3.45389
1	121	74	102.727	89.6696	24.0717
1	121	74	121.803	83.4052	9.43945
1	121	74	86.2821	66.1797	35.5878
1	121	74	124.521	77.3184	4.83865
1	121	74	114.597	71.1499	7.00886
1	121	74	121.976	72.1977	2.04978
1	121	74	127.334	68.3583	8.48204
1	121	74	119.055	75.3423	2.36359
1	121	74	124.493	78.8519	5.97818
1	121	74	130.325	73.1207	9.36603
1	121	74	127.407	88.7583	16.0891
1	121	74	139.131	82.0427	19.8346
1	121	74	115.992	81.9534	9.39862
1	121	74	136.829	88.9384	21.7646
1	121	74	117.885	76.4915	3.98887
1	121	74	124.691	46.6766	27.5715
1	121	74	113.214	85.8924	14.2145
1	121	74	130.825	79.0725	11.0575
1	121	74	59.7759	97.4296	65.5541
1	121	74	121.659	75.0945	1.27752
1	121	74	120.691	74.4578	0.552382
1	121	74	120.838	69.7589	4.2442
1	121	74	130.456	71.6842	9.7358
1	121	74	131.918	82.5386	13.8602
1	121	74	132.342	79.7479	12.7157
1	121	74	108.462	94.4768	24.0106
1	121	74	120.271	77.1949	3.27712
1	121	74	122.227	75.464	1.91004
1	121	74	141.645	83.2001	22.6026
1	121	74	123.475	65.688	8.67265
1	121	74	130.615	77.8717	10.3655
1	121	74	122.751	83.5258	9.68531
1	121	74	127.027	74.456	6.04403
1	121	74	125.922	74.635	4.96314
1	121	74	126.597	79.9098	8.13937
1	121	74	125.591	87.1057	13.8865
1	121	74	120.291	72.6903	1.48937
1	121	74	116.42	89.6805	16.3358
1	121	74	120.644	77.1624	3.18236
1	121	74	120.933	72.0973	1.90383
1	121	74	129.717	76.862	9.17466
1	121	74	134.49	78.4424	14.203
1	121	74	120.98	78.7215	4.72158
1	121	74	130.793	91.1783	19.7737
1	121	74	126.27	77.5972	6.38086
1	121	74	120.217	73.2112	1.11172
1	121	74	109.708	95.6663	24.4324
1	121	74	123.267	69.3193	5.2008
1	121	74	127.36	77.6167	7.31624
1	121	74	113.748	88.0396	15.802
1	121	74	132.821	77.1165	12.2251
1	121	74	118.235	91.7	17.9148
1	121	74	124.359	74.3052	3.37312
1	121	74	129.652	76.0009	8.87997
1	121	74	134.717	79.0973	14.6331
1	121	74	136.621	78.2051	16.1768
1	121	74	120.534	75.55	1.61865
1	121	74	135.149	74.0483	14.1494
1	121	74	122.162	85.4464	11.5052
1	121	74	107.679	96.5735	26.2108
1	121	74	122.976	84.1115	10.3028
1	121	74	92.7676	53.0837	35.1363
1	121	74	133.157	86.871	17.7049
1	121	74	120.245	74.3948	0.851772
1	121	74	120.516	72.5398	1.53818
1	121	74	120.182	54.7541	19.2633
1	121	74	105.481	96.6591	27.4641
1	121	74	122.049	88.9022	14.9391
1	121	74	124.803	78.1981	5.6647
1	121	74	109.866	71.1228	11.4998
1	121	74	104.944	97.4392	28.4111
1	121	74	120.752	69.7604	4.24685
1	121	74	114.813	76.1233	6.54162
1	121	74	105.666	60.258	20.591
1	121	74	120.621	71.8208	2.2119
1	121	74	139.069	77.6499	18.4342
1	121	74	99.6914	97.4381	31.6765
1	121	74	74.3533	90.1911	49.3768
1	121	74	130.17	84.648	14.0523
1	121	74	117.122	83.6032	10.3565
1	121	74	133.238	80.9311	14.0645
1	121	74	131.967	75.5777	11.0795
1	121	74	118.014	45.5907	28.5658
1	121	74	124.711	71.8608	4.28363
1	121	74	122.912	73.4093	2.00091
1	121	74	122.27	76.2209	2.55849
1	121	74	133.966	78.4183	13.6982
1	121	74	141.379	84.4701	22.9112
1	121	74	127.734	72.9629	6.81332
1	121	74	138.055	48.5083	30.6707
1	121	74	125.262	70.4275	5.56118
1	121	74	104.055	94.8262	26.8491
1	121	74	114.96	81.6274	9.72958
1	121	74	132.155	75.2691	11.2271
1	121	74	119.657	45.8876	28.1445
1	121	74	125.295	74.0518	4.2953
1	121	74	121.239	74.36	0.431927
1	121	74	121.279	46.1464	27.8549
1	121	74	122.538	84.043	10.1602
1	121	74	135.538	83.2938	17.2551
1	121	74	129.636	77.3297	9.25579
1	121	74	122.524	88.7483	14.8269
1	121	74	117.122	76.3247	4.52136
1	121	74	117.943	85.9315	12.3169
1	121	74	122.264	72.2544	2.15511
1	121	74	136.128	89.433	21.6111
1	121	74	130.492	82.1919	12.5381
1	121	74	119.552	75.3771	1.99801
1	121	74	126.497	71.6665	5.97137
1	121	74	117.316	75.0535	3.83193
1	121	74	130.456	76.6146	9.81038
1	121	74	130.064	77.0046	9.54919
1	121	74	131.533	74.2863	10.5365
1	121	74	128.024	76.2696	7.38114
1	121	74	135.217	43.4076	33.7344
1	121	74	118.935	75.696	2.67182
1	121	74	122.162	71.3757	2.87017
1	121	74	129.924	77.9015	9.73983
1	121	74	115.795	81.1551	8.848
1	121	74	116.951	76.5517	4.78578
1	121	74	120.034	74.067	0.96849
1	121	74	113.749	76.8258	7.78186
1	121	74	129.672	78.819	9.92123
1	121	74	119.597	74.3711	1.45088
1	121	74	141.04	77.4546	20.3357
1	121	74	120.111	78.5596	4.64551
1	121	74	105.505	64.2266	18.32
1	121	74	119.653	74.2897	1.37736
1	121	74	124.135	81.4693	8.10065
1	121	74	124.201	84.7886	11.2535
1	121	74	109.74	60.7078	17.4203
1	121	74	117.999	56.6797	17.5784
1	121	74	135.927	77.9689	15.4458
1	121	74	114.292	66.044	10.4068
1	121	74	122.654	82.3626	8.52451
1	121	74	130.23	71.2589	9.62863
1	121	74	119.206	45.8024	28.2546
1	121	74	123.011	76.1634	2.95362
1	121	74	126.447	84.47	11.8022
1	121	74	128.331	78.981	8.86283
1	121	74	125.854	80.1454	7.83136
1	121	74	109.466	71.1656	11.8768
1	121	74	70.1954	10.8782	81.0275
1	121	74	124.602	69.2545	5.95771
1	121	74	133.246	47.7399	28.975
1	121	74	120.981	72.7838	1.21637
1	121	74	121.518	77.6537	3.69029
1	121	74	97.8413	89.4401	27.8338
1	121	74	45.3053	20.8778	92.4752
1	121	74	119.661	76.3312	2.68835
1	121	74	46.0693	20.5709	92.0287
1	121	74	140.17	79.6759	19.9928
1	121	74	120.614	85.1477	11.1544
1	121	74	119.318	75.7098	2.39814
1	121	74	135.414	71.401	14.6464
1	121	74	124.389	70.3146	5.00658
1	121	74	123.33	86.1903	12.4109
1	121	74	117.828	76.1137	3.81161
1	121	74	69.9905	10.98	81.0771
1	121	74	122.874	70.926	3.60002
1	121	74	131.705	86.7661	16.6607
1	121	74	120.538	85.4368	11.4461
1	121	74	120.389	63.5894	10.4285
1	121	74	129.405	75.1184	8.47931
1	121	74	131.644	50.0801	26.1811
1	121	74	123.612	72.089	3.23616
1	121	74	115.533	80.1963	8.2632
1	121	74	122.054	77.4747	3.6311
1	121	74	117.294	76.2272	4.32396
1	121	74	139.473	85.7324	21.8838
1	121	74	112.1	97.4858	25.1154
1	121	74	126.306	74.8584	5.37465
1	121	74	133.69	79.3818	13.784
1	121	74	130.636	83.2202	13.3368
1	121	74	124.241	78.4894	5.53726
1	121	74	121.202	79.0338	5.03784
1	121	74	120.083	86.441	12.4748
1	121	74	124.385	77.8745	5.14511
1	121	74	129.632	77.2007	9.2063
1	121	74	117.807	75.2836	3.44169
1	121	74	141.53	84.6306	23.1194
1	121	74	45.2922	22.9851	91.2917
1	121	74	112.773	63.3634	13.4467
1	121	74	137.78	85.1745	20.1599
1	121	74	134.682	71.4939	13.9092
1	121	74	111.255	91.91	20.3894
1	121	74	120.243	76.2484	2.37247
1	121	74	78.1912	89.445	45.5098
1	121	74	86.8008	65.9335	35.1376
1	121	74	130.464	80.9883	11.7647
1	121	74	103.809	66.521	18.7478
1	121	74	120.967	89.0746	15.0746
1	121	74	113.804	80.4986	9.69577
1	121	74	120.985	73.372	0.628216
1	121	74	126.287	74.2247	5.29206
1	121	74	46.7453	20.4276	91.5629
1	121	74	122.203	85.8423	11.9033
1	121	74	117.621	80.0759	6.95241
1	121	74	132.491	79.5188	12.7474
1	121	74	123.79	92.175	18.388
1	121	74	77.8373	86.6025	44.9649
1	121	74	123.343	81.6652	8.01538
1	121	74	135.552	75.5362	14.6329
1	121	74	131.131	78.5684	11.1131
1	121	74	122.35	70.6553	3.60692
1	121	74	103.576	50.2738	29.437
1	121	74	133.918	76.4121	13.1415
1	121	74	125.518	70.99	5.42877
1	121	74	113.122	79.4425	9.57508
1	121	74	72.1666	11.291	79.4804
1	121	74	124.491	71.3442	4.38649
1	121	74	110.091	61.0291	16.9488
1	121	74	87.8117	66.1609	34.1016
1	121	74	135.61	75.6855	14.7071
1	121	74	116.759	77.2828	5.36323
1	121	74	126.178	77.6127	6.31365
1	121	74	123.485	83.7815	10.0922
1	121	74	113.174	71.8739	8.10978
1	121	74	133.602	47.7002	29.1632
1	121	74	111.625	92.2508	20.5179
1	121	74	69.8647	11.0422	81.108
1	121	74	121.541	85.4586	11.4714
1	121	74	122.512	67.5809	6.59482
1	121	74	79.9393	92.64	45.0936
1	121	74	141.525	84.4612	23.0367
1	121	74	110.175	93.7026	22.4803
1	121	74	111.473	90.0954	18.7035
1	121	74	92.5954	56.7925	33.2102
1	121	74	94.1269	57.6406	31.4609
1	121	74	127.927	75.2497	7.03925
1	121	74	56.8453	97.4289	68.299
1	121	74	129.869	81.9582	11.916
1	121	74	121.221	68.7147	5.28987
1	121	74	122.519	84.0166	10.1311
1	121	74	122.796	88.9551	15.0626
1	121	74	87.1673	65.9036	34.788
1	121	74	122.693	85.4142	11.5391
1	121	74	126.235	79.2725	7.43006
1	121	74	121.1	75.7769	1.77964
1	121	74	112.414	90.407	18.5179
1	121	74	120.409	80.4088	6.43603
1	121	74	119.132	80.8888	7.13745
1	121	74	108.997	95.6951	24.7944
1	121	74	119.572	72.2129	2.28727
1	121	74	130.37	76.961	9.82652
1	121	74	127.559	73.0561	6.62703
1	121	74	123.118	72.7192	2.47487
1	121	74	112.902	97.4502	24.8089
1	121	74	115.588	74.8009	5.47063
1	121	74	129.957	78.2912	9.932
1	121	74	117.721	85.0937	11.5681
1	121	74	120.94	78.3595	4.35991
1	121	74	129.648	84.0843	13.2849
1	121	74	138.97	84.127	20.6273
1	121	74	87.2231	66.165	34.6737
1	121	74	131.602	71.6524	10.859
1	121	74	124.282	84.2279	10.7416
1	121	74	128.398	77.9794	8.40031
1	121	74	135.151	76.1961	14.3208
1	121	74	119.306	71.6149	2.92545
1	121	74	119.585	45.8454	28.1901
1	121	74	129.019	84.427	13.1539
1	121	74	117.759	75.2014	3.4564
1	121	74	129.167	75.9285	8.39144
1	121	74	135.041	74.8356	14.0663
1	121	74	140.998	84.9791	22.8132
1	121	74	128.102	80.8041	9.83567
1	121	74	117.56	82.5225	9.19048
1	121	74	115.987	81.8473	9.31166
1	121	74	123.911	75.5567	3.301
1	121	74	132.764	61.3283	17.2906
1	121	74	123.461	66.871	7.54185
1	121	74	121.86	74.8922	1.23932
1	121	74	124.334	84.8288	11.3305
1	121	74	107.148	68.5666	14.8798
1	121	74	125.047	78.3702	5.95657
1	121	74	129.638	79.8197	10.4154
1	121	74	128.168	75.1165	7.25476
1	121	74	127.846	73.0077	6.91757
1	121	74	127.384	74.8564	6.44156
1	121	74	119.323	82.542	8.70516
1	121	74	131.74	74.9346	10.7808
1	121	74	118.677	79.2377	5.72957
1	121	74	118.152	77.344	4.3922
1	121	74	122.871	46.3664	27.6969
1	121	74	120.606	79.0565	5.07176
1	121	74	131.932	80.4421	12.6889
1	121	74	119.755	82.5174	8.60796
1	121	74	130.473	78.178	10.353
1	121	74	118.345	84.5357	10.865
1	121	74	131.541	72.8203	10.6065
1	121	74	127.411	69.1765	8.02258
1	121	74	119.056	82.4327	8.65383
1	121	74	117.468	77.4772	4.9564
1	121	74	120.7	73.7577	0.385499
1	121	74	120.999	74.9335	0.933478
1	121	74	108.334	96.6964	25.9913
1	121	74	122.708	75.0769	2.01904
1	121	74	120.369	71.7078	2.3776
1	121	74	68.4268	91.3521	55.3628
1	121	74	114.891	73.0442	6.18337
1	121	74	69.679	11.1339	81.1541
1	121	74	109.049	92.0771	21.6706
1	121	74	122.59	74.9382	1.84642
1	121	74	122.182	79.2993	5.42959
1	121	74	118.965	86.696	12.8581
1	121	74	100.289	97.0499	30.9877
1	121	74	127.672	85.584	13.368
1	121	74	123.681	68.715	5.92593
1	121	74	135.771	73.6071	14.776
1	121	74	116.107	91.8527	18.5111
1	121	74	123.98	81.2094	7.80119
1	121	74	119.08	76.6774	3.29451
1	121	74	121.628	87.8024	13.8166
1	121	74	135.758	72.5539	14.829
1	121	74	122.943	86.8077	12.9542
1	121	74	131.991	73.9202	10.9909
1	121	74	122.606	74.0146	1.60616
1	121	74	125.303	78.6888	6.3637
1	121	74	45.5588	20.7767	92.3261
