1	121	74	126.457	78.3381	6.97109
1	121	74	120.442	76.9666	3.01865
1	121	74	111.156	95.4773	23.6259
1	121	74	124.114	73.8981	3.11605
1	121	74	121.922	76.2112	2.39559
1	121	74	134.241	87.8593	19.1677
1	121	74	121.256	74.0327	0.257599
1	121	74	123.224	73.7009	2.2437
1	121	74	128.149	73.4578	7.16939
1	121	74	141.674	86.3367	24.0749
1	121	74	121.486	78.4991	4.52522
1	121	74	121.246	72.7927	1.23207
1	121	74	126.128	73.4159	5.1612
1	121	74	134.753	77.351	14.1551
1	121	74	123.608	75.412	2.96594
1	121	74	123.039	71.8927	2.93236
1	121	74	126.876	76.0637	6.22764
1	121	74	123.149	77.2303	3.87978
1	121	74	121.723	71.3673	2.73009
1	121	74	126.43	73.3145	5.47273
1	121	74	123.716	78.1806	4.98529
1	121	74	125.375	74.516	4.40546
1	121	74	107.568	96.802	26.4643
1	121	74	123.667	74.1336	2.67068
1	121	74	119.491	75.6113	2.20733
1	121	74	129.193	73.1301	8.23931
1	121	74	113.055	86.9832	15.2211
1	121	74	111.598	91.7713	20.105
1	121	74	118.351	77.8165	4.64605
1	121	74	118.783	78.6503	5.15169
1	121	74	110.3	97.3379	25.6738
1	121	74	117.927	75.0154	3.23599
1	121	74	140.794	85.8413	23.0652
1	121	74	120.565	76.7539	2.78802
1	121	74	126.39	74.7689	5.44438
1	121	74	128.618	79.6145	9.46306
1	121	74	120.518	79.3787	5.40028
1	121	74	123.953	77.593	4.65088
1	121	74	118.338	74.5233	2.71307
1	121	74	123.62	71.2474	3.7998
1	121	74	118.995	75.0536	2.26463
1	121	74	118.356	76.4226	3.58632
1	121	74	123.654	77.2702	4.21171
1	121	74	112.022	72.5172	9.09939
1	121	74	119.9	75.1088	1.56196
1	121	74	123.962	78.1118	5.06776
1	121	74	122.103	82.3392	8.41185
1	121	74	132.265	90.8218	20.2453
1	121	74	127.754	74.8705	6.80981
1	121	74	116.927	86.5685	13.2118
1	121	74	111.261	70.6549	10.2975
1	121	74	121.841	78.5035	4.5813
1	121	74	128.207	73.9795	7.2071
1	121	74	124.844	73.523	3.87382
1	121	74	123.34	76.6468	3.53314
1	121	74	118.843	74.6588	2.25571
1	121	74	124.847	76.8591	4.79331
1	121	74	120.968	81.5797	7.57977
1	121	74	119.025	73.2063	2.12856
1	121	74	123.189	73.4184	2.26497
1	121	74	120.181	78.6741	4.74532
1	121	74	126.267	78.2495	6.76767
1	121	74	125.372	71.7887	4.89977
1	121	74	127.282	73.5777	6.29632
1	121	74	118.45	76.8328	3.81163
1	121	74	122.556	78.0787	4.36529
1	121	74	127.468	80.3201	9.04307
1	121	74	112.09	97.4309	25.0679
1	121	74	116.242	76.5654	5.40529
1	121	74	113.876	76.8551	7.67516
1	121	74	118.713	75.0867	2.53248
1	121	74	109.434	97.3227	26.0333
1	121	74	121.989	73.5999	1.06693
1	121	74	121.022	74.0839	0.0868851
1	121	74	125.011	77.6576	5.42849
1	121	74	111.002	96.8159	24.9105
1	121	74	117.669	77.8828	5.11572
1	121	74	115.177	97.4672	24.1788
1	121	74	125.012	72.5597	4.26232
1	121	74	121.534	71.3179	2.73481
1	121	74	122.973	79.5382	5.87929
1	121	74	109.49	91.5652	21.0006
1	121	74	120.159	74.1564	0.855196
1	121	74	122.853	75.4746	2.36848
1	121	74	125.084	75.3948	4.31603
1	121	74	118.118	77.1496	4.26905
1	121	74	108.325	94.3747	23.9953
1	121	74	120.444	77.0611	3.11121
1	121	74	117.065	76.2895	4.55255
1	121	74	119.501	76.0207	2.51593
1	121	74	113.132	97.4199	24.7061
1	121	74	140.265	86.5698	23.0028
1	121	74	120.734	70.7117	3.29905
1	121	74	120.538	68.836	5.1847
1	121	74	122.693	74.3301	1.72513
1	121	74	119.502	76.7096	3.09603
1	121	74	124.577	77.8491	5.2549
1	121	74	119.439	73.4451	1.65693
1	121	74	123.899	77.2692	4.36954
1	121	74	121.326	77.223	3.23942
1	121	74	116.857	72.3585	4.45666
1	121	74	123.93	74.5352	2.97888
1	121	74	124.276	80.03	6.86231
1	121	74	117.748	75.6066	3.62696
1	121	74	125.897	73.4698	4.92528
1	121	74	74.6779	95.3153	50.991
1	121	74	121.143	71.816	2.18869
1	121	74	113.626	97.4272	24.5604
1	121	74	119.76	74.6314	1.39163
1	121	74	122.832	83.7171	9.8882
1	121	74	124.475	82.3151	9.01202
1	121	74	121.41	73.2426	0.861349
1	121	74	124.47	72.6232	3.7333
1	121	74	112.885	97.4274	24.7932
1	121	74	131.179	77.3336	10.711
1	121	74	118.846	76.915	3.62444
1	121	74	124.795	75.2181	3.98541
1	121	74	117.709	77.0659	4.49766
1	121	74	118.758	76.9026	3.66733
1	121	74	123.503	73.3973	2.57408
1	121	74	140.371	85.9082	22.7384
1	121	74	108.635	94.9014	24.2851
1	121	74	129.963	88.0855	16.6953
1	121	74	142.192	85.0313	23.8909
1	121	74	112.701	74.3164	8.30458
1	121	74	112.56	97.3845	24.861
1	121	74	121.154	71.1412	2.86289
1	121	74	124.221	80.7332	7.46398
1	121	74	105.366	93.1181	24.6963
1	121	74	124.291	75.2038	3.50409
1	121	74	111.595	97.4915	25.3043
1	121	74	110.678	75.3582	10.411
1	121	74	120.895	72.6426	1.36139
1	121	74	121.327	76.8656	2.88421
1	121	74	117.618	77.0545	4.55742
1	121	74	123.057	75.1251	2.34427
1	121	74	118.812	74.117	2.19065
1	121	74	111.452	97.3455	25.2224
1	121	74	119.588	73.8099	1.42491
1	121	74	119.16	75.0898	2.13878
1	121	74	123.042	74.3524	2.07211
1	121	74	122.104	76.372	2.6164
1	121	74	124.619	77.1031	4.76707
1	121	74	120.751	77.5404	3.54915
1	121	74	122.87	78.0774	4.48564
1	121	74	125.585	71.9402	5.02615
1	121	74	104.217	66.1424	18.5313
1	121	74	120.292	73.1717	1.08956
1	121	74	119.557	78.6162	4.83639
1	121	74	118.821	75.2575	2.51584
1	121	74	119.363	74.2516	1.65662
1	121	74	108.877	67.0763	13.9605
1	121	74	114.029	88.092	15.7221
1	121	74	127.089	78.2231	7.40997
1	121	74	134.991	84.6116	17.5602
1	121	74	117.752	76.4968	4.09688
1	121	74	123.658	77.425	4.33526
1	121	74	109.296	94.071	23.2342
1	121	74	120.253	77.3261	3.40901
1	121	74	123.322	77.8076	4.45992
1	121	74	122.258	72.2179	2.18166
1	121	74	123.193	78.3559	4.87697
1	121	74	119.424	75.1449	1.94804
1	121	74	120.25	71.1954	2.90307
1	121	74	123.818	76.7985	3.97178
1	121	74	124.698	80.0548	7.09487
1	121	74	122.734	76.3214	2.89776
1	121	74	116.859	77.1743	5.21776
1	121	74	125.775	76.8821	5.577
1	121	74	122.005	66.8499	7.22037
1	121	74	124.084	73.3158	3.15898
1	121	74	119.998	74.7332	1.24196
1	121	74	140.074	85.084	22.0603
1	121	74	125.236	76.6908	5.01807
1	121	74	118.349	75.0032	2.83487
1	121	74	126.692	78.1157	7.02424
1	121	74	120.775	74.3726	0.435138
1	121	74	122.063	72.8163	1.59104
1	121	74	121.61	82.5066	8.52846
1	121	74	127.59	77.996	7.70705
1	121	74	129.926	77.4154	9.55686
1	121	74	124.536	76.1927	4.16036
1	121	74	115.4	76.1306	5.99162
1	121	74	102.803	97.4387	29.6733
1	121	74	121.385	79.3596	5.37339
1	121	74	122.531	75.8729	2.41896
1	121	74	118.356	73.5163	2.68795
1	121	74	123.147	73.5002	2.20454
1	121	74	140.051	80.9912	20.2935
1	121	74	140.004	86.3977	22.6901
1	121	74	112.128	97.3426	24.9717
1	121	74	108.649	94.17	23.651
1	121	74	124.605	74.9442	3.72653
1	121	74	119.488	75.5115	2.13828
1	121	74	110.254	92.7264	21.5908
1	121	74	120.804	71.9476	2.06179
1	121	74	114.268	76.2436	7.0956
1	121	74	119.244	77.8231	4.2071
1	121	74	122.776	84.57	10.7183
1	121	74	126.754	77.4586	6.71307
1	121	74	118.115	75.1735	3.11415
1	121	74	119.036	74.7195	2.09151
1	121	74	115.07	90.8286	17.8427
1	121	74	122.941	74.2239	1.95353
1	121	74	113.024	95.2631	22.7098
1	121	74	124.75	78.7636	6.06242
1	121	74	125.996	74.5806	5.02976
1	121	74	120.891	77.293	3.29481
1	121	74	123.62	80.6383	7.13651
1	121	74	121.558	77.5031	3.54726
1	121	74	119.687	74.7061	1.49092
1	121	74	121.859	67.3768	6.67871
1	121	74	118.781	75.6542	2.76776
1	121	74	106.346	89.6206	21.4184
1	121	74	115.138	76.8324	6.51011
1	121	74	127.702	74.5221	6.72276
1	121	74	121.976	74.3639	1.04159
1	121	74	118.032	78.7286	5.58269
1	121	74	121.729	77.2372	3.31823
1	121	74	124.065	79.0726	5.92659
1	121	74	108.125	97.3254	26.6429
1	121	74	114.478	97.0649	23.9693
1	121	74	104.278	67.6084	17.9019
1	121	74	68.0269	11.6754	81.7955
1	121	74	111.255	76.1272	9.97488
1	121	74	120.421	76.1182	2.1958
1	121	74	117.669	77.3967	4.75765
1	121	74	121.085	75.1285	1.13173
1	121	74	119.712	74.4273	1.35684
1	121	74	121.289	79.235	5.24297
1	121	74	85.2304	95.8126	41.8958
1	121	74	122.872	80.1867	6.4636
1	121	74	118.399	76.0052	3.28389
1	121	74	125.347	76.2546	4.89731
1	121	74	126.295	72.8717	5.41407
1	121	74	141.732	82.4058	22.371
1	121	74	125.958	75.1466	5.08908
1	121	74	124.329	78.358	5.48429
1	121	74	126.445	73.1818	5.50611
1	121	74	111.576	95.1368	23.1427
1	121	74	121.69	74.6901	0.976063
1	121	74	119.565	77.2825	3.58258
1	121	74	124.289	76.0287	3.86469
1	121	74	140.162	86.3319	22.7868
1	121	74	117.415	75.2582	3.79967
1	121	74	120.864	77.2748	3.27761
1	121	74	118.498	74.9152	2.66405
1	121	74	123.308	74.3054	2.32776
1	121	74	122.377	73.1955	1.59458
1	121	74	121.703	77.7292	3.79478
1	121	74	120.266	70.5252	3.55136
1	121	74	142.11	84.1777	23.4357
1	121	74	122.502	76.2874	2.73628
1	121	74	117.225	76.0023	4.27336
1	121	74	126.222	74.9826	5.31348
1	121	74	112.76	70.7704	8.84989
1	121	74	121.138	74.6963	0.70978
1	121	74	141.27	85.7843	23.4465
1	121	74	121.306	76.703	2.72019
1	121	74	118.976	75.7277	2.66116
1	121	74	118.995	78.5624	4.98368
1	121	74	119.075	77.6788	4.15192
1	121	74	123.804	79.4111	6.09429
1	121	74	124.748	73.8058	3.75269
1	121	74	122.454	75.2094	1.89118
1	121	74	121.321	78.5885	4.59972
1	121	74	121.812	73.5818	0.91319
1	121	74	123.792	71.8096	3.54881
1	121	74	119.264	68.111	6.13964
1	121	74	109.522	95.217	24.1225
1	121	74	125.202	72.4412	4.48208
1	121	74	111.952	95.6586	23.4727
1	121	74	122.832	70.8724	3.62482
1	121	74	122.179	71.3234	2.92487
1	121	74	123.275	75.8533	2.93418
1	121	74	120.293	72.6331	1.53905
1	121	74	122.756	75.7823	2.5019
1	121	74	118.771	83.8141	10.0639
1	121	74	121.059	72.8868	1.1148
1	121	74	123.1	74.6595	2.20131
1	121	74	121.072	79.8206	5.82109
1	121	74	122.542	83.8215	9.94187
1	121	74	122.129	80.8873	6.97914
1	121	74	123.407	71.4973	3.4726
1	121	74	119.877	76.7024	2.9266
1	121	74	120.788	73.3773	0.657852
1	121	74	121.051	73.2042	0.797406
1	121	74	123.327	81.1532	7.52218
1	121	74	123.271	73.9688	2.27141
1	121	74	119.733	75.7088	2.12713
1	121	74	125.75	75.128	4.8825
1	121	74	99.1474	64.3201	23.9005
1	121	74	120.033	76.1488	2.35657
1	121	74	124.771	74.4079	3.79276
1	121	74	122.351	75.9129	2.34201
1	121	74	112.385	67.9176	10.546
1	121	74	110.073	97.3577	25.7874
1	121	74	117.566	81.2029	7.97969
1	121	74	120.306	74.5778	0.902912
1	121	74	141.489	85.671	23.5797
1	121	74	125.829	79.3382	7.19832
1	121	74	112.179	97.4767	25.0793
1	121	74	140.786	86.3538	23.3264
1	121	74	119.181	74.4671	1.87851
1	121	74	118.924	74.7332	2.2019
1	121	74	119.398	75.7878	2.40081
1	121	74	120.503	82.3503	8.36505
1	121	74	127.591	72.5214	6.75439
1	121	74	117.662	77.1199	4.569
1	121	74	123.3	75.5393	2.76731
1	121	74	121.498	77.1531	3.19211
1	121	74	117.576	77.5925	4.96257
1	121	74	121.55	70.6789	3.36636
1	121	74	125.166	74.5653	4.20461
1	121	74	117.632	87.5839	13.9952
1	121	74	125.374	77.0451	5.32922
1	121	74	125.574	73.872	4.57596
1	121	74	108.258	95.8528	25.2963
1	121	74	119.184	79.5053	5.7972
1	121	74	121.58	76.09	2.16886
1	121	74	124.645	73.9899	3.64504
1	121	74	117.857	74.7087	3.22209
1	121	74	110.505	97.3396	25.5906
1	121	74	118.259	77.0051	4.06715
1	121	74	118.838	74.5194	2.22385
1	121	74	122.578	71.911	2.61828
1	121	74	127.657	73.2517	6.69924
1	121	74	119.015	73.0901	2.18373
1	121	74	126.082	73.975	5.08182
1	121	74	121.108	74.3325	0.349485
1	121	74	118.951	77.9829	4.47888
1	121	74	120.932	69.2291	4.77134
1	121	74	119.882	73.94	1.11915
1	121	74	122.082	75.6004	1.93187
1	121	74	126.339	72.4442	5.56132
1	121	74	116.999	76.4601	4.69718
1	121	74	121.311	76.4554	2.47501
1	121	74	126.349	76.4744	5.89394
1	121	74	121.456	77.6212	3.64974
1	121	74	124.614	77.4889	5.02359
1	121	74	109.843	95.1615	23.9227
1	121	74	118.491	75.4265	2.88658
1	121	74	119.481	75.4633	2.10945
1	121	74	123.663	72.0332	3.31096
1	121	74	122.892	69.8358	4.57372
1	121	74	112.931	93.3817	20.9942
1	121	74	123.488	77.3182	4.14759
1	121	74	124.977	76.5243	4.71059
1	121	74	119.296	74.2822	1.72745
1	121	74	121.093	78.8751	4.87599
1	121	74	117.995	76.864	4.15146
1	121	74	118.522	76.6006	3.59215
1	121	74	124.738	78.8476	6.12135
1	121	74	134.84	82.3634	16.1711
1	121	74	94.6439	63.7533	28.2779
1	121	74	127.211	85.4353	13.013
1	121	74	132.762	90.4167	20.1951
1	121	74	120.652	73.8272	0.38856
1	121	74	120.542	78.6646	4.68703
1	121	74	122.009	80.0908	6.17388
1	121	74	133.902	89.8916	20.4697
1	121	74	112.716	97.3809	24.8051
1	121	74	122.091	77.9525	4.10037
1	121	74	119.542	77.5747	3.86079
1	121	74	123.232	72.3495	2.77559
1	121	74	123.141	75.8561	2.83377
1	121	74	118.669	81.6061	7.95524
1	121	74	127.351	75.6827	6.56989
1	121	74	126.699	77.2412	6.55608
1	121	74	125.577	77.1192	5.53914
1	121	74	119.856	77.5678	3.74675
1	121	74	108.5	90.4441	20.6558
1	121	74	118.714	85.3789	11.6063
1	121	74	123.737	73.5586	2.77261
1	121	74	125.314	71.593	4.94015
1	121	74	106.185	66.1571	16.7628
1	121	74	117.234	75.809	4.17837
1	121	74	125.708	72.7109	4.88108
1	121	74	122.993	73.8644	1.99782
1	121	74	122.645	72.5183	2.21422
1	121	74	122.403	79.2509	5.43507
1	121	74	125.211	72.3628	4.51815
1	121	74	127.877	75.9274	7.14192
1	121	74	122.038	70.5142	3.63709
1	121	74	124.02	71.6313	3.83832
1	121	74	126.739	78.1541	7.08504
1	121	74	118.165	78.275	5.12957
1	121	74	124.579	73.1048	3.68902
1	121	74	120.512	70.0897	3.94068
1	121	74	120.98	73.4166	0.583758
1	121	74	119.723	73.3961	1.41288
1	121	74	124.844	74.139	3.84606
1	121	74	124.757	75.1032	3.9155
1	121	74	104.264	90.0217	23.1687
1	121	74	120.555	79.9312	5.94787
1	121	74	121.342	74.981	1.03885
1	121	74	111.434	91.0889	19.5843
1	121	74	117.512	76.4627	4.26973
1	121	74	121.63	76.8175	2.88722
1	121	74	118.231	77.0743	4.13749
1	121	74	125.109	73.8862	4.11038
1	121	74	117.075	76.7317	4.78195
1	121	74	118.862	75.4119	2.56237
1	121	74	118.428	76.4569	3.55675
1	121	74	125.999	77.8762	6.32577
1	121	74	118.566	75.078	2.66179
1	121	74	123.106	72.0083	2.89831
1	121	74	121.207	74.921	0.943856
1	121	74	120.486	74.8911	1.02858
1	121	74	115.508	75.8493	5.7954
1	121	74	114.873	97.4518	24.239
1	121	74	118.854	81.0441	7.36372
1	121	74	123.676	78.7299	5.43442
1	121	74	126.052	73.0894	5.1332
1	121	74	121.952	73.3903	1.13086
1	121	74	127.056	76.2127	6.44746
1	121	74	120.748	74.0072	0.252012
1	121	74	121.611	77.1025	3.16222
1	121	74	122.903	78.2005	4.61134
1	121	74	121.346	72.9397	1.11551
1	121	74	133.122	87.8599	18.4132
1	121	74	110.066	95.095	23.7601
1	121	74	113.769	94.9912	22.2016
1	121	74	132.837	74.3062	11.841
1	121	74	122.362	78.6714	4.86605
1	121	74	123.714	71.7432	3.53007
1	121	74	111.064	95.5296	23.7119
1	121	74	112.554	90.2085	18.277
1	121	74	121.551	78.7157	4.74786
1	121	74	119.856	75.391	1.80092
1	121	74	126.725	73.4011	5.75673
1	121	74	126.084	74.5774	5.1163
1	121	74	122.801	78.8106	5.13649
1	121	74	67.7837	11.7946	81.8626
1	121	74	123.563	80.3077	6.80855
1	121	74	119.919	78.0111	4.15411
1	121	74	122.31	71.785	2.57341
1	121	74	111.397	91.6127	20.0605
1	121	74	120.46	75.183	1.30037
1	121	74	118.387	76.4446	3.57793
1	121	74	120.976	70.1205	3.87956
1	121	74	121.592	70.5636	3.48704
1	121	74	109.601	95.9339	24.7191
1	121	74	112.96	96.4009	23.8001
1	121	74	126.513	74.4668	5.53266
1	121	74	118.098	77.8113	4.7904
1	121	74	127.162	75.1287	6.26403
1	121	74	119.036	76.0821	2.86203
1	121	74	123.408	79.7336	6.21868
1	121	74	100.904	85.5312	23.169
1	121	74	121.282	75.2689	1.29976
1	121	74	127.263	75.4669	6.43234
1	121	74	120.236	77.091	3.18395
1	121	74	90.0681	65.7948	32.0017
1	121	74	122.22	76.4984	2.78044
1	121	74	107.259	95.8368	25.8005
1	121	74	119.833	79.4407	5.56447
1	121	74	118.695	79.8187	6.2588
1	121	74	113.499	85.7845	13.9692
1	121	74	121.85	77.2479	3.35728
1	121	74	112.689	70.0415	9.20518
1	121	74	130.941	90.4608	19.2297
1	121	74	121.845	77.0791	3.19301
1	121	74	107.164	91.8906	22.6165
1	121	74	121.439	75.7771	1.83046
1	121	74	124.915	75.087	4.06263
1	121	74	126.234	74.086	5.23477
1	121	74	120.962	70.2158	3.78439
1	121	74	120.189	76.8147	2.9291
1	121	74	127.113	75.1121	6.21329
1	121	74	126.332	74.7188	5.38007
1	121	74	119.531	73.485	1.55675
1	121	74	119.309	72.8771	2.02979
1	121	74	121.082	78.5971	4.59783
1	121	74	125.527	77.2992	5.6018
1	121	74	117.573	75.0467	3.58366
1	121	74	124.807	70.8854	4.91888
1	121	74	121.253	78.6058	4.61273
1	121	74	141.827	83.6798	22.9669
1	121	74	125.549	75.2129	4.70767
1	121	74	126.648	75.2012	5.77467
1	121	74	120.212	77.2645	3.35821
1	121	74	117.681	78.784	5.82234
1	121	74	117.688	77.6824	4.95305
1	121	74	121.645	74.8948	1.10329
1	121	74	122.512	73.8044	1.52411
1	121	74	122.737	75.6511	2.39653
1	121	74	121.178	78.7558	4.7591
1	121	74	121.43	72.2323	1.81932
1	121	74	132.085	90.348	19.7519
1	121	74	117.859	77.4106	4.63654
1	121	74	120.687	74.1766	0.359749
1	121	74	113.405	97.3933	24.5954
1	121	74	125.074	74.511	4.10565
1	121	74	124.813	75.036	3.95163
1	121	74	122.122	75.0786	1.55655
1	121	74	121.719	75.6186	1.77117
1	121	74	122.982	79.4702	5.8183
1	121	74	123.418	75.2465	2.72029
1	121	74	141.131	86.1983	23.5385
1	121	74	132.497	90.3029	19.9489
1	121	74	119.29	77.5103	3.90478
1	121	74	117.533	76.0397	4.02294
1	121	74	109.427	66.1688	13.9734
1	121	74	120.124	71.6613	2.49721
1	121	74	120.048	75.214	1.54246
1	121	74	123.017	70.5593	3.98843
1	121	74	118.216	75.627	3.22462
1	121	74	118.698	73.3779	2.3843
1	121	74	125.198	78.8979	6.45085
1	121	74	119.761	73.8682	1.24592
1	121	74	118.055	86.0572	12.4117
1	121	74	119.706	73.0744	1.59087
1	121	74	123.579	77.0857	4.02151
1	121	74	118.874	75.045	2.36877
1	121	74	119.129	78.1246	4.52905
1	121	74	121.839	71.3525	2.77741
1	121	74	117.124	76.8075	4.7857
1	121	74	119.321	74.5639	1.77077
1	121	74	124.84	72.2154	4.23401
1	121	74	121.488	76.273	2.32479
1	121	74	114.603	90.0545	17.2819
1	121	74	121.863	72.8778	1.41564
1	121	74	121.32	76.2213	2.24418
1	121	74	125.169	73.4169	4.20953
1	121	74	122.315	74.8875	1.58607
1	121	74	126.983	73.7573	5.98824
1	121	74	120.554	70.7152	3.31496
1	121	74	112.938	89.0367	17.0615
1	121	74	122.15	76.5331	2.78181
1	121	74	114.368	76.6343	7.13566
1	121	74	125.309	73.65	4.32286
1	121	74	128.421	73.4515	7.44166
1	121	74	132.459	76.7042	11.774
1	121	74	119.377	71.8018	2.73271
1	121	74	127.946	76.006	7.22959
1	121	74	123.592	72.5916	2.94978
1	121	74	127.377	73.3354	6.41158
1	121	74	125.022	76.2792	4.62294
1	121	74	118.318	86.6033	12.8854
1	121	74	120.288	71.6582	2.44754
1	121	74	123.334	76.4909	3.41355
1	121	74	124.462	76.4301	4.23009
1	121	74	122.143	79.9388	6.04781
1	121	74	121.198	77.3676	3.37338
1	121	74	117.878	76.8837	4.25034
1	121	74	124.137	71.5313	3.99167
1	121	74	127.015	72.8021	6.13335
1	121	74	122.781	74.3802	1.8211
1	121	74	141.734	82.0419	22.2392
1	121	74	120.971	70.2632	3.73695
1	121	74	115.603	77.2202	6.28489
1	121	74	124.519	75.0231	3.6647
1	121	74	106.455	69.0898	15.351
1	121	74	120.066	71.4077	2.75526
1	121	74	118.787	73.2868	2.3248
1	121	74	127.154	76.53	6.65388
1	121	74	122.359	81.9573	8.07254
1	121	74	107.224	93.5602	23.9245
1	121	74	119.722	77.1785	3.42586
1	121	74	123.054	75.0775	2.3196
1	121	74	105.86	83.5718	17.9123
1	121	74	126.619	74.5991	5.65116
1	121	74	142.169	84.1419	23.4728
1	121	74	117.967	75.7162	3.48502
1	121	74	122.258	74.8205	1.50188
1	121	74	125.445	72.6847	4.63542
1	121	74	123.665	79.9846	6.55126
1	121	74	114.397	97.3903	24.3045
1	121	74	118.302	82.6337	9.0454
1	121	74	123.373	77.1505	3.94435
1	121	74	121.32	75.8471	1.87454
1	121	74	118.565	76.1074	3.22039
1	121	74	127.385	73.1696	6.43891
1	121	74	133.428	81.2043	14.3648
1	121	74	128.266	75.0039	7.33457
1	121	74	125.062	73.5416	4.08768
1	121	74	120.175	72.1593	2.01713
1	121	74	142.191	84.5984	23.6936
1	121	74	118.938	74.9856	2.28555
1	121	74	109.401	91.6223	21.0971
1	121	74	93.5142	97.4368	36.1214
1	121	74	114.652	82.8306	10.8757
1	121	74	120.927	78.0146	4.01527
1	121	74	125.195	72.403	4.48869
1	121	74	120.465	76.1205	2.18691
1	121	74	110.747	92.0939	20.7972
1	121	74	121.126	70.7668	3.23566
1	121	74	125.837	73.8555	4.83909
1	121	74	123.78	77.1306	4.18681
1	121	74	125.581	77.0918	5.52655
1	121	74	122.453	76.3388	2.75347
1	121	74	122.722	72.6008	2.21875
1	121	74	89.0423	66.2331	32.888
1	121	74	124.947	74.3112	3.95884
1	121	74	122.93	73.824	1.93846
1	121	74	119.036	75.0041	2.2056
1	121	74	101.731	82.9961	21.2658
1	121	74	119.398	73.4784	1.68441
1	121	74	122.949	75.3156	2.3518
1	121	74	101.196	84.2058	22.2791
1	121	74	120.85	77.2783	3.28174
1	121	74	141.941	85.7801	24.027
1	121	74	126.018	72.0612	5.37911
1	121	74	123.603	77.0502	4.01
1	121	74	116.791	81.7055	8.77997
1	121	74	128.405	73.6321	7.41446
1	121	74	124.449	73.9617	3.44885
1	121	74	103.51	63.3261	20.4896
1	121	74	107.555	90.0984	20.9742
1	121	74	90.3054	65.7131	31.7936
1	121	74	122.037	70.6324	3.52359
1	121	74	128.513	70.6477	8.22709
1	121	74	118.069	78.1296	5.06384
1	121	74	115.663	81.5035	9.20769
1	121	74	121.356	76.7584	2.78121
1	121	74	139.615	87.6219	23.0665
1	121	74	116.47	76.6236	5.2347
1	121	74	117.743	76.5476	4.13461
1	121	74	117.113	76.8129	4.79793
1	121	74	88.4881	59.6708	35.5295
1	121	74	126.018	72.2742	5.30599
1	121	74	122.936	74.764	2.08117
1	121	74	104.479	86.8477	20.9287
1	121	74	124.535	75.6063	3.88296
1	121	74	123.596	76.9143	3.90282
1	121	74	120.678	78.6569	4.66807
1	121	74	117	76.6976	4.82448
1	121	74	124.015	77.4152	4.55585
1	121	74	119.469	76.9758	3.34652
1	121	74	123.881	75.9818	3.49685
1	121	74	121.862	75.5379	1.76283
1	121	74	118.773	76.1038	3.06379
1	121	74	141.582	83.2882	22.5809
1	121	74	121.836	79.0172	5.08635
1	121	74	124.247	73.7407	3.2573
1	121	74	115.966	77.2761	6.00605
1	121	74	114.646	76.2999	6.75765
1	121	74	126.076	69.0749	7.07284
1	121	74	121.565	78.566	4.60092
1	121	74	123.582	77.61	4.43814
1	121	74	122.31	77.3453	3.59264
1	121	74	135.78	83.0133	17.3116
1	121	74	120.317	81.6679	7.69833
1	121	74	121.293	71.2221	2.79336
1	121	74	122.474	69.7398	4.50787
1	121	74	116.697	77.4445	5.51153
1	121	74	117.62	89.9168	16.2717
1	121	74	118.785	73.5274	2.26458
1	121	74	116.828	88.0715	14.677
1	121	74	116.205	68.499	7.29771
1	121	74	125.912	77.8238	6.22465
1	121	74	141.878	83.0239	22.7451
1	121	74	120.775	74.4532	0.5061
1	121	74	107.848	94.5435	24.3928
1	121	74	118.045	76.6276	3.95397
1	121	74	141.221	83.9287	22.5272
1	121	74	119.908	75.6603	1.98706
1	121	74	119.453	74.4435	1.60945
1	121	74	125.376	73.9554	4.37595
1	121	74	125.041	67.6437	7.53201
1	121	74	123.138	75.3679	2.5379
1	121	74	128.31	75.161	7.40211
1	121	74	127.169	76.7382	6.74971
1	121	74	117.676	77.9018	5.1256
1	121	74	120.267	74.2273	0.767491
1	121	74	121.072	77.9484	3.94911
1	121	74	127.54	73.0442	6.60929
1	121	74	123.28	77.0819	3.8336
1	121	74	99.3147	83.4245	23.6447
1	121	74	119.523	74.099	1.47989
1	121	74	124.301	74.5692	3.34929
1	121	74	114.378	86.4763	14.1249
1	121	74	119.87	72.6549	1.75667
1	121	74	118.475	75.1751	2.78514
1	121	74	122.852	80.1856	6.45675
1	121	74	121.547	83.2114	9.22765
1	121	74	119.276	79.1809	5.46003
1	121	74	118.942	74.5553	2.13201
1	121	74	119.887	72.2401	2.08215
1	121	74	124.682	75.6147	4.02012
1	121	74	118.226	74.4183	2.80537
1	121	74	120.794	74.9439	0.966193
1	121	74	109.118	88.7039	18.9044
1	121	74	120.788	76.2133	2.22347
1	121	74	133.966	81.7129	15.0869
1	121	74	106.395	66.9758	16.206
1	121	74	110.661	97.4415	25.6201
1	121	74	124.633	74.3595	3.65043
1	121	74	118.319	77.2633	4.22341
1	121	74	117.667	77.1401	4.57944
1	121	74	123.57	77.8699	4.64535
1	121	74	123.182	72.5278	2.63193
1	121	74	125.812	73.9102	4.81319
1	121	74	99.7292	97.4381	31.6511
1	121	74	122.757	75.6053	2.37979
1	121	74	122.299	74.5268	1.4016
1	121	74	122.343	70.29	3.94559
1	121	74	136.538	88.8524	21.4945
1	121	74	120.498	74.9714	1.09325
1	121	74	122.119	77.952	4.1074
1	121	74	119.673	73.5655	1.39596
1	121	74	122.23	78.3549	4.52533
1	121	74	113.802	87.2026	15.0373
1	121	74	122.17	75.759	2.11248
1	121	74	123.827	72.5413	3.18149
1	121	74	128.776	73.5248	7.79061
1	121	74	124.552	75.8152	3.98926
1	121	74	120.408	79.097	5.13125
1	121	74	119.488	73.4578	1.60656
1	121	74	122.492	81.712	7.85511
1	121	74	102.498	87.2927	22.782
1	121	74	124.721	74.6171	3.77192
1	121	74	119.821	76.4173	2.68926
1	121	74	117.755	76.4767	4.08197
1	121	74	111.847	97.3466	25.0767
1	121	74	122.249	74.6741	1.41934
1	121	74	123.094	75.026	2.33218
1	121	74	114.212	97.4411	24.4042
1	121	74	118.055	77.451	4.53647
1	121	74	126.767	77.798	6.90519
1	121	74	114.095	76.9559	7.51142
1	121	74	119.135	74.5349	1.94014
1	121	74	126.647	73.6788	5.65567
1	121	74	125.203	71.987	4.66002
1	121	74	123.711	76.7165	3.83809
1	121	74	118.232	77.257	4.27464
1	121	74	120.208	80.7919	6.8379
1	121	74	118.465	77.212	4.09169
1	121	74	119.731	76.4492	2.75833
1	121	74	119.324	76.6121	3.10351
1	121	74	116.83	77.2504	5.28721
1	121	74	127.799	73.3786	6.82773
1	121	74	124.991	74.8609	4.08274
1	121	74	122.383	72.0616	2.38116
1	121	74	121.839	72.3254	1.87291
1	121	74	120.449	79.5657	5.59289
1	121	74	116.203	78.1708	6.35651
1	121	74	117.442	76.2503	4.20999
1	121	74	123.971	74.9511	3.11995
1	121	74	126.007	75.9115	5.35948
1	121	74	119.84	73.4851	1.26914
1	121	74	123.994	72.8059	3.22296
1	121	74	126.886	73.3526	5.92188
1	121	74	98.4427	97.4378	32.5294
1	121	74	124.175	77.5166	4.7381
1	121	74	125.798	78.5872	6.6383
1	121	74	120.006	75.5029	1.80209
1	121	74	122.474	80.5509	6.71464
1	121	74	127.597	74.8816	6.65573
1	121	74	124.467	75.1633	3.65734
1	121	74	116.068	76.5411	5.54817
1	121	74	123.245	74.7111	2.35535
1	121	74	115.644	73.3336	5.39686
1	121	74	118.589	77.6937	4.41111
1	121	74	115.406	76.5542	6.14909
1	121	74	118.086	76.7043	3.97585
1	121	74	121.162	77.305	3.30901
1	121	74	116.93	70.1105	5.62954
1	121	74	116.831	80.1542	7.43328
1	121	74	126.001	77.0131	5.83855
1	121	74	119.79	75.3828	1.83726
1	121	74	120.791	75.0602	1.08053
1	121	74	118.385	74.7252	2.71413
1	121	74	119.835	76.8241	3.05483
1	121	74	122.546	84.4487	10.5624
1	121	74	113.721	97.3997	24.5058
1	121	74	113.103	74.9345	7.95181
1	121	74	119.705	74.0449	1.29606
1	121	74	127.402	76.1723	6.76059
1	121	74	109.486	94.0449	23.1164
1	121	74	119.425	74.0158	1.57548
1	121	74	118.774	77.9398	4.52512
1	121	74	114.241	97.4822	24.4354
1	121	74	127.61	74.4025	6.62213
1	121	74	121.773	76.338	2.46234
1	121	74	121.042	79.9594	5.95952
1	121	74	114.352	97.4411	24.3656
1	121	74	121.357	69.4059	4.60793
1	121	74	112.059	70.1105	9.75044
1	121	74	124.953	77.808	5.48912
1	121	74	116.929	77.8923	5.63214
1	121	74	118.805	77.9599	4.52729
1	121	74	118.209	74.9572	2.95091
1	121	74	120.926	75.8378	1.83927
1	121	74	106.522	67.4304	15.8985
1	121	74	117.767	77.7513	4.95247
1	121	74	123.395	71.534	3.43765
1	121	74	123.92	72.2645	3.39669
1	121	74	128.847	80.7063	10.322
1	121	74	124.118	79.7721	6.5602
1	121	74	124.324	76.7861	4.33726
1	121	74	116.173	85.9101	12.8509
1	121	74	122.759	73.4618	1.83925
1	121	74	126.881	72.7627	6.01008
1	121	74	116.743	77.2263	5.34155
1	121	74	141.721	81.7531	22.1243
1	121	74	116.847	84.8574	11.6247
1	121	74	62.9168	91.0243	60.5268
1	121	74	118.136	75.7102	3.33594
1	121	74	125.806	76.0949	5.24257
1	121	74	123.861	73.4578	2.91171
1	121	74	127.598	72.2634	6.82265
1	121	74	111.692	97.3555	25.1421
1	121	74	117.46	77.995	5.33762
1	121	74	122.146	79.2309	5.35485
1	121	74	123.542	72.2037	3.11269
1	121	74	116.522	82.1443	9.29418
1	121	74	114.698	84.3402	12.1092
1	121	74	119.234	74.9917	2.0251
1	121	74	110.674	95.9772	24.2822
1	121	74	124.798	74.5936	3.84388
1	121	74	121.874	71.6622	2.49571
1	121	74	103.177	66.425	19.366
1	121	74	120.9	71.6689	2.33318
1	121	74	118.937	73.6651	2.09047
1	121	74	122.821	74.9018	2.03206
1	121	74	121.945	76.9052	3.05502
1	121	74	125.002	77.037	5.024
1	121	74	119.011	73.1696	2.15527
1	121	74	124.352	72.6739	3.6051
1	121	74	118.924	75.2373	2.4168
1	121	74	124.892	74.771	3.96772
1	121	74	140.33	86.1163	22.8131
1	121	74	121.042	78.4162	4.4164
1	121	74	118.617	77.2633	4.04098
1	121	74	106.706	97.3941	27.4152
1	121	74	118.653	74.8917	2.51066
1	121	74	119.955	74.3542	1.10326
1	121	74	122.557	73.5238	1.62841
1	121	74	119.903	81.7443	7.82163
1	121	74	121.238	77.2482	3.25693
1	121	74	121.256	75.6468	1.66664
1	121	74	119.461	74.7565	1.71526
1	121	74	107.995	93.7496	23.6469
1	121	74	118.52	75.566	2.93338
1	121	74	121.105	80.9153	6.91605
1	121	74	125.509	74.535	4.54095
1	121	74	122.047	72.8357	1.56611
1	121	74	124.949	76.6873	4.77641
1	121	74	119.092	76.4474	3.10316
1	121	74	121.908	76.7863	2.93061
1	121	74	117.437	73.3938	3.61376
1	121	74	121.886	82.6315	8.67685
1	121	74	121.878	78.9487	5.02603
1	121	74	120.421	72.6008	1.51441
1	121	74	119.701	79.0075	5.17321
1	121	74	125.879	78.2032	6.43963
1	121	74	127.362	74.2671	6.36728
1	121	74	124.445	84.1929	10.7592
1	121	74	127.689	74.5394	6.71042
1	121	74	127.477	75.2076	6.58853
1	121	74	124.478	76.1327	4.0801
1	121	74	118.085	77.7642	4.76111
1	121	74	124.923	75.8017	4.31708
1	121	74	126.068	79.899	7.77697
1	121	74	121.313	76.75	2.76766
1	121	74	124.56	77.2383	4.81249
1	121	74	120.391	78.4831	4.52425
1	121	74	122.233	79.9482	6.07475
1	121	74	122.143	78.6334	4.77233
1	121	74	119.388	74.5856	1.71494
1	121	74	117.982	78.7981	5.6684
1	121	74	126.885	72.0509	6.19976
1	121	74	121.526	76.8206	2.86914
1	121	74	109.814	91.7841	21.0096
1	121	74	128.504	74.1332	7.50543
1	121	74	126.127	76.5482	5.72513
1	121	74	125.972	77.928	6.33615
1	121	74	121.065	71.3889	2.6119
1	121	74	125.436	72.1981	4.7879
1	121	74	139.944	82.6258	20.8156
1	121	74	116.553	85.1748	12.027
1	121	74	121.131	73.0241	0.984625
1	121	74	124.65	72.1962	4.07158
1	121	74	114.465	76.6561	7.05457
1	121	74	117.074	84.0893	10.8263
1	121	74	118.823	72.7692	2.5004
1	121	74	132.224	77.2834	11.6946
1	121	74	114.44	74.7946	6.60783
1	121	74	123.55	70.9214	3.99753
1	121	74	109.264	97.223	26.02
1	121	74	117.894	76.284	3.85554
1	121	74	125.97	77.6744	6.18069
1	121	74	123.988	75.4257	3.31062
1	121	74	116.788	77.3512	5.38221
1	121	74	116.706	95.6572	22.0788
1	121	74	126.322	75.6604	5.57481
1	121	74	119.867	75.6455	1.99766
1	121	74	117.938	77.8992	4.95794
1	121	74	121.989	75.1855	1.54408
1	121	74	121.478	76.4309	2.47734
1	121	74	122.02	84.0788	10.1303
1	121	74	124.596	72.9602	3.74352
1	121	74	117.631	84.4922	11.02
1	121	74	118.779	75.3334	2.59089
1	121	74	120.316	76.2708	2.37168
1	121	74	120.683	75.1403	1.18343
1	121	74	124.917	79.8379	7.03033
1	121	74	124.81	77.4993	5.17287
1	121	74	133.81	84.0887	16.306
1	121	74	118.617	76.6415	3.55779
1	121	74	123.162	77.7931	4.36605
1	121	74	140.095	86.2219	22.6713
1	121	74	117.841	75.1899	3.3759
1	121	74	110.037	97.4581	25.8934
1	121	74	120.407	73.2859	0.928383
1	121	74	120.315	74.105	0.692769
1	121	74	118.473	75.9713	3.20468
1	121	74	123.186	71.4911	3.32783
1	121	74	140.787	86.3286	23.3136
1	121	74	116.933	78.3654	5.96651
1	121	74	128.624	74.3809	7.63367
1	121	74	119.961	78.2574	4.38248
1	121	74	123.749	72.1611	3.30742
1	121	74	122.399	78.0076	4.24461
1	121	74	116.645	77.3368	5.4866
1	121	74	119.096	74.4631	1.95934
1	121	74	119.908	75.2294	1.64465
1	121	74	107.306	92.6442	23.1328
1	121	74	95.5799	90.6962	30.4129
1	121	74	110.471	95.287	23.7486
1	121	74	125.302	77.0241	5.25865
1	121	74	133.019	90.2929	20.2465
1	121	74	121.46	70.8734	3.16024
1	121	74	118.054	76.7786	4.04988
1	121	74	111.741	96.0351	23.9015
1	121	74	123.018	72.1076	2.76668
1	121	74	122.99	74.1122	1.99308
1	121	74	124.741	76.0382	4.26026
1	121	74	132.713	76.713	12.0234
1	121	74	141.422	86.2526	23.816
1	121	74	119.316	74.0957	1.68638
1	121	74	126.507	73.2717	5.55518
1	121	74	121.452	75.8509	1.90516
1	121	74	124.15	77.0918	4.41384
1	121	74	120.391	69.4422	4.59839
1	121	74	119.946	74.7476	1.29227
1	121	74	71.1209	13.1488	78.6816
1	121	74	123.482	78.4653	5.10851
1	121	74	116.104	84.5164	11.6003
1	121	74	121.431	79.7732	5.7892
1	121	74	118.278	77.4786	4.41702
1	121	74	120.558	77.7076	3.73377
1	121	74	126.108	77.3278	6.09643
1	121	74	122.96	71.1011	3.49925
1	121	74	96.3654	97.4374	34.0026
1	121	74	111.735	97.4855	25.247
1	121	74	124.5	70.3916	5.02705
1	121	74	115.497	86.4488	13.6108
1	121	74	123.92	77.147	4.29292
1	121	74	131.438	86.9743	16.6516
1	121	74	134.718	82.7416	16.2667
1	121	74	120.268	82.7191	8.74972
1	121	74	125.818	75.9855	5.21087
1	121	74	118.702	79.0387	5.53801
1	121	74	124.424	73.216	3.51264
1	121	74	123.633	74.5083	2.68197
1	121	74	122.379	77.3306	3.60464
1	121	74	120.269	71.6691	2.44288
1	121	74	119.266	75.0946	2.05026
1	121	74	119.603	74.2428	1.41769
1	121	74	118.84	74.3243	2.18458
1	121	74	117.984	86.0224	12.395
1	121	74	123.277	77.3459	4.04698
1	121	74	119.164	73.0936	2.04731
1	121	74	121.626	79.0028	5.04176
1	121	74	141.899	82.9331	22.7281
1	121	74	136.259	79.5867	16.25
1	121	74	108.065	65.7827	15.3242
1	121	74	120.608	80.493	6.50485
1	121	74	122.051	75.883	2.15662
1	121	74	119.322	80.7862	6.99051
1	121	74	124.701	71.6852	4.36492
1	121	74	121.862	76.1521	2.31841
1	121	74	123.659	75.7528	3.18512
1	121	74	124.362	75.7935	3.81055
1	121	74	123.516	74.1257	2.51961
