1	121	74	116.257	84.063	11.1245
1	121	74	119.248	84.2275	10.3764
1	121	74	119.367	82.0505	8.21434
1	121	74	127.373	73.4371	6.39735
1	121	74	130.057	78.3957	10.0674
1	121	74	119.515	86.767	12.8531
1	121	74	122.201	73.3866	1.34826
1	121	74	111.754	97.1644	24.9416
1	121	74	125.3	77.6182	5.61969
1	121	74	120.1	70.4128	3.69845
1	121	74	117.204	81.3747	8.29442
1	121	74	127.25	87.8144	15.1626
1	121	74	119.429	78.1758	4.46167
1	121	74	123.89	69.2904	5.52585
1	121	74	118.173	77.3552	4.38739
1	121	74	122.244	84.7887	10.8601
1	121	74	110.77	95.9869	24.2503
1	121	74	128.474	79.7165	9.40944
1	121	74	39.9566	23.3888	95.5486
1	121	74	120.535	73.5833	0.624227
1	121	74	126.01	74.897	5.08982
1	121	74	124.555	76.6077	4.40855
1	121	74	141.754	83.5286	22.8367
1	121	74	117.999	77.4468	4.57042
1	121	74	119.677	74.8901	1.59466
1	121	74	119.091	74.7188	2.04006
1	121	74	119.803	74.0831	1.19948
1	121	74	118.808	75.3564	2.57786
1	121	74	124.236	71.7533	3.93906
1	121	74	110.98	64.1952	14.0189
1	121	74	128.208	79.7713	9.23376
1	121	74	117.005	76.7445	4.84723
1	121	74	134.222	74.5495	13.2338
1	121	74	138.682	76.8464	17.91
1	121	74	125.167	78.142	5.87535
1	121	74	131.07	77.0499	10.5215
1	121	74	111.582	92.7386	20.9721
1	121	74	121.441	77.9447	3.96935
1	121	74	126.715	76.9908	6.45024
1	121	74	116.845	78.2099	5.91498
1	121	74	127.119	77.3982	6.9989
1	121	74	128.559	76.3713	7.9227
1	121	74	123.439	69.5712	5.05608
1	121	74	124.752	73.3695	3.80497
1	121	74	138.219	80.8653	18.5373
1	121	74	116.53	78.2184	6.14646
1	121	74	117.254	83.4504	10.1657
1	121	74	114.406	65.9462	10.4086
1	121	74	127.622	73.886	6.62313
1	121	74	120.707	76.8393	2.85445
1	121	74	139.58	77.5259	18.9112
1	121	74	139.437	85.9742	21.9845
1	121	74	122.238	77.4493	3.6647
1	121	74	141.361	85.433	23.3511
1	121	74	121.124	75.0849	1.09199
1	121	74	133.422	90.5491	20.6925
1	121	74	122.865	80.1043	6.38285
1	121	74	141.503	84.9452	23.2417
1	121	74	119.195	75.1641	2.14755
1	121	74	117.605	78.299	5.47802
1	121	74	47.7699	19.9116	91.0396
1	121	74	101.002	66.9027	21.2202
1	121	74	120.547	69.6845	4.33919
1	121	74	120.187	71.8858	2.26511
1	121	74	121.358	84.7158	10.7218
1	121	74	130.683	72.1887	9.8512
1	121	74	117.495	80.9885	7.81838
1	121	74	125.073	74.1046	4.07413
1	121	74	117.606	75.2556	3.61901
1	121	74	122.078	86.9824	13.027
1	121	74	112.223	96.3048	23.9696
1	121	74	127.545	70.5743	7.38745
1	121	74	58.2017	97.4292	67.0266
1	121	74	120.764	75.9493	1.96357
1	121	74	135.341	77.0259	14.6563
1	121	74	120.466	72.2956	1.78593
1	121	74	126.592	77.2931	6.48965
1	121	74	120.626	72.3661	1.67609
1	121	74	118.089	77.6048	4.63366
1	121	74	69.6522	11.0065	81.2698
1	121	74	125.984	78.4864	6.70592
1	121	74	117.974	76.3056	3.80397
1	121	74	117.278	81.0423	7.96517
1	121	74	121.931	74.4526	1.03497
1	121	74	127.781	80.8567	9.64322
1	121	74	134.002	89.8608	20.5092
1	121	74	116.738	80.8195	8.04175
1	121	74	123.252	73.3634	2.33996
1	121	74	126.536	78.9135	7.40203
1	121	74	120.714	77.1804	3.19326
1	121	74	124.451	82.3784	9.06119
1	121	74	120.985	75.6744	1.67451
1	121	74	119.43	74.6285	1.69119
1	121	74	118.363	78.6787	5.37045
1	121	74	122.501	69.0837	5.14045
1	121	74	121.056	73.268	0.734108
1	121	74	120.013	78.2009	4.31516
1	121	74	117.923	76.897	4.22584
1	121	74	116.877	81.4149	8.48391
1	121	74	122.129	81.5001	7.5846
1	121	74	121.181	70.7611	3.24388
1	121	74	127.25	72.3219	6.47123
1	121	74	121.69	74.1205	0.700724
1	121	74	141.619	85.3444	23.534
1	121	74	128.503	77.6116	8.32716
1	121	74	119.449	75.0417	1.86829
1	121	74	116.001	80.4652	8.17265
1	121	74	120.28	82.5522	8.58245
1	121	74	123.572	70.0694	4.69755
1	121	74	130.465	73.2641	9.49347
1	121	74	123.603	80.1713	6.698
1	121	74	129.883	74.7639	8.91623
1	121	74	117.925	84.8306	11.2587
1	121	74	131.206	75.1547	10.2709
1	121	74	120.453	75.4129	1.51507
1	121	74	115.078	81.2846	9.38818
1	121	74	130.07	87.0046	15.8553
1	121	74	118.513	86.2187	12.4692
1	121	74	125.483	80.4361	7.84353
1	121	74	123.15	76.2421	3.10627
1	121	74	132.476	81.312	13.6078
1	121	74	116.963	77.291	5.20859
1	121	74	119.524	73.9145	1.47842
1	121	74	125.536	83.3734	10.4132
1	121	74	121.917	70.3853	3.72912
1	121	74	117.393	76.6804	4.49369
1	121	74	126.602	73.959	5.60256
1	121	74	113.563	69.5542	8.6648
1	121	74	43.7464	21.5513	93.3755
1	121	74	124.986	73.9173	3.9871
1	121	74	116.843	78.4251	6.07136
1	121	74	115.883	96.7776	23.3453
1	121	74	68.6822	11.4863	81.5175
1	121	74	121.525	73.6606	0.62509
1	121	74	125.183	80.2057	7.48375
1	121	74	123.321	76.0648	3.10672
1	121	74	38.6788	23.5992	96.5246
1	121	74	94.5552	65.9728	27.6363
1	121	74	120.852	72.108	1.89781
1	121	74	127.018	80.1956	8.63728
1	121	74	122.823	74.1441	1.82894
1	121	74	128.056	77.8327	8.02998
1	121	74	114.41	84.3855	12.3002
1	121	74	108.536	90.4303	20.6231
1	121	74	128.089	73.2265	7.13085
1	121	74	118.67	75.5036	2.77339
1	121	74	113.664	97.4643	24.5844
1	121	74	116.016	81.0854	8.66265
1	121	74	118.731	77.8397	4.45996
1	121	74	119.792	76.7145	2.9713
1	121	74	69.9783	10.8433	81.1911
1	121	74	120.047	79.203	5.28953
1	121	74	124.51	82.6097	9.29749
1	121	74	124.915	69.5926	5.89531
1	121	74	123.965	75.232	3.21067
1	121	74	118.103	75.5181	3.27087
1	121	74	123.537	88.6334	14.8517
1	121	74	124.852	83.8247	10.5528
1	121	74	84.4306	56.3836	40.5914
1	121	74	127.058	73.984	6.05797
1	121	74	116.89	97.4414	23.7989
1	121	74	88.4283	66.1462	33.5052
1	121	74	110.263	95.751	24.2566
1	121	74	110.622	96.4925	24.7712
1	121	74	118.905	85.914	12.0968
1	121	74	127.346	77.4503	7.22317
1	121	74	117.784	78.0019	5.13414
1	121	74	109.095	95.785	24.8256
1	121	74	121.78	75.8779	2.03336
1	121	74	113.272	65.8535	11.2286
1	121	74	132.056	88.3007	18.0764
1	121	74	119.954	72.543	1.7936
1	121	74	130.363	76.0419	9.58326
1	121	74	120.436	77.909	3.94944
1	121	74	124.307	77.6279	4.90862
1	121	74	123.004	72.9368	2.26881
1	121	74	113.301	95.1739	22.5302
1	121	74	103.031	83.2034	20.1885
1	121	74	125.595	74.588	4.63202
1	121	74	119.932	72.6093	1.75351
1	121	74	140.133	87.5272	23.4319
1	121	74	121.931	71.799	2.38985
1	121	74	121.372	71.1368	2.88723
1	121	74	122.378	75.4789	2.02139
1	121	74	123.167	74.4854	2.22086
1	121	74	113.719	96.3868	23.5411
1	121	74	109.148	93.8065	23.0816
1	121	74	125.032	72.8049	4.20569
1	121	74	126.95	74.9702	6.02867
1	121	74	87.9633	66.1936	33.9465
1	121	74	57.8193	97.4292	67.3849
1	121	74	121.989	78.0526	4.17155
1	121	74	118.523	77.3956	4.20311
1	121	74	137.992	78.5366	17.5867
1	121	74	121.247	74.1265	0.277545
1	121	74	118.803	74.247	2.21078
1	121	74	117.141	77.803	5.41835
1	121	74	117.682	75.941	3.84433
1	121	74	124.905	77.391	5.17217
1	121	74	123.028	74.5068	2.09045
1	121	74	120.955	81.9751	7.97523
1	121	74	133.711	81.9336	14.9838
1	121	74	125.527	74.6665	4.5756
1	121	74	125.122	84.2355	11.0342
1	121	74	121.305	73.1798	0.875107
1	121	74	117.987	79.0645	5.89282
1	121	74	129.36	77.2394	8.96594
1	121	74	118.061	76.5503	3.89144
1	121	74	131.848	72.3273	10.9761
1	121	74	133.219	74.1162	12.2196
1	121	74	117.117	78.0733	5.62747
1	121	74	118.767	82.253	8.54966
1	121	74	119.928	73.6416	1.13078
1	121	74	129.637	77.4499	9.30071
1	121	74	114.326	84.9314	12.8079
1	121	74	120.123	71.7803	2.38676
1	121	74	119.927	84.2502	10.3062
1	121	74	116.7	77.0159	5.25256
1	121	74	91.4599	61.3463	32.1362
1	121	74	121.018	74.5026	0.502937
1	121	74	119.634	74.5874	1.48684
1	121	74	119.407	78.2594	4.54747
1	121	74	133.187	73.428	12.2004
1	121	74	119.054	72.8549	2.25797
1	121	74	116.015	77.6677	6.18907
1	121	74	121.479	75.4908	1.56581
1	121	74	124.171	82.8284	9.38059
1	121	74	132.769	86.888	17.4532
1	121	74	128.652	76.6655	8.10334
1	121	74	129.79	78.7633	9.99784
1	121	74	125.915	71.7611	5.40115
1	121	74	129.709	74.0523	8.70872
1	121	74	87.7382	66.27	34.1482
1	121	74	123.672	77.6866	4.55302
1	121	74	119.872	73.079	1.45603
1	121	74	121.445	81.0611	7.0751
1	121	74	120.296	71.2962	2.794
1	121	74	127.992	75.3456	7.12026
1	121	74	121.44	76.5603	2.59792
1	121	74	126.828	78.0121	7.07568
1	121	74	123.298	74.7938	2.43124
1	121	74	131.65	74.6978	10.6728
1	121	74	130.326	74.1572	9.32691
1	121	74	141.406	86.2991	23.8259
1	121	74	72.5068	97.4323	53.8578
1	121	74	125.948	77.969	6.34348
1	121	74	116.894	97.4047	23.7621
1	121	74	127.034	72.4971	6.21828
1	121	74	124.207	75.8177	3.68655
1	121	74	126.023	74.5259	5.05043
1	121	74	125.768	84.3101	11.3594
1	121	74	119.683	74.4801	1.4019
1	121	74	127.562	76.0449	6.87338
1	121	74	123.669	70.6965	4.24699
1	121	74	124.203	77.6742	4.87406
1	121	74	125.293	77.022	5.24974
1	121	74	121.071	69.3485	4.652
1	121	74	140.248	85.7683	22.5608
1	121	74	123.637	80.7691	7.26445
1	121	74	126.857	80.9472	9.08664
1	121	74	125.89	72.3224	5.16932
1	121	74	43.3645	22.8113	92.9922
1	121	74	134.099	77.2005	13.4845
1	121	74	117.095	81.6633	8.60067
1	121	74	120.705	93.8568	19.859
1	121	74	125.956	71.4133	5.5902
1	121	74	118.511	75.1078	2.72393
1	121	74	101.508	56.8419	25.9683
1	121	74	116.332	81.9016	9.17764
1	121	74	123.972	76.8786	4.13724
1	121	74	127.295	81.4427	9.74765
1	121	74	120.639	79.3305	5.3427
1	121	74	125.332	73.5584	4.35481
1	121	74	128.516	70.8736	8.14012
1	121	74	117.245	97.4485	23.7471
1	121	74	127.398	81.5513	9.89759
1	121	74	121.826	71.4134	2.71526
1	121	74	124.072	72.0755	3.62513
1	121	74	123.046	72.9318	2.30813
1	121	74	117.755	77.1618	4.53071
1	121	74	119.643	72.6632	1.9048
1	121	74	122.819	78.7798	5.11408
1	121	74	125.966	73.5954	4.98231
1	121	74	130.701	75.4758	9.81228
1	121	74	78.037	45.2191	51.7123
1	121	74	114.668	81.4313	9.76284
1	121	74	124.397	76.8656	4.4441
1	121	74	122.319	76.5685	2.88743
1	121	74	138.1	76.5583	17.2906
1	121	74	120.883	71.0133	2.98894
1	121	74	114.471	97.4437	24.3359
1	121	74	119.863	83.8172	9.88282
1	121	74	123.877	72.5831	3.20666
1	121	74	126.003	79.4491	7.39731
1	121	74	118.166	76.4132	3.72188
1	121	74	118.255	78.582	5.34119
1	121	74	124.203	84.3717	10.855
1	121	74	120.385	77.0157	3.07773
1	121	74	127.846	74.0825	6.84626
1	121	74	117.169	83.7271	10.4544
1	121	74	121.369	85.1332	11.1393
1	121	74	129.814	75.0542	8.87679
1	121	74	124.738	75.813	4.15416
1	121	74	120.358	73.665	0.724454
1	121	74	120.84	71.6546	2.35087
1	121	74	109.036	67.8686	13.4434
1	121	74	112.154	93.0989	21.0479
1	121	74	112.098	86.8932	15.6678
1	121	74	120.276	72.6781	1.50707
1	121	74	125.742	81.3782	8.77085
1	121	74	121.906	75.996	2.19195
1	121	74	126.273	81.7803	9.39904
1	121	74	124.839	71.581	4.53728
1	121	74	115.576	77.9834	6.72976
1	121	74	40.5277	22.806	95.3762
1	121	74	117.183	81.9822	8.84779
1	121	74	122.248	82.754	8.84254
1	121	74	122.209	77.4477	3.65342
1	121	74	116.39	82.9684	10.0839
1	121	74	120.916	75.7957	1.79771
1	121	74	112.933	92.3104	20.0086
1	121	74	128.022	78.7758	8.49179
1	121	74	119.42	72.5353	2.15451
1	121	74	127.165	70.1642	7.26109
1	121	74	99.0159	65.8008	23.4633
1	121	74	52.5583	27.1828	82.9224
1	121	74	121.113	76.798	2.80031
1	121	74	119.323	81.0926	7.28805
1	121	74	123.056	79.5429	5.91186
1	121	74	120.672	78.4877	4.49971
1	121	74	70.1087	10.7777	81.1603
1	121	74	126.71	76.2206	6.12651
1	121	74	124.398	77.0344	4.55563
1	121	74	117.293	76.5002	4.47156
1	121	74	82.1	96.5431	44.9599
1	121	74	124.847	70.9431	4.91355
1	121	74	126.498	80.676	8.64876
1	121	74	124.959	69.0272	6.35657
1	121	74	103.266	55.6967	25.4856
1	121	74	122.435	80.997	7.14258
1	121	74	120.69	82.4289	8.43459
1	121	74	121.826	75.9528	2.12043
1	121	74	118.791	83.4607	9.71523
1	121	74	88.041	66.1477	33.8814
1	121	74	132.61	81.165	13.6431
1	121	74	124.017	77.1511	4.36227
1	121	74	135.402	89.4946	21.1541
1	121	74	119.355	74.2992	1.67187
1	121	74	121.475	72.6103	1.4688
1	121	74	130.028	75.6958	9.18632
1	121	74	119.35	81.7286	7.90269
1	121	74	127.754	79.4518	8.68005
1	121	74	124.457	86.2267	12.706
1	121	74	124.273	75.6974	3.6871
1	121	74	142.284	85.5169	24.2002
1	121	74	107.773	97.0188	26.5483
1	121	74	85.9982	58.4211	38.3122
1	121	74	126.357	72.9524	5.45848
1	121	74	121.889	74.4451	0.993933
1	121	74	127.209	71.2012	6.81044
1	121	74	122.015	71.6593	2.55144
1	121	74	132.154	78.5879	12.0606
1	121	74	87.4495	65.9702	34.498
1	121	74	132.612	82.4893	14.3841
1	121	74	121.168	77.842	3.84563
1	121	74	122.154	71.3398	2.89985
1	121	74	124.54	85.2809	11.8233
1	121	74	129.568	79.1899	10.0169
1	121	74	126.809	73.4992	5.83068
1	121	74	122.875	77.9712	4.39162
1	121	74	118.637	76.8068	3.66882
1	121	74	121.645	75.2309	1.38948
1	121	74	114.681	70.7575	7.10266
1	121	74	109.601	92.8249	22.0072
1	121	74	125.527	77.6112	5.7908
1	121	74	120.415	76.2675	2.34165
1	121	74	126.156	77.6697	6.32872
1	121	74	122.627	74.1635	1.63482
1	121	74	118.705	73.3433	2.38753
1	121	74	115.708	88.1549	15.1118
1	121	74	125.462	72.6844	4.65189
1	121	74	45.0006	21.0314	92.6369
1	121	74	120.753	84.5031	10.506
1	121	74	120.32	86.8894	12.9073
1	121	74	126.185	82.5285	9.98122
1	121	74	123.045	75.1016	2.32289
1	121	74	122.738	86.2753	12.3977
1	121	74	122.358	78.265	4.47598
1	121	74	121.296	71.132	2.88319
1	121	74	118.487	80.4284	6.90205
1	121	74	122.371	67.1116	7.02343
1	121	74	117.563	77.7561	5.09153
1	121	74	111.469	92.2757	20.6116
1	121	74	132.272	73.8857	11.2727
1	121	74	130.755	91.5492	20.0783
1	121	74	131.307	76.4562	10.5959
1	121	74	125.478	78.396	6.27507
1	121	74	122.067	84.2575	10.3128
1	121	74	125.833	82.2399	9.55289
1	121	74	123.024	68.7323	5.64326
1	121	74	118.711	77.7719	4.41217
1	121	74	127.514	72.1536	6.77086
1	121	74	126.639	72.7301	5.78003
1	121	74	126.041	75.5584	5.27606
1	121	74	140.494	80.8031	20.6474
1	121	74	122.666	74.027	1.66619
1	121	74	114.595	97.487	24.3447
1	121	74	109.711	90.0634	19.6336
1	121	74	133.878	78.4283	13.618
1	121	74	111.873	97.3742	25.093
1	121	74	122.534	75.0899	1.88155
1	121	74	118.368	75.2705	2.92248
1	121	74	115.551	80.756	8.67962
1	121	74	125.499	79.664	7.2333
1	121	74	118.628	75.8758	3.024
1	121	74	103.456	78.567	18.1283
1	121	74	123.745	72.4338	3.16019
1	121	74	84.3936	97.4356	43.4656
1	121	74	121.039	83.8798	9.87983
1	121	74	129.028	75.9725	8.26709
1	121	74	122.108	72.1639	2.14472
1	121	74	126.626	76.6024	6.19875
1	121	74	123.263	83.9106	10.1657
1	121	74	119.987	69.4004	4.70986
1	121	74	134.036	72.5787	13.1134
1	121	74	58.4684	17.2792	84.4242
1	121	74	120.972	75.3047	1.305
1	121	74	117.684	79.4361	6.36773
1	121	74	111.64	88.1816	16.9918
1	121	74	120.632	77.7187	3.73687
1	121	74	95.9849	68.7364	25.5629
1	121	74	124.572	79.0952	6.2225
1	121	74	119.289	76.2191	2.80201
1	121	74	117.99	75.3677	3.30615
1	121	74	117.5	77.203	4.74461
1	121	74	115.418	80.5424	8.60031
1	121	74	44.0947	21.3643	93.193
1	121	74	126.066	73.2622	5.11954
1	121	74	124.755	75.1021	3.91382
1	121	74	137.39	78.4639	16.9873
1	121	74	115.256	95.0482	21.8179
1	121	74	115.31	97.4497	24.1302
1	121	74	123.946	71.1392	4.10654
1	121	74	123.47	79.8377	6.33885
1	121	74	130.094	79.2016	10.4764
1	121	74	119.939	77.4761	3.63437
1	121	74	126.262	77.6285	6.39187
1	121	74	119.825	72.897	1.61155
1	121	74	112.904	91.7561	19.5146
1	121	74	110.824	95.048	23.3789
1	121	74	123.578	76.1737	3.37193
1	121	74	124.856	70.1262	5.46611
1	121	74	117.512	84.0559	10.6436
1	121	74	141.908	85.348	23.7889
1	121	74	131.448	72.6459	10.535
1	121	74	115.681	81.9601	9.57345
1	121	74	121.415	84.4138	10.4221
1	121	74	94.6234	51.7826	34.4868
1	121	74	106.974	67.661	15.392
1	121	74	124.323	79.9865	6.84675
1	121	74	119.289	72.3304	2.39027
1	121	74	125.097	69.6322	5.98827
1	121	74	122.56	71.4845	2.96
1	121	74	117.867	75.5537	3.49675
1	121	74	84.6211	56.2045	40.4982
1	121	74	114.876	81.485	9.67104
1	121	74	122.415	84.6634	10.7569
1	121	74	118.181	74.6213	2.88688
1	121	74	127.217	73.1194	6.27943
1	121	74	117.137	77.1844	5.00631
1	121	74	119.998	72.8564	1.52068
1	121	74	120.881	85.1999	11.2005
1	121	74	125.409	70.632	5.54799
1	121	74	122.939	89.0321	15.1566
1	121	74	123.822	73.8851	2.82446
1	121	74	120.889	78.8391	4.84041
1	121	74	127.35	73.3113	6.38772
1	121	74	124.313	74.8496	3.42015
1	121	74	121.518	72.2705	1.80532
1	121	74	115.414	95.0131	21.7428
1	121	74	123.041	72.5356	2.51198
1	121	74	139.612	86.5742	22.4612
1	121	74	121.004	74.1155	0.115525
1	121	74	120.784	70.6549	3.35202
1	121	74	113.886	97.163	24.2309
1	121	74	42.8242	21.8961	93.9482
1	121	74	115.065	85.1954	12.6714
1	121	74	121.752	88.2208	14.2406
1	121	74	129.674	76.544	9.03944
1	121	74	119.209	77.0842	3.56657
1	121	74	122.665	79.7817	6.01663
1	121	74	124.915	72.9066	4.06505
1	121	74	117.304	82.4616	9.23378
1	121	74	122.663	68.8456	5.41592
1	121	74	69.9642	10.8503	81.1944
1	121	74	137.648	79.5422	17.5466
1	121	74	115.855	82.1205	9.61327
1	121	74	127.67	70.7795	7.40697
1	121	74	128.857	79.4147	9.54179
1	121	74	134.665	89.7663	20.864
1	121	74	120.545	74.5802	0.737548
1	121	74	113.838	82.6619	11.2394
1	121	74	118.012	76.7347	4.05048
1	121	74	135.155	78.7016	14.915
1	121	74	129.884	73.6692	8.89021
1	121	74	109.857	93.2301	22.2252
1	121	74	113.725	90.6213	18.1436
1	121	74	120.597	70.2449	3.77661
1	121	74	116.176	81.922	9.27545
1	121	74	91.2212	59.5314	33.1077
1	121	74	100.079	69.6151	21.3757
1	121	74	119.609	73.9103	1.39405
1	121	74	117.811	75.6196	3.57654
1	121	74	117.198	81.9476	8.81034
1	121	74	117.516	76.338	4.19573
1	121	74	142.124	83.8227	23.2965
1	121	74	132.95	73.7392	11.9532
1	121	74	123.634	75.3187	2.9455
1	121	74	119.39	83.7782	9.90991
1	121	74	118.048	76.3462	3.77061
1	121	74	109.477	67.6371	13.163
1	121	74	123.125	87.2478	13.4171
1	121	74	129.378	77.5775	9.11002
1	121	74	124.79	79.7621	6.89684
1	121	74	127.187	71.1457	6.81341
1	121	74	118.954	77.9083	4.41168
1	121	74	118.984	83.1593	9.37859
1	121	74	123.825	84.4526	10.8276
1	121	74	117.954	76.2336	3.77685
1	121	74	119.214	74.6336	1.8947
1	121	74	121.658	72.2319	1.88652
1	121	74	125.645	80.0586	7.63457
1	121	74	138.929	85.1621	21.1194
1	121	74	127.78	77.8122	7.77866
1	121	74	116.11	78.2358	6.46947
1	121	74	124.465	78.8122	5.93008
1	121	74	115.602	76.7836	6.07335
1	121	74	117.286	78.2491	5.64355
1	121	74	121.368	75.6143	1.65579
1	121	74	127.902	73.7882	6.90509
1	121	74	123.521	75.6842	3.03157
1	121	74	119.615	74.7166	1.55973
1	121	74	124.216	72.539	3.53228
1	121	74	48.0161	19.7805	90.9198
1	121	74	120.875	84.4423	10.4431
1	121	74	137.149	83.8994	18.9416
1	121	74	129.294	74.6346	8.31807
1	121	74	113.842	97.4438	24.5123
1	121	74	121.814	82.6616	8.69977
1	121	74	122.218	74.6077	1.36101
1	121	74	121.948	67.5363	6.53282
1	121	74	141.85	85.14	23.6398
1	121	74	56.4105	97.4289	68.7075
1	121	74	119.358	73.2189	1.8184
1	121	74	120.657	73.8435	0.377433
1	121	74	127.411	75.9419	6.69892
1	121	74	114.462	97.2582	24.1596
1	121	74	99.767	63.3527	23.753
1	121	74	123.839	79.9261	6.5712
1	121	74	121.026	75.4528	1.45302
1	121	74	125.83	70.7695	5.81049
1	121	74	113.45	97.4865	24.67
1	121	74	118.184	75.2186	3.06857
1	121	74	131.082	74.7868	10.1128
1	121	74	119.539	75.9078	2.40308
1	121	74	124.341	70.1035	5.13267
1	121	74	141.086	78.7774	20.6459
1	121	74	125.413	75.674	4.72023
1	121	74	129.265	75.0895	8.33677
1	121	74	120.145	86.3581	12.3876
1	121	74	128.062	76.1696	7.38769
1	121	74	119.252	75.9777	2.6392
1	121	74	127.618	73.2092	6.66476
1	121	74	122.733	71.562	2.99118
1	121	74	129.387	78.6551	9.59269
1	121	74	110.281	70.9158	11.154
1	121	74	122.993	65.0131	9.20525
1	121	74	125.091	84.9205	11.6617
1	121	74	85.0976	86.1413	37.8997
1	121	74	126.968	83.0743	10.8612
1	121	74	121.441	76.3977	2.4379
1	121	74	43.6887	21.6496	93.3681
1	121	74	123.105	87.9053	14.0637
1	121	74	88.1795	66.1678	33.7421
1	121	74	113.118	73.264	7.91656
1	121	74	119.425	76.7432	3.16323
1	121	74	130.411	76.6137	9.7669
1	121	74	118.763	77.6867	4.31219
1	121	74	117.823	75.7686	3.63611
1	121	74	119.678	83.9597	10.0471
1	121	74	120.721	81.3822	7.38748
1	121	74	120.56	77.1453	3.17589
1	121	74	124.923	77.7585	5.43299
1	121	74	92.3233	62.3223	30.9632
1	121	74	124.907	88.0312	14.565
1	121	74	125.888	71.3553	5.55721
1	121	74	127.293	81.4199	9.7294
1	121	74	122.217	76.2583	2.56543
1	121	74	139.154	75.2071	18.1945
1	121	74	50.163	19.0427	89.6559
1	121	74	124.445	82.2749	8.96331
1	121	74	133.378	87.533	18.3401
1	121	74	119.91	75.8693	2.16417
1	121	74	130.276	77.001	9.74953
1	121	74	125.406	72.6832	4.59814
1	121	74	127.684	81.972	10.4032
1	121	74	127.115	76.2886	6.52953
1	121	74	125.613	81.3697	8.69431
1	121	74	46.8616	20.2466	91.5747
1	121	74	126.111	71.9748	5.498
1	121	74	121.546	84.5278	10.5419
1	121	74	92.6086	61.8346	30.888
1	121	74	128.275	81.2018	10.2366
1	121	74	115.429	79.6623	7.94334
1	121	74	125.972	80.199	7.94683
1	121	74	121.73	79.5656	5.61326
1	121	74	119.387	73.5916	1.66386
1	121	74	116.966	80.9071	7.99897
1	121	74	135.604	77.8483	15.1021
1	121	74	112.728	87.7795	16.0719
1	121	74	120.629	72.0474	1.98754
1	121	74	134.249	81.6768	15.3122
1	121	74	132.888	82.0617	14.3635
1	121	74	115.025	97.4492	24.1985
1	121	74	115.374	79.996	8.22234
1	121	74	118.415	83.4332	9.781
1	121	74	124.894	77.1504	5.00894
1	121	74	123.493	72.1667	3.09424
1	121	74	120.64	73.6595	0.495203
1	121	74	129.703	74.7713	8.73684
1	121	74	122.712	69.3131	4.98986
1	121	74	134.049	72.3861	13.1488
1	121	74	117.651	77.0389	4.52263
1	121	74	122.708	78.9716	5.25684
1	121	74	131.782	90.8151	19.9749
1	121	74	123.996	75.4477	3.32764
1	121	74	119.221	79.9484	6.20884
1	121	74	118.943	76.2546	3.05172
1	121	74	120.02	83.9783	10.0263
1	121	74	110.116	71.2022	11.2376
1	121	74	120.289	73.2655	1.02244
1	121	74	118.761	74.4483	2.28316
1	121	74	118.505	75.9352	3.15766
1	121	74	122.489	70.1362	4.14091
1	121	74	120.99	93.323	19.323
1	121	74	124.577	73.1689	3.67254
1	121	74	115.47	86.2825	13.47
1	121	74	125.634	75.7446	4.95177
1	121	74	115.162	97.4748	24.1897
1	121	74	123.294	77.2538	3.98107
1	121	74	123.502	69.6893	4.98425
1	121	74	119.694	83.2462	9.33798
1	121	74	120.856	75.8773	1.88281
1	121	74	118.394	84.0013	10.3352
1	121	74	135.127	77.1015	14.4637
1	121	74	122.051	82.0013	8.07008
1	121	74	45.1316	20.947	92.5777
1	121	74	68.979	11.3404	81.4396
1	121	74	120.545	74.2782	0.533071
1	121	74	141.011	85.875	23.2692
1	121	74	69.8283	10.9185	81.227
1	121	74	114.335	68.3713	8.72342
1	121	74	121.187	79.3602	5.36351
1	121	74	126.549	82.0964	9.81563
1	121	74	87.9872	66.207	33.9201
1	121	74	120.472	77.2776	3.31986
1	121	74	116.2	78.1266	6.33003
1	121	74	141.965	28.2214	50.351
1	121	74	111.625	90.3034	18.8068
1	121	74	131.435	79.2237	11.6694
1	121	74	126.115	84.6835	11.8447
1	121	74	110.372	76.284	10.871
1	121	74	114.653	81.4144	9.76028
1	121	74	117.041	77.126	5.04412
1	121	74	122.614	69.7531	4.54335
1	121	74	123.785	76.5863	3.80065
1	121	74	128.34	73.5535	7.35351
1	121	74	141.349	85.4332	23.3409
1	121	74	108.038	91.377	21.6787
1	121	74	119.045	84.2407	10.4256
1	121	74	133.155	90.3648	20.3852
1	121	74	124.802	78.275	5.72123
1	121	74	128.819	74.626	7.84442
1	121	74	127.081	78.3762	7.49172
1	121	74	112.47	97.4472	24.9505
1	121	74	122.551	79.5297	5.74323
1	121	74	127.275	73.66	6.28459
1	121	74	133.348	82.807	15.1667
1	121	74	122.111	76.7213	2.93923
1	121	74	118.324	80.5461	7.07182
1	121	74	119.829	83.2969	9.37032
1	121	74	121.794	70.5729	3.51778
1	121	74	124.643	76.9129	4.66409
1	121	74	117.662	75.3439	3.59837
1	121	74	125.98	76.0373	5.38033
1	121	74	126.436	81.8293	9.53128
1	121	74	97.4207	65.0464	25.222
1	121	74	111.235	91.305	19.8701
1	121	74	109.598	69.8144	12.1457
1	121	74	125.628	74.4	4.64524
1	121	74	117.948	85.5352	11.9322
1	121	74	126.317	73.6404	5.32938
1	121	74	132.059	74.5602	11.073
1	121	74	38.6189	24.2523	96.2366
1	121	74	128.32	72.3283	7.50845
1	121	74	119.008	85.195	11.3708
1	121	74	128.124	79.9384	9.2742
1	121	74	58.2963	97.4293	66.9379
1	121	74	127.511	81.6451	10.0419
1	121	74	135.403	75.8949	14.527
1	121	74	121.973	77.6597	3.78686
1	121	74	120.863	81.3384	7.33969
1	121	74	117.582	78.062	5.30902
1	121	74	116.975	77.1523	5.11277
1	121	74	120.302	77.6076	3.67443
1	121	74	120.624	75.0985	1.1611
1	121	74	122.25	78.2124	4.39402
1	121	74	131.888	75.6367	11.01
1	121	74	119.972	73.1595	1.32751
1	121	74	123.394	78.1821	4.81901
1	121	74	119.404	74.9493	1.85727
1	121	74	117.241	76.9848	4.8
1	121	74	131.098	75.3307	10.1849
1	121	74	106.933	97.4396	27.3367
1	121	74	118.946	78.709	5.13743
1	121	74	120.198	79.3118	5.37208
1	121	74	117.979	84.9241	11.3341
1	121	74	124.596	69.9289	5.43197
1	121	74	108.746	95.2563	24.5355
1	121	74	129.373	78.5083	9.50926
1	121	74	126.359	77.4543	6.37556
1	121	74	109.249	94.0747	23.2614
1	121	74	123.844	76.4202	3.73427
1	121	74	118.209	74.2513	2.80211
1	121	74	130.173	91.7738	20.0012
1	121	74	129.02	74.2641	8.02442
1	121	74	123.375	68.6345	5.86754
1	121	74	127.782	77.3814	7.57803
1	121	74	117.261	78.7822	6.07037
1	121	74	120.884	74.4994	0.512632
1	121	74	131.278	75.4908	10.3853
1	121	74	117.323	75.8891	4.13346
1	121	74	117.913	77.8557	4.93892
1	121	74	125.088	75.865	4.49313
1	121	74	118.392	75.7854	3.16035
1	121	74	116.156	78.0587	6.3194
1	121	74	129.39	77.5407	9.10635
1	121	74	48.3935	19.6794	90.6776
1	121	74	120.954	74.1476	0.1545
1	121	74	125.129	78.2956	5.95827
1	121	74	131.651	81.5067	13.0303
1	121	74	125.724	74.4224	4.74259
1	121	74	127.006	75.603	6.21631
1	121	74	135.818	78.2594	15.4184
1	121	74	120.514	76.6123	2.6571
1	121	74	121.937	72.5575	1.72033
1	121	74	130.04	78.5329	10.1127
1	121	74	126.093	81.6384	9.18047
1	121	74	125.145	75.9179	4.56714
1	121	74	103.842	97.4389	29.0476
1	121	74	123.898	76.3568	3.73559
1	121	74	120.647	70.8827	3.13725
1	121	74	114.434	86.9261	14.4979
1	121	74	120.183	74.5498	0.984459
1	121	74	125.68	77.0603	5.5915
1	121	74	125.477	77.6982	5.80726
1	121	74	119.312	81.541	7.72761
1	121	74	126.346	73.9389	5.34624
1	121	74	122.529	78.6871	4.9301
1	121	74	116.179	95.082	21.6261
1	121	74	128.264	80.7481	9.9146
1	121	74	123.018	85.2809	11.46
1	121	74	123.5	74.7114	2.59918
1	121	74	118.169	75.1477	3.05516
1	121	74	44.4298	21.2317	92.9919
1	121	74	123.027	74.3291	2.05309
1	121	74	128.54	71.5314	7.93374
1	121	74	73.5015	95.3861	52.091
1	121	74	121.026	74.4201	0.420882
1	121	74	122.349	82.088	8.19979
1	121	74	117.388	75.6847	3.9856
1	121	74	121.029	75.6747	1.67495
1	121	74	114.75	81.5378	9.79196
1	121	74	119.242	76.7352	3.25129
1	121	74	127.03	70.9859	6.74143
1	121	74	118.353	74.9067	2.79821
1	121	74	52.5577	18.1748	88.3222
1	121	74	113.399	97.4209	24.6236
1	121	74	127.753	75.154	6.85117
1	121	74	128.32	72.8235	7.41392
1	121	74	121.127	72.3088	1.69598
1	121	74	125.486	77.7214	5.82837
1	121	74	120.783	78.3522	4.3576
1	121	74	118.873	79.5126	5.90872
1	121	74	88.2116	66.179	33.7083
1	121	74	119.738	83.959	10.0387
1	121	74	121.3	75.9426	1.96569
1	121	74	141.617	85.3911	23.5542
1	121	74	120.557	77.9125	3.93755
1	121	74	128.68	78.607	8.95569
1	121	74	126.569	69.9298	6.89814
1	121	74	119.884	76.3117	2.56686
1	121	74	119.127	74.9908	2.11926
1	121	74	124.192	74.7699	3.28335
1	121	74	117.653	75.8099	3.80529
1	121	74	124.829	73.5384	3.85665
1	121	74	119.362	82.5762	8.73123
1	121	74	126.082	75.5569	5.31536
1	121	74	118.991	81.3178	7.58856
1	121	74	122.212	69.6996	4.46784
1	121	74	69.1079	11.2768	81.4063
1	121	74	121.66	69.7249	4.32566
1	121	74	121.377	72.5569	1.49157
1	121	74	129.885	91.6274	19.7399
1	121	74	128.92	74.4616	7.93335
1	121	74	126.956	82.4726	10.3564
1	121	74	120.317	71.6361	2.4606
1	121	74	93.7808	55.3596	32.9901
1	121	74	117.959	84.6029	11.0303
1	121	74	118.763	78.3836	4.9212
1	121	74	118.479	78.3645	5.04041
1	121	74	120.603	78.376	4.394
1	121	74	122.892	69.0125	5.33424
1	121	74	127.693	74.2082	6.69646
1	121	74	118.147	85.2496	11.6058
1	121	74	125.877	69.3023	6.77119
1	121	74	119.46	76.6567	3.07099
1	121	74	120.407	70.1715	3.87412
1	121	74	117.147	82.9838	9.77501
1	121	74	122.867	78.069	4.47709
1	121	74	120.273	86.0901	12.112
1	121	74	123.818	77.6938	4.64589
1	121	74	127.798	75.7672	7.0239
1	121	74	121.122	71.6676	2.33556
1	121	74	112.766	70.833	8.82199
1	121	74	136.802	76.712	16.0327
1	121	74	123.78	78.9485	5.67615
1	121	74	118.599	72.9933	2.60358
1	121	74	123.438	71.9412	3.19128
1	121	74	121.869	78.8132	4.89112
1	121	74	113.392	88.2463	16.1504
1	121	74	119.122	74.9451	2.10257
1	121	74	123.994	85.8163	12.1897
1	121	74	128.589	76.8794	8.11708
1	121	74	118.424	86.0377	12.3102
1	121	74	123.1	77.6338	4.19672
1	121	74	123.068	68.475	5.89939
1	121	74	112.111	96.9671	24.6273
1	121	74	123.31	85.1562	11.3928
1	121	74	142.304	81.8611	22.7085
1	121	74	120.972	69.7317	4.26834
1	121	74	117.73	76.3289	4.01431
1	121	74	126.376	82.8067	10.318
1	121	74	119.694	74.8937	1.58254
1	121	74	115.186	87.191	14.4156
1	121	74	44.8693	21.0528	92.7324
1	121	74	120.406	75.9616	2.0496
1	121	74	139.052	83.5979	20.4451
1	121	74	123.128	75.7295	2.74186
1	121	74	116.576	78.3694	6.21814
1	121	74	112.676	94.2836	21.9251
1	121	74	121.99	74.1781	1.00566
1	121	74	120.563	72.1181	1.93191
1	121	74	120.049	71.3051	2.85779
1	121	74	124.768	85.1187	11.7397
1	121	74	123.228	69.7136	4.8307
1	121	74	103.202	84.7148	20.7745
1	121	74	119.806	83.2181	9.29513
1	121	74	113.93	76.4334	7.47659
1	121	74	120.419	76.8402	2.89904
1	121	74	128.091	71.9715	7.37505
1	121	74	114.631	79.0265	8.11393
1	121	74	138	91.1512	24.1485
1	121	74	118.49	73.9838	2.50956
1	121	74	115.125	65.4333	10.3879
1	121	74	132.336	90.0673	19.6638
1	121	74	132.536	73.5828	11.5437
1	121	74	120.956	72.1613	1.83926
1	121	74	124.319	77.586	4.88593
1	121	74	124.784	75.5519	4.08978
1	121	74	118.797	75.267	2.54136
1	121	74	126.048	82.0119	9.46937
1	121	74	118.694	84.2155	10.4725
1	121	74	126.814	80.3101	8.58052
1	121	74	117.71	77.7913	5.01958
1	121	74	131.042	77.209	10.542
1	121	74	122.595	72.0107	2.54971
1	121	74	132.769	74.363	11.7745
1	121	74	130.359	76.8318	9.77826
1	121	74	127.621	79.9368	8.89315
1	121	74	69.126	11.2679	81.4017
1	121	74	113.864	78.6914	8.54022
1	121	74	130.456	71.7861	9.71123
1	121	74	117.943	81.5999	8.19162
1	121	74	125.767	75.3379	4.9514
1	121	74	118.805	84.4393	10.6675
1	121	74	126.317	81.5763	9.256
1	121	74	119.121	77.5512	4.01745
1	121	74	123.116	77.4381	4.03712
1	121	74	123.841	68.5899	6.11087
1	121	74	125.337	78.8624	6.51551
1	121	74	123.109	69.0666	5.3652
1	121	74	114.971	97.4872	24.2487
1	121	74	124.326	73.0755	3.45246
1	121	74	119.949	77.7761	3.91962
1	121	74	120.627	84.5221	10.5287
1	121	74	119.88	71.6009	2.6477
1	121	74	119.902	75.6842	2.01043
1	121	74	128.259	71.926	7.54921
1	121	74	58.9676	97.4294	66.3095
1	121	74	126.846	82.7243	10.5017
1	121	74	125.11	73.8044	4.11515
1	121	74	125.946	75.466	5.1588
1	121	74	120.12	79.8256	5.8916
1	121	74	117.863	77.093	4.40559
1	121	74	123.308	83.7141	9.98449
1	121	74	119.435	83.1255	9.25868
1	121	74	132.427	72.7647	11.4937
1	121	74	123.905	88.6441	14.9295
1	121	74	121.139	84.978	10.9789
1	121	74	124.167	81.1279	7.7996
1	121	74	66.176	90.2741	57.1885
1	121	74	125.598	84.2315	11.2172
1	121	74	118.258	75.2429	3.01033
1	121	74	124.719	78.8867	6.14104
1	121	74	88.1874	66.181	33.7313
1	121	74	119.182	80.3595	6.6143
1	121	74	125.437	78.7137	6.47358
1	121	74	121.02	77.1245	3.12452
1	121	74	118.557	75.2538	2.74617
1	121	74	118.629	75.7081	2.92205
1	121	74	125.167	82.8643	9.79471
1	121	74	126.775	73.5713	5.79103
1	121	74	117.648	82.9368	9.5447
1	121	74	121.266	73.6376	0.449421
1	121	74	122.381	72.7285	1.87744
1	121	74	120.633	77.2536	3.27424
1	121	74	130.425	75.3981	9.52791
1	121	74	85.0156	59.7939	38.6871
1	121	74	44.846	21.0672	92.7432
1	121	74	132.44	87.7483	17.8856
1	121	74	128.386	72.0774	7.63209
1	121	74	121.972	76.1427	2.35283
1	121	74	115.98	79.4934	7.44172
1	121	74	126.266	77.2083	6.1665
1	121	74	121.124	73.3576	0.654228
1	121	74	126.072	81.3804	8.95523
1	121	74	129.567	73.0806	8.61611
1	121	74	117.079	75.1239	4.0786
1	121	74	121.856	72.4869	1.73867
1	121	74	121.219	76.4166	2.42658
1	121	74	125.558	79.5364	7.17115
1	121	74	115.515	77.6122	6.5678
1	121	74	125.083	87.1689	13.7874
1	121	74	118.339	76.6027	3.72233
1	121	74	123.589	78.8947	5.53719
1	121	74	94.0273	60.0584	30.3627
1	121	74	123.381	84.5541	10.8193
1	121	74	126.327	73.4159	5.35901
1	121	74	38.9259	23.46	96.387
1	121	74	128.493	88.2218	16.075
1	121	74	119.302	74.0097	1.6983
1	121	74	129.294	74.5887	8.31451
1	121	74	128.029	70.9029	7.68149
1	121	74	118.501	76.5474	3.5687
1	121	74	120.976	76.7401	2.74022
1	121	74	119.278	76.8789	3.3548
1	121	74	121.714	75.5355	1.69329
1	121	74	113.116	97.4807	24.7688
1	121	74	125.446	78.5069	6.3311
1	121	74	121.584	70.945	3.11025
1	121	74	124.291	79.2718	6.21464
1	121	74	117.77	76.6138	4.15521
1	121	74	116.44	75.5471	4.8153
1	121	74	120.675	72.8116	1.23201
1	121	74	120.063	71.321	2.83816
