1	121	74	116.537	86.4336	13.2101
1	121	74	111.222	96.519	24.5504
1	121	74	117.262	77.3708	5.0331
1	121	74	127.425	73.7545	6.42927
1	121	74	114.883	45.3792	29.2672
1	121	74	119.768	46.1396	27.8876
1	121	74	93.7788	96.8652	35.5501
1	121	74	122.623	72.9079	1.95646
1	121	74	131.396	75.1983	10.4649
1	121	74	123.969	73.3524	3.03923
1	121	74	10.7003	83.1998	110.683
1	121	74	120.254	86.9219	12.9434
1	121	74	120.756	74.4463	0.508438
1	121	74	10.6991	83.1614	110.681
1	121	74	133.487	80.9531	14.2925
1	121	74	125.595	69.3893	6.50933
1	121	74	139.038	57.3438	24.5522
1	121	74	125.242	80.1639	7.48258
1	121	74	127.589	77.0855	7.2755
1	121	74	117.277	82.9048	9.65173
1	121	74	112.671	45.1736	30.0054
1	121	74	123.979	68.916	5.89274
1	121	74	128.448	92.0658	19.5409
1	121	74	77.8898	87.2317	45.0951
1	121	74	125.602	74.5118	4.62991
1	121	74	118.603	84.4346	10.7063
1	121	74	122.764	88.1229	14.2327
1	121	74	105.481	96.7982	27.5789
1	121	74	86.197	66.1176	35.6845
1	121	74	120.056	73.6216	1.01735
1	121	74	125.654	77.4864	5.81479
1	121	74	134.177	79.3364	14.2162
1	121	74	116.916	79.872	7.15238
1	121	74	119.445	73.9204	1.55744
1	121	74	118.949	46.0105	28.0645
1	121	74	87.9732	66.181	33.9397
1	121	74	113.545	84.0667	12.5264
1	121	74	118.861	72.5432	2.58792
1	121	74	119.081	86.4263	12.5736
1	121	74	135.822	55.18	23.9557
1	121	74	106.383	72.7017	14.6749
1	121	74	114.683	45.338	29.3498
1	121	74	137.28	74.9597	16.3085
1	121	74	124.257	81.0019	7.72226
1	121	74	141.674	76.4914	20.8239
1	121	74	108.318	96.2036	25.5702
1	121	74	93.7012	96.3671	35.2919
1	121	74	124.779	92.5162	18.8979
1	121	74	109.694	88.6723	18.5232
1	121	74	104.688	82.646	18.4613
1	121	74	123.527	75.3136	2.84783
1	121	74	139.708	85.7602	22.0973
1	121	74	125.763	74.0197	4.7634
1	121	74	96.3779	70.9837	24.8062
1	121	74	130.457	75.2472	9.53873
1	121	74	135.439	72.5741	14.5092
1	121	74	105.905	50.8344	27.6497
1	121	74	123.732	81.0836	7.59233
1	121	74	127.446	78.8602	8.07294
1	121	74	134.863	79.0061	14.7395
1	121	74	118.758	77.2878	3.97962
1	121	74	134.649	78.6863	14.4312
1	121	74	125.045	81.0137	8.09633
1	121	74	140.183	71.8564	19.302
1	121	74	118.504	75.1342	2.74155
1	121	74	117.388	45.7554	28.4746
1	121	74	119.43	46.0962	27.9479
1	121	74	111.573	65.197	12.898
1	121	74	119.039	79.4387	5.7815
1	121	74	118.784	75.5965	2.73106
1	121	74	128.541	72.3069	7.72829
1	121	74	132.013	74.4113	11.0207
1	121	74	101.756	97.4385	30.3264
1	121	74	123.884	76.3953	3.7489
1	121	74	115.845	76.5388	5.74667
1	121	74	101.514	89.6824	25.0125
1	121	74	135.298	79.5812	15.3485
1	121	74	128.826	73.3847	7.8504
1	121	74	139.707	85.7403	22.0862
1	121	74	122.684	70.2047	4.15214
1	121	74	124.054	72.5974	3.36067
1	121	74	124.116	90.1424	16.4404
1	121	74	123.55	85.741	12.0147
1	121	74	59.5041	91.4492	63.9235
1	121	74	114.273	71.6721	7.11802
1	121	74	113.479	45.1738	29.7912
1	121	74	125.793	92.0102	18.637
1	121	74	126.08	73.1561	5.14915
1	121	74	128.696	80.9889	10.3956
1	121	74	141.583	83.6754	22.744
1	121	74	131.181	74.2712	10.1844
1	121	74	102.724	75.8082	18.3653
1	121	74	123.723	81.6693	8.13835
1	121	74	123.163	71.4736	3.32601
1	121	74	118.361	97.4131	23.5613
1	121	74	122.678	71.1015	3.3492
1	121	74	131.961	75.1515	11.0215
1	121	74	57.7738	97.4291	67.4275
1	121	74	115.035	81.4142	9.51583
1	121	74	129.889	74.92	8.93616
1	121	74	121.937	88.2052	14.2361
1	121	74	112.312	91.477	19.5171
1	121	74	120.921	81.9146	7.915
1	121	74	114.363	83.6528	11.7142
1	121	74	112.933	64.1359	12.7425
1	121	74	142.221	79.5904	21.945
1	121	74	120.696	70.2808	3.73166
1	121	74	110.762	67.5412	12.1053
1	121	74	128.83	75.7421	8.02159
1	121	74	123.638	84.4581	10.7857
1	121	74	120.861	95.5011	21.5015
1	121	74	116.021	79.1305	7.14904
1	121	74	123.126	68.4631	5.93107
1	121	74	86.479	66.1472	35.403
1	121	74	132.721	77.3337	12.1863
1	121	74	139.481	86.0744	22.0761
1	121	74	136.516	85.022	19.0321
1	121	74	135.588	80.8573	16.1197
1	121	74	127.307	76.7653	6.8862
1	121	74	118.56	72.3388	2.95206
1	121	74	129.555	76.3659	8.87622
1	121	74	103.369	97.4388	29.3297
1	121	74	121.927	79.8928	5.96516
1	121	74	122.328	88.9093	14.9683
1	121	74	127.27	87.2691	14.676
1	121	74	133.049	76.9245	12.3988
1	121	74	114.775	65.8742	10.236
1	121	74	119.802	46.1397	27.886
1	121	74	127.039	76.7356	6.63006
1	121	74	114.392	45.2967	29.454
1	121	74	124.132	89.0116	15.3349
1	121	74	124.228	78.4228	5.47525
1	121	74	94.9044	97.3646	35.0269
1	121	74	116.47	82.8096	9.9062
1	121	74	132.294	80.9781	13.2756
1	121	74	117.804	77.178	4.50691
1	121	74	74.1285	12.0473	77.6857
1	121	74	131.547	81.9682	13.2184
1	121	74	100.237	97.4382	31.3121
1	121	74	118.435	45.9482	28.1688
1	121	74	130.706	91.327	19.8604
1	121	74	127.94	78.3005	8.16423
1	121	74	119.531	46.0966	27.942
1	121	74	121.21	82.7629	8.76541
1	121	74	78.394	45.6887	51.1546
1	121	74	128.779	75.6764	7.95759
1	121	74	116.167	94.4599	21.0229
1	121	74	133.45	74.4436	12.4584
1	121	74	127.056	76.2044	6.44443
1	121	74	141.825	83.4396	22.8641
1	121	74	124.208	69.2213	5.75565
1	121	74	119.125	46.0112	28.0516
1	121	74	131.568	85.1392	15.3549
1	121	74	125.015	81.9935	8.94533
1	121	74	117.007	75.1324	4.15094
1	121	74	110.538	85.9699	15.8976
1	121	74	122.365	78.0998	4.32117
1	121	74	125.665	93.5977	20.1453
1	121	74	116.324	83.5739	10.655
1	121	74	133.113	74.8183	12.141
1	121	74	121.91	76.8926	3.03243
1	121	74	130.43	73.4703	9.44462
1	121	74	94.3431	94.8128	33.8196
1	121	74	129.784	79.429	10.3263
1	121	74	118.56	45.9673	28.1388
1	121	74	106.647	90.0374	21.522
1	121	74	44.7503	21.1088	92.7981
1	121	74	99.4673	96.0771	30.8392
1	121	74	131.562	77.7575	11.2106
1	121	74	139.672	75.4276	18.7262
1	121	74	128.66	89.6001	17.3791
1	121	74	102.682	92.9221	26.3363
1	121	74	127.161	71.9666	6.4876
1	121	74	124.24	92.7207	18.999
1	121	74	142.18	77.9285	21.5416
1	121	74	133.674	70.3631	13.1858
1	121	74	118.35	84.9393	11.2557
1	121	74	127.809	77.6152	7.70957
1	121	74	125.328	75.0902	4.46281
1	121	74	127.152	73.374	6.18409
1	121	74	132.005	75.5728	11.1166
1	121	74	137.196	85.8958	20.0954
1	121	74	115.033	94.587	21.4343
1	121	74	134.242	72.76	13.3002
1	121	74	71.8464	11.048	79.8689
1	121	74	118.509	78.7689	5.38052
1	121	74	114.147	45.2148	29.5897
1	121	74	124.296	84.4811	10.9872
1	121	74	126.866	80.3294	8.62956
1	121	74	125.239	68.0263	7.32475
1	121	74	114.132	74.4651	6.88362
1	121	74	132.497	80.9226	13.4205
1	121	74	113.856	82.8612	11.3826
1	121	74	139.987	72.4646	19.0493
1	121	74	115.009	80.2545	8.66115
1	121	74	137.152	75.5347	16.2244
1	121	74	98.4865	95.3299	31.0132
1	121	74	136.633	73.0783	15.6605
1	121	74	127.933	78.5862	8.3127
1	121	74	120.927	72.9499	1.0526
1	121	74	139.711	86.1335	22.301
1	121	74	133.018	80.8718	13.8441
1	121	74	118.782	67.6104	6.7636
1	121	74	123.221	46.6665	27.4236
1	121	74	98.6003	52.0347	31.3723
1	121	74	142.16	82.7965	22.9152
1	121	74	116.547	77.365	5.58169
1	121	74	127.905	83.2141	11.5143
1	121	74	119.959	74.5509	1.17801
1	121	74	119.262	72.9905	2.00993
1	121	74	133.248	43.332	33.0232
1	121	74	135.091	76.092	14.2458
1	121	74	138.549	83.572	19.9901
1	121	74	126.593	92.3986	19.2299
1	121	74	118.263	95.1717	21.3478
1	121	74	119.057	46.0528	28.0147
1	121	74	70.8303	10.7085	80.764
1	121	74	112.488	45.1736	30.057
1	121	74	136.889	74.1278	15.8895
1	121	74	120.177	85.9336	11.9619
1	121	74	127.536	78.8936	8.16496
1	121	74	121.829	96.5888	22.604
1	121	74	44.8895	21.0377	92.7244
1	121	74	117.405	93.9552	20.2765
1	121	74	114.42	94.3553	21.3925
1	121	74	128.707	69.613	8.86793
1	121	74	118.573	68.6274	5.89524
1	121	74	141.679	74.4641	20.6847
1	121	74	123.299	76.8245	3.64174
1	121	74	115.181	88.8914	15.9881
1	121	74	115.284	83.9869	11.5072
1	121	74	126.49	78.9275	7.37709
1	121	74	134.73	89.1072	20.4142
1	121	74	119.819	85.2664	11.3282
1	121	74	128.248	74.6946	7.28103
1	121	74	70.8406	10.7034	80.7616
1	121	74	133.495	82.9784	15.3863
1	121	74	98.1802	50.3699	32.85
1	121	74	70.2731	30.5345	66.8017
1	121	74	99.1814	97.438	32.0217
1	121	74	119.55	85.4194	11.5111
1	121	74	98.0405	97.4377	32.8096
1	121	74	127.898	77.5453	7.75543
1	121	74	134.221	77.5291	13.6843
1	121	74	98.8379	96.6387	31.6807
1	121	74	132.34	83.2689	14.6465
1	121	74	123.795	75.102	3.00451
1	121	74	119.541	46.0967	27.9415
1	121	74	103.034	97.4388	29.5319
1	121	74	6.54639	86.5635	115.141
1	121	74	140.852	84.024	22.239
1	121	74	106.208	66.933	16.3935
1	121	74	125.142	69.6331	6.01867
1	121	74	115.284	82.1963	9.99231
1	121	74	127.636	83.0371	11.2118
1	121	74	122.334	86.3876	12.4592
1	121	74	135.698	77.5808	15.1277
1	121	74	106.194	97.4394	27.7243
1	121	74	107.151	78.3416	14.5138
1	121	74	126.717	78.7171	7.41214
1	121	74	114.977	85.1202	12.6463
1	121	74	120.991	77.2902	3.29017
1	121	74	126.906	73.3339	5.9435
1	121	74	126.735	71.3396	6.32247
1	121	74	124.352	69.8451	5.3382
1	121	74	133.057	81.498	14.1984
1	121	74	55.3343	45.4746	71.5939
1	121	74	139.23	74.1388	18.2309
1	121	74	115.587	81.302	9.08966
1	121	74	140.285	57.1278	25.6239
1	121	74	112.123	80.0048	10.7174
1	121	74	121.423	87.5599	13.5665
1	121	74	139.548	78.4189	19.0674
1	121	74	123.139	68.4089	5.98613
1	121	74	126.868	92.6416	19.5435
1	121	74	119.814	93.2639	19.3004
1	121	74	133.664	76.0235	12.8243
1	121	74	126.17	80.3424	8.18277
1	121	74	122.865	78.074	4.48065
1	121	74	134.637	86.236	18.3218
1	121	74	88.1219	66.0609	33.8231
1	121	74	68.3279	95.537	56.9052
1	121	74	117.703	45.7978	28.3942
1	121	74	119.189	46.0533	28.0053
1	121	74	132.807	83.9547	15.4432
1	121	74	122.59	88.3027	14.3908
1	121	74	112.554	70.5639	9.1178
1	121	74	142.158	55.3531	28.2021
1	121	74	136.421	73.9847	15.4212
1	121	74	140.052	71.1353	19.2665
1	121	74	119.737	71.8799	2.46764
1	121	74	138.148	58.1439	23.3556
1	121	74	98.0787	54.9723	29.7899
1	121	74	142.189	82.8831	22.9753
1	121	74	124.022	93.9609	20.1883
1	121	74	103.109	88.2307	22.8603
1	121	74	86.9822	64.4841	35.3237
1	121	74	117.678	45.7978	28.3972
1	121	74	116.683	78.4551	6.2035
1	121	74	139.447	73.199	18.4645
1	121	74	124.886	70.3809	5.31022
1	121	74	126.713	76.5232	6.24559
1	121	74	123.881	87.0421	13.3566
1	121	74	125.699	85.1632	12.1119
1	121	74	130.162	76.7729	9.57195
1	121	74	129.917	54.4816	21.4589
1	121	74	111.404	69.879	10.4438
1	121	74	123.993	74.0866	2.99452
1	121	74	120.45	46.2268	27.7786
1	121	74	119.725	78.0261	4.22307
1	121	74	116.369	88.6759	15.3893
1	121	74	125.43	71.4652	5.10393
1	121	74	113.777	96.0112	23.1661
1	121	74	135.601	70.6362	14.9833
1	121	74	134.113	80.6113	14.6857
1	121	74	78.4081	84.694	43.9139
1	121	74	137.219	54.6976	25.2117
1	121	74	131.209	81.4996	12.6679
1	121	74	121.813	69.413	4.65841
1	121	74	84.7306	66.2019	37.0983
1	121	74	116.345	84.7587	11.7226
1	121	74	141.225	84.1167	22.6145
1	121	74	26.019	90.0183	96.3222
1	121	74	125.552	72.8885	4.686
1	121	74	138.69	71.7764	17.8289
1	121	74	141.824	83.3495	22.8266
1	121	74	90.4309	64.4693	32.0204
1	121	74	127.506	92.0443	19.1812
1	121	74	135.793	79.9105	15.9299
1	121	74	131.263	79.9588	11.8679
1	121	74	141.084	71.4596	20.2436
1	121	74	102.368	86.5828	22.483
1	121	74	130.632	59.9294	17.0515
1	121	74	120.239	75.5376	1.71555
1	121	74	125.379	93.3777	19.8662
1	121	74	110.705	83.786	14.2037
1	121	74	114.187	84.4821	12.5016
1	121	74	132.764	82.3235	14.4105
1	121	74	121.897	90.5871	16.6114
1	121	74	125.833	72.6177	5.02695
1	121	74	47.274	43.1696	79.9127
1	121	74	110.912	45.1733	30.5409
1	121	74	117.334	76.2337	4.2929
1	121	74	125.285	73.9474	4.28527
1	121	74	131.094	70.2508	10.7677
1	121	74	115.922	80.1423	7.96958
1	121	74	125.513	79.3491	6.99893
1	121	74	121.719	74.0943	0.724831
1	121	74	10.7004	83.177	110.681
1	121	74	102.162	97.4386	30.0704
1	121	74	125.012	71.4183	4.77084
1	121	74	5.17051	87.9187	116.663
1	121	74	135.273	78.5384	14.977
1	121	74	100.388	52.0922	30.0798
1	121	74	130.789	68.7473	11.1091
1	121	74	110.738	95.5344	23.8546
1	121	74	139.944	85.6223	22.2247
1	121	74	129.292	51.9608	23.5474
1	121	74	127.208	67.5373	8.96114
1	121	74	89.238	60.0221	34.7017
1	121	74	103.665	97.4389	29.153
1	121	74	119.195	77.7102	4.12616
1	121	74	118.01	78.4932	5.39703
1	121	74	125.432	77.3352	5.54703
1	121	74	137.09	80.851	17.4883
1	121	74	129.895	67.8363	10.8215
1	121	74	10.7003	83.2159	110.684
1	121	74	140.573	83.7724	21.8766
1	121	74	140.808	84.4573	22.3991
1	121	74	133.199	71.4437	12.4639
1	121	74	127.205	74.0324	6.20548
1	121	74	115.901	45.5039	28.9486
1	121	74	96.3535	92.6545	30.9102
1	121	74	128.782	71.2815	8.24296
1	121	74	98.5647	95.6782	31.1975
1	121	74	128.117	76.9674	7.71085
1	121	74	139.319	77.1516	18.5882
1	121	74	122.24	46.5325	27.4955
1	121	74	123.965	89.6463	15.9247
1	121	74	117.315	84.9685	11.571
1	121	74	140.977	83.4848	22.1143
1	121	74	128.24	77.1311	7.88761
1	121	74	116.397	45.6287	28.7422
1	121	74	116.466	45.6289	28.7312
1	121	74	134.103	75.6173	13.2028
1	121	74	137.515	69.4661	17.1261
1	121	74	76.5181	50.8751	50.1339
1	121	74	123.984	90.2852	16.5564
1	121	74	142.161	79.8755	21.9614
1	121	74	116.448	83.1815	10.2478
1	121	74	117.85	45.8399	28.3358
1	121	74	94.586	97.437	35.3128
1	121	74	120.78	76.5963	2.60562
1	121	74	107.579	61.7506	18.1705
1	121	74	122.135	94.6996	20.7307
1	121	74	118.711	76.5729	3.44387
1	121	74	119.424	72.1288	2.44628
1	121	74	124.933	70.3926	5.33658
1	121	74	119.16	46.0532	28.0073
1	121	74	131.394	80.1437	12.0741
1	121	74	125.413	72.8954	4.5494
1	121	74	114.858	45.3381	29.3127
1	121	74	120.245	85.2434	11.2686
1	121	74	123.548	46.7541	27.3648
1	121	74	115.796	61.614	13.4348
1	121	74	122.534	83.3848	9.50942
1	121	74	133.746	63.5386	16.4891
1	121	74	129.463	71.9642	8.70453
1	121	74	123.527	68.1218	6.39843
1	121	74	134.014	77.1802	13.3965
1	121	74	125.55	68.967	6.78492
1	121	74	120.019	95.485	21.5074
1	121	74	122.119	80.4425	6.53903
1	121	74	132.463	73.4385	11.4765
1	121	74	123.958	73.2432	3.05304
1	121	74	120.466	86.1665	12.1782
1	121	74	95.6482	92.2911	31.2615
1	121	74	98.9194	23.4349	55.1759
1	121	74	99.8955	78.4516	21.5689
1	121	74	10.808	83.2725	110.581
1	121	74	131.102	84.9796	14.9199
1	121	74	131.1	78.9465	11.2463
1	121	74	130.161	74.8573	9.20139
1	121	74	121.299	72.8993	1.14073
1	121	74	123.456	91.3568	17.5296
1	121	74	117.073	76.4505	4.62919
1	121	74	125.332	70.6659	5.46613
1	121	74	110.752	95.1905	23.5383
1	121	74	130.601	79.1057	10.8745
1	121	74	128.913	76.2459	8.22515
1	121	74	121.491	73.5341	0.676608
1	121	74	97.9703	48.1939	34.5879
1	121	74	126.032	90.6809	17.4234
1	121	74	115.503	80.8349	8.7713
1	121	74	95.2668	68.8446	26.2445
1	121	74	140.481	37.607	41.2791
1	121	74	118.435	77.1704	4.07799
1	121	74	137.56	71.9499	16.6865
1	121	74	100.51	92.6687	27.7191
1	121	74	129.206	84.7835	13.5509
1	121	74	117.475	79.7106	6.71072
1	121	74	109.43	81.6476	13.8694
1	121	74	130.941	67.9192	11.6534
1	121	74	138.323	80.1832	18.3933
1	121	74	103.534	45.9647	33.0308
1	121	74	130.37	79.805	11.0226
1	121	74	118.344	45.9248	28.2006
1	121	74	120.25	82.866	8.89769
1	121	74	133.327	84.5835	16.247
1	121	74	86.4513	66.0853	35.4437
1	121	74	135.207	84.5899	17.72
1	121	74	130.271	85.6742	14.9078
1	121	74	110.125	54.4592	22.363
1	121	74	112.69	85.8325	14.4588
1	121	74	38.8683	25.8292	95.2158
1	121	74	130.435	51.3351	24.5504
1	121	74	116.979	82.021	8.97259
1	121	74	135.681	80.1465	15.9161
1	121	74	101.092	97.3087	30.6535
1	121	74	128.664	69.0759	9.10914
1	121	74	119.317	46.0538	27.9968
1	121	74	117.472	81.6414	8.41655
1	121	74	103.329	97.4388	29.3535
1	121	74	122.834	74.329	1.86282
1	121	74	140.635	84.7641	22.3921
1	121	74	140.513	84.8429	22.3234
1	121	74	101.682	96.0908	29.3462
1	121	74	127.76	92.5105	19.7063
1	121	74	137.048	78.1263	16.5696
1	121	74	139.134	73.0516	18.1591
1	121	74	119.191	76.5808	3.15141
1	121	74	134.375	77.6921	13.8753
1	121	74	135.087	74.041	14.0868
1	121	74	127.738	71.9946	7.03045
1	121	74	132.817	77.1292	12.2243
1	121	74	88.033	66.1226	33.8951
1	121	74	130.491	73.5713	9.50111
1	121	74	118.98	86.281	12.4459
1	121	74	137.582	75.6388	16.6625
1	121	74	128.336	79.5488	9.19807
1	121	74	120.092	77.809	3.91573
1	121	74	56.557	45.9885	70.2676
1	121	74	121.846	46.4454	27.5676
1	121	74	86.4435	66.0193	35.4661
1	121	74	137.998	76.2385	17.1443
1	121	74	95.193	97.2118	34.71
1	121	74	126.6	76.7326	6.23129
1	121	74	131.56	79.5716	11.9394
1	121	74	118.477	45.9253	28.1879
1	121	74	100.406	97.4064	31.1765
1	121	74	129.459	65.8846	11.7222
1	121	74	114.236	96.4326	23.4302
1	121	74	96.0975	91.2641	30.3016
1	121	74	136.985	65.2455	18.225
1	121	74	127.911	83.7992	11.9913
1	121	74	114.577	71.5945	6.8585
1	121	74	86.2826	61.7681	36.8092
1	121	74	120.653	71.6345	2.39087
1	121	74	116.964	45.7128	28.5736
1	121	74	128.331	68.1043	9.40788
1	121	74	101.814	90.9614	25.6081
1	121	74	122.135	67.0285	7.0633
1	121	74	142.15	84.7821	23.7396
1	121	74	115.668	45.4624	29.0315
1	121	74	126.235	79.2509	7.41479
1	121	74	133.7	75.9851	12.8546
1	121	74	133.793	79.9211	14.0966
1	121	74	140.514	84.8818	22.3431
1	121	74	123.307	81.7946	8.12883
1	121	74	131.961	74.8972	10.9979
1	121	74	116.73	86.6108	13.3141
1	121	74	47.9004	94.509	75.9221
1	121	74	126.128	76.995	5.93883
1	121	74	133.063	73.1712	12.0916
1	121	74	119.481	46.0964	27.9449
1	121	74	120.539	75.9377	1.99186
1	121	74	118.929	61.4104	12.7588
1	121	74	128.215	78.8424	8.68971
1	121	74	122.027	59.8086	14.2285
1	121	74	132.864	76.2842	12.082
1	121	74	118.875	74.7351	2.24887
1	121	74	133.893	55.5042	22.5461
1	121	74	132.711	75.7622	11.8425
1	121	74	125.254	76.2727	4.82322
1	121	74	131.004	62.4343	15.2919
1	121	74	107.359	96.849	26.6114
1	121	74	139.686	78.2948	19.1732
1	121	74	107.535	97.457	27.0471
1	121	74	119.514	78.1854	4.44124
1	121	74	121.545	79.2032	5.23169
1	121	74	106.005	97.4394	27.8254
1	121	74	126.085	60.207	14.7006
1	121	74	121.333	73.4235	0.665827
1	121	74	115.249	45.4207	29.1523
1	121	74	140.444	84.4942	22.0952
1	121	74	102.907	50.5057	29.6539
1	121	74	126.145	79.2558	7.35469
1	121	74	120.948	27.4996	46.5005
1	121	74	133.821	79.4785	13.942
1	121	74	125.246	92.4293	18.912
1	121	74	126.713	80.901	8.95895
1	121	74	111.913	91.9251	20.0967
1	121	74	115.017	64.7279	11.0349
1	121	74	87.0222	64.6193	35.249
1	121	74	132.639	79.1764	12.7382
1	121	74	107.171	73.2904	13.8476
1	121	74	117.906	80.0319	6.77924
1	121	74	127.009	79.0427	7.84446
1	121	74	108.795	94.9127	24.2134
1	121	74	81.9807	90.1814	42.2415
1	121	74	115.324	92.2379	19.1006
1	121	74	128.39	79.0538	8.95252
1	121	74	120.393	71.8094	2.27308
1	121	74	132.113	71.0612	11.4952
1	121	74	142.051	82.5153	22.7081
1	121	74	131.986	71.9855	11.1696
1	121	74	132.937	68.8232	13.0107
1	121	74	128.54	76.1719	7.84629
1	121	74	90.6283	60.5629	33.2114
1	121	74	141.014	84.442	22.5738
1	121	74	115.369	79.8793	8.14115
1	121	74	117.421	79.063	6.20013
1	121	74	122.994	46.6649	27.4077
1	121	74	126.664	65.6511	10.0887
1	121	74	116.515	78.0367	6.03403
1	121	74	105.304	95.185	26.3663
1	121	74	142.172	68.8176	21.7969
1	121	74	119.138	81.7733	7.99313
1	121	74	118.122	85.5432	11.8967
1	121	74	118.832	84.1171	10.3467
1	121	74	136.21	70.6779	15.5688
1	121	74	100.924	97.4383	30.861
1	121	74	123.27	77.2185	3.93879
1	121	74	114.223	87.5612	15.1605
1	121	74	124.138	81.8928	8.49357
1	121	74	125.083	74.2948	4.09337
1	121	74	128.052	79.733	9.08839
1	121	74	111.229	97.2528	25.2222
1	121	74	115.387	45.462	29.0848
1	121	74	127.761	77.9607	7.83589
1	121	74	123.09	72.0529	2.85668
1	121	74	117.9	88.3505	14.6815
1	121	74	128.465	70.4382	8.27132
1	121	74	131.972	76.4045	11.2322
1	121	74	129.383	80.8208	10.8072
1	121	74	88.3441	65.6414	33.7087
1	121	74	115.967	82.6694	10.0242
1	121	74	125.675	87.87	14.6367
1	121	74	117.665	78.3687	5.49604
1	121	74	139.223	72.5238	18.2829
1	121	74	133.681	82.6153	15.3304
1	121	74	123.24	81.5759	7.90016
1	121	74	113.401	77.259	8.26835
1	121	74	107.879	97.4823	26.8992
1	121	74	124.953	67.2199	7.84854
1	121	74	70.8583	88.6579	52.2402
1	121	74	116.82	45.671	28.6357
1	121	74	116.174	45.5869	28.8199
1	121	74	118.66	85.8034	12.0332
1	121	74	136.017	73.7889	15.0187
1	121	74	132.003	76.9422	11.3892
1	121	74	117.639	89.0939	15.4635
1	121	74	84.8107	66.2986	36.9997
1	121	74	114.713	45.338	29.3434
1	121	74	118.17	76.1361	3.54569
1	121	74	117.648	45.7977	28.4009
1	121	74	138.79	72.4413	17.8577
1	121	74	120.434	46.2688	27.737
1	121	74	124.021	90.373	16.6495
1	121	74	117.07	84.7881	11.4818
1	121	74	9.08013	84.6018	112.421
1	121	74	120.432	74.6917	0.894961
1	121	74	87.8623	65.9379	34.1043
1	121	74	117.274	45.7551	28.4896
1	121	74	131.638	75.0028	10.6851
1	121	74	95.4675	92.908	31.7714
1	121	74	112.056	89.1368	17.5815
1	121	74	138.634	71.948	17.7534
1	121	74	102.977	97.4388	29.5667
1	121	74	72.2738	11.6234	79.1523
1	121	74	141.824	83.3627	22.8321
1	121	74	107.081	89.1064	20.5412
1	121	74	43.0197	21.6212	93.9386
1	121	74	116.03	45.5454	28.8854
1	121	74	133.57	72.2601	12.6897
1	121	74	114.254	75.7252	6.96291
1	121	74	117.214	80.8612	7.83626
1	121	74	119.41	75.1606	1.96821
1	121	74	109.701	97.4844	26.0612
1	121	74	86.4276	65.5873	35.5812
1	121	74	126.167	72.3545	5.42222
1	121	74	140.666	70.954	19.9005
1	121	74	96.2872	70.871	24.9101
1	121	74	97.8254	58.9148	27.6519
1	121	74	124.389	88.3209	14.7164
1	121	74	136.104	78.9621	15.898
1	121	74	133.382	83.0124	15.3147
1	121	74	121.031	73.6961	0.305432
1	121	74	98.4871	68.4898	23.1774
1	121	74	84.5553	66.1265	37.2855
1	121	74	102.17	97.1593	29.8481
1	121	74	114.343	88.8325	16.258
1	121	74	122.904	91.3181	17.4225
1	121	74	119.833	77.6792	3.85982
1	121	74	140.276	59.6718	24.0176
1	121	74	135.886	79.6554	15.9238
1	121	74	140.185	72.735	19.2271
1	121	74	139.189	73.3228	18.2012
1	121	74	108.111	97.3451	26.6671
1	121	74	122.021	85.4694	11.5147
1	121	74	127.475	87.2042	14.7064
1	121	74	127.511	92.9378	20.0258
1	121	74	132.042	78.9378	12.0958
1	121	74	128.537	76.1617	7.84061
1	121	74	113.914	61.9589	13.9713
1	121	74	6.75006	86.3767	114.918
1	121	74	139.711	71.2838	18.9075
1	121	74	85.7007	66.2015	36.1505
1	121	74	118.384	45.9249	28.1967
1	121	74	124.025	76.3577	3.835
1	121	74	128.162	85.8727	13.8658
1	121	74	134.31	74.2354	13.3117
1	121	74	102.479	95.9403	28.7126
1	121	74	132.134	74.6297	11.1521
1	121	74	119.891	73.9259	1.11145
1	121	74	124.045	73.6909	3.06055
1	121	74	119.817	82.9126	8.99074
1	121	74	141.924	85.872	24.057
1	121	74	106.025	55.6648	23.6733
1	121	74	118.911	75.2829	2.45159
1	121	74	116.167	81.7514	9.1347
1	121	74	115.35	81.6895	9.54201
1	121	74	120.605	77.5015	3.52373
1	121	74	126.753	75.5532	5.95867
1	121	74	120.866	77.7813	3.78363
1	121	74	52.6795	38.997	76.7652
1	121	74	120.306	87.2875	13.3056
1	121	74	124.254	69.7089	5.38555
1	121	74	138.405	85.8542	21.0587
1	121	74	98.3386	72.5299	22.709
1	121	74	142.176	75.6155	21.2375
1	121	74	119.982	76.4605	2.66294
1	121	74	112.167	97.3915	25.0038
1	121	74	137.527	75.3656	16.5834
1	121	74	68.156	49.3609	58.3059
1	121	74	124.875	84.5997	11.2857
1	121	74	115.145	75.8239	6.13232
1	121	74	105.076	83.8746	18.7372
1	121	74	142.044	83.6419	23.1481
1	121	74	95.6636	93.3855	31.9019
1	121	74	115.943	45.504	28.9413
1	121	74	118.263	87.8347	14.1029
1	121	74	119.419	77.3764	3.72808
1	121	74	122.856	83.4089	9.59029
1	121	74	72.701	11.4276	79.0449
1	121	74	123.908	91.5362	17.7756
1	121	74	123.869	67.9631	6.68414
1	121	74	130.391	82.8519	12.9053
1	121	74	134.043	81.2709	14.933
1	121	74	119.147	74.3746	1.8908
1	121	74	91.4935	58.777	33.2021
1	121	74	128.387	79.9491	9.48436
1	121	74	135.237	74.8754	14.2642
1	121	74	123.162	81.3791	7.68937
1	121	74	131.228	83.7939	14.1608
1	121	74	135.225	75.2409	14.279
1	121	74	128.146	73.4334	7.16795
1	121	74	134.172	82.4568	15.6531
1	121	74	121.698	74.1563	0.715532
1	121	74	113.438	45.1738	29.8015
1	121	74	124.458	81.477	8.2381
1	121	74	137.767	74.1885	16.7684
1	121	74	140.284	85.1067	22.254
1	121	74	105.122	50.2297	28.5856
1	121	74	127.725	70.0173	7.81621
1	121	74	114.814	97.0537	23.8693
1	121	74	141.729	81.1882	21.9403
1	121	74	120.895	73.3126	0.695366
1	121	74	88.1736	65.1606	33.9957
1	121	74	134.979	78.4018	14.6552
1	121	74	133.799	73.0803	12.832
1	121	74	116.212	81.5415	8.93325
1	121	74	119.454	74.6465	1.67611
1	121	74	96.6843	97.4375	33.7723
1	121	74	118.863	45.9684	28.113
1	121	74	128.771	67.1519	10.3581
1	121	74	119.366	74.4584	1.69695
1	121	74	124.138	69.2037	5.73189
1	121	74	109.138	87.4972	17.9692
1	121	74	112.421	45.1736	30.0759
1	121	74	107.137	86.7951	18.8649
1	121	74	117.49	82.6999	9.38121
1	121	74	123.462	75.5385	2.90297
1	121	74	122.722	65.6179	8.55713
1	121	74	111.903	93.9647	21.9397
1	121	74	121.317	68.3067	5.70211
1	121	74	129.298	89.0994	17.2293
1	121	74	137.477	71.6528	16.6436
1	121	74	141.668	79.5726	21.4063
1	121	74	113.921	97.3625	24.4113
1	121	74	138.184	43.7326	34.8054
1	121	74	127.747	79.9767	9.01332
1	121	74	52.299	37.5933	77.7514
1	121	74	100.116	54.3893	28.6482
1	121	74	126.302	74.2888	5.3097
1	121	74	107.067	64.5121	16.8569
1	121	74	131.96	73.4002	10.9767
1	121	74	140.077	36.4758	42.0949
1	121	74	136.366	69.8582	15.9148
1	121	74	129.807	78.2691	9.78728
1	121	74	119.814	91.9617	18.0008
1	121	74	126.739	85.2204	12.603
1	121	74	126.917	89.2294	16.3384
1	121	74	123.131	88.4543	14.6106
1	121	74	104.603	95.6064	27.1236
1	121	74	76.0605	11.2625	77.1722
1	121	74	127.294	72.09	6.57738
1	121	74	45.2117	45.5123	80.9655
1	121	74	109.583	74.2342	11.4196
1	121	74	113.648	81.365	10.4068
1	121	74	87.0076	66.0366	34.9127
1	121	74	106.142	84.9553	18.4604
1	121	74	121.137	75.5679	1.5739
1	121	74	132.634	90.6886	20.3437
1	121	74	129.972	67.1536	11.2859
1	121	74	91.4182	56.9853	34.126
1	121	74	115.933	95.9922	22.5684
1	121	74	105.178	89.8049	22.3635
1	121	74	141.165	84.083	22.5451
1	121	74	118.177	46.1165	28.0259
1	121	74	133.235	83.0846	15.2389
1	121	74	109.427	87.0719	17.4589
1	121	74	118.113	86.4711	12.8008
1	121	74	72.5941	10.649	79.7276
1	121	74	116.296	45.5872	28.7996
1	121	74	110.981	94.2552	22.5976
1	121	74	129.186	73.8151	8.18816
1	121	74	117.414	85.3818	11.9334
1	121	74	104.139	66.2206	18.5694
1	121	74	100.972	64.7518	22.0606
1	121	74	123.177	76.7328	3.49369
1	121	74	109.544	97.4753	26.1213
1	121	74	122.309	94.7829	20.8241
1	121	74	130.643	74.8436	9.67966
1	121	74	130.931	73.6395	9.93739
1	121	74	122.955	46.6221	27.4476
1	121	74	106.966	60.0535	19.7856
1	121	74	127.366	78.7995	7.97242
1	121	74	134.374	75.5362	13.4619
1	121	74	72.5102	11.309	79.2555
1	121	74	121.987	74.392	1.0623
1	121	74	136.296	78.2439	15.8735
1	121	74	119.804	92.1605	18.1999
1	121	74	123.402	71.6384	3.36861
1	121	74	142.174	74.4997	21.1796
1	121	74	99.6277	46.9548	34.4705
1	121	74	120.318	83.4885	9.513
1	121	74	115.793	84.7367	11.9328
1	121	74	126.538	70.3541	6.63038
1	121	74	116.928	82.2484	9.19893
1	121	74	46.4613	44.6579	80.1061
1	121	74	131.265	71.6544	10.5295
1	121	74	73.3027	10.7809	79.194
1	121	74	134.962	80.7602	15.5124
1	121	74	116.292	88.8282	15.5575
1	121	74	117.854	76.899	4.27795
1	121	74	119.795	95.6138	21.6473
1	121	74	120.779	73.1128	0.914402
1	121	74	85.9351	66.0753	35.9493
1	121	74	93.1429	56.0408	33.1444
1	121	74	83.5016	34.6204	54.3772
1	121	74	112.903	95.9017	23.3506
1	121	74	137.385	78.1006	16.89
1	121	74	128.23	86.949	14.8309
1	121	74	128.546	80.2209	9.77953
1	121	74	69.1433	97.1768	56.8004
1	121	74	103.794	78.3197	17.7395
1	121	74	125.532	77.9884	6.03718
1	121	74	122.366	78.5417	4.74261
1	121	74	140.752	84.6269	22.4296
1	121	74	142.215	85.3365	24.0537
1	121	74	129.341	80.502	10.5756
1	121	74	125.027	46.9796	27.3189
1	121	74	122.361	96.5121	22.5532
1	121	74	121.196	76.692	2.6991
1	121	74	128.038	87.8047	15.4955
1	121	74	96.1929	51.3017	33.6245
1	121	74	121.627	84.6506	10.6691
1	121	74	115.905	79.262	7.32483
1	121	74	123.54	74.2068	2.5484
1	121	74	117.396	79.3067	6.41465
1	121	74	128.917	72.0942	8.14351
1	121	74	126.816	84.7554	12.2271
1	121	74	103.38	95.7913	28.0234
1	121	74	108.432	97.3714	26.5363
1	121	74	87.398	65.748	34.6004
1	121	74	48.3927	94.5219	75.4517
1	121	74	115.42	45.462	29.0784
1	121	74	113.758	82.0268	10.8106
1	121	74	39.9082	24.9961	94.7484
1	121	74	39.722	25.0449	94.8826
1	121	74	126.19	70.8782	6.05692
1	121	74	135.723	76.8043	14.9872
1	121	74	125.019	84.7081	11.4374
1	121	74	101.842	97.4385	30.2721
1	121	74	124.879	90.4985	16.9485
1	121	74	118.905	85.3881	11.5793
1	121	74	70.5952	10.825	80.8191
1	121	74	70.5872	10.8289	80.821
1	121	74	116.72	45.6708	28.6508
1	121	74	135.217	72.8538	14.263
1	121	74	122.903	97.4327	23.5099
1	121	74	141.343	83.8736	22.6127
1	121	74	131.137	64.8362	13.6647
1	121	74	131.629	74.3753	10.6355
1	121	74	119.939	87.1929	13.2355
1	121	74	137.724	73.644	16.7278
1	121	74	126.488	91.5023	18.3425
1	121	74	85.7024	66.0014	36.1925
1	121	74	101.257	95.1408	28.9261
1	121	74	123.25	84.4598	10.6991
1	121	74	119.771	77.2508	3.47525
1	121	74	126.483	64.7076	10.7895
1	121	74	127.99	72.2822	7.198
1	121	74	114.799	45.3381	29.3251
1	121	74	120.326	77.9434	4.00055
1	121	74	118.916	87.2845	13.4469
1	121	74	125.875	75.6386	5.14315
1	121	74	114.362	80.066	8.99233
1	121	74	121.478	73.5335	0.667999
1	121	74	112.965	86.389	14.7662
1	121	74	138.571	85.8366	21.1863
1	121	74	62.3461	14.1344	83.8103
1	121	74	117.813	75.9662	3.74457
1	121	74	120.824	71.5079	2.49831
1	121	74	120.182	46.4312	27.5809
1	121	74	131.684	72.1313	10.8461
1	121	74	119.705	76.5334	2.84515
1	121	74	92.6499	57.8869	32.6092
1	121	74	87.9705	65.9596	33.9941
1	121	74	125.92	84.1107	11.244
1	121	74	140.214	72.9614	19.2418
1	121	74	121.487	46.401	27.6033
1	121	74	141.343	83.8557	22.6047
1	121	74	116.29	45.5872	28.8006
1	121	74	128.941	80.5237	10.2772
1	121	74	102.184	53.3172	27.9609
1	121	74	123.309	76.488	3.39418
1	121	74	133.285	73.4714	12.2959
1	121	74	125.972	73.6336	4.98565
1	121	74	130.07	66.265	11.92
1	121	74	92.5811	50.6482	36.7823
1	121	74	117.454	75.5706	3.87819
1	121	74	125.787	80.3526	7.95431
1	121	74	115.875	82.8253	10.2056
1	121	74	125.928	74.3275	4.93841
1	121	74	99.6195	97.2932	31.618
1	121	74	111.584	96.1619	24.0791
1	121	74	134.001	82.6896	15.6376
1	121	74	139.906	84.7336	21.7408
1	121	74	128.554	72.6378	7.67569
1	121	74	123.063	76.628	3.34133
1	121	74	139.858	85.5898	22.1343
1	121	74	121.432	89.8383	15.8442
1	121	74	126.495	74.7258	5.54302
1	121	74	97.2681	95.4547	31.9923
1	121	74	117.197	45.7549	28.5
1	121	74	125.517	78.7909	6.58473
1	121	74	83.6743	63.3896	38.8045
1	121	74	116.995	78.0825	5.71908
1	121	74	140.693	84.6497	22.3881
1	121	74	141.236	70.5983	20.5199
1	121	74	88.4618	65.6098	33.6026
1	121	74	119.065	79.0821	5.43796
1	121	74	92.9455	97.4367	36.5559
1	121	74	131.036	77.5429	10.6426
1	121	74	120.507	88.8145	14.8227
1	121	74	124.78	79.5471	6.71241
1	121	74	140.17	85.2911	22.2478
1	121	74	127.801	76.1773	7.14151
1	121	74	138.067	76.5337	17.2536
1	121	74	116.121	86.1266	13.0711
1	121	74	128.54	68.9347	9.0831
1	121	74	127.035	57.6718	17.4077
1	121	74	110.31	45.1732	30.7452
1	121	74	137.995	56.5868	24.332
1	121	74	121.737	70.7588	3.324
1	121	74	122.442	74.1072	1.446
1	121	74	134.161	53.1304	24.6728
1	121	74	128.272	76.1075	7.57141
1	121	74	111.114	66.8763	12.1849
1	121	74	112.554	81.4869	11.2868
1	121	74	115.909	97.0274	23.5835
1	121	74	118.643	45.9676	28.1313
1	121	74	123.253	88.3686	14.5441
1	121	74	126.57	74.8085	5.62828
1	121	74	96.864	52.5863	32.266
1	121	74	110.932	45.1733	30.5343
1	121	74	104.286	49.5606	29.6084
1	121	74	117.491	77.6808	5.08548
1	121	74	115.024	80.9693	9.18067
1	121	74	133.603	68.9658	13.5712
1	121	74	122.031	75.7035	1.99128
1	121	74	125.022	73.9108	4.02254
1	121	74	119.901	76.5158	2.74542
1	121	74	86.6547	66.0062	35.2633
1	121	74	127.328	71.3579	6.8575
1	121	74	111.918	88.1095	16.7795
1	121	74	105.398	92.7168	24.3668
1	121	74	115.105	45.4205	29.1811
1	121	74	117.817	75.6121	3.56755
1	121	74	126.475	75.6243	5.71108
1	121	74	93.542	85.2673	29.6799
1	121	74	132.686	68.9588	12.7274
1	121	74	127.792	77.0763	7.45656
1	121	74	111.871	88.976	17.5389
1	121	74	110.262	90.5984	19.769
