1	121	74	117.662	75.3547	3.60274
1	121	74	118.673	75.2233	2.62936
1	121	74	124.344	78.756	5.81398
1	121	74	120.698	71.9773	2.04504
1	121	74	121.497	75.4207	1.50511
1	121	74	116.446	83.8636	10.8643
1	121	74	124.707	76.135	4.27785
1	121	74	120.555	79.1306	5.14989
1	121	74	124.355	80.5814	7.38713
1	121	74	121.884	75.8512	2.0515
1	121	74	124.843	71.7605	4.44819
1	121	74	123.151	80.9512	7.27639
1	121	74	109.097	94.6381	23.8247
1	121	74	122.248	74.9901	1.59287
1	121	74	121.401	72.8408	1.22672
1	121	74	115.415	76.1791	5.99495
1	121	74	123.391	76.5959	3.52926
1	121	74	122.785	73.3938	1.8848
1	121	74	125.479	75.4342	4.70288
1	121	74	122.804	77.6727	4.09202
1	121	74	117.186	77.7374	5.34005
1	121	74	123.256	80.777	7.14256
1	121	74	126.499	78.2282	6.93635
1	121	74	128.101	73.6852	7.10834
1	121	74	119.425	77.9552	4.25731
1	121	74	122.976	77.1774	3.74163
1	121	74	118.934	76.502	3.24498
1	121	74	124.796	79.8541	6.97726
1	121	74	125.57	73.086	4.66021
1	121	74	88.8966	66.3072	33.0122
1	121	74	121.174	70.3595	3.64467
1	121	74	125.563	75.1979	4.71788
1	121	74	123.595	78.0842	4.83896
1	121	74	121.109	77.7616	3.76321
1	121	74	112.058	70.5541	9.58279
1	121	74	122.458	74.2461	1.47846
1	121	74	141.922	82.8898	22.7323
1	121	74	127.72	73.1107	6.77865
1	121	74	117.404	77.2176	4.82574
1	121	74	123.421	75.1504	2.68044
1	121	74	129.288	73.8714	8.28919
1	121	74	125.403	75.4411	4.63265
1	121	74	123.366	75.5458	2.82661
1	121	74	120.005	74.9871	1.40181
1	121	74	116.794	75.7091	4.53983
1	121	74	108.659	97.0083	26.1088
1	121	74	125.495	73.621	4.51046
1	121	74	124.25	73.427	3.29972
1	121	74	122.339	75.2171	1.80955
1	121	74	126.397	75.8383	5.70179
1	121	74	138.319	88.3865	22.5149
1	121	74	124.748	77.9677	5.45826
1	121	74	109.816	95.7772	24.4813
1	121	74	122.98	71.9449	2.85394
1	121	74	142.199	84.4275	23.6248
1	121	74	122.329	82.4903	8.59364
1	121	74	85.9949	86.2308	37.0803
1	121	74	117.703	75.4327	3.59469
1	121	74	142.067	86.9239	24.7155
1	121	74	111.782	92.3196	20.508
1	121	74	122.377	80.4173	6.56337
1	121	74	105.659	89.5934	21.8745
1	121	74	142.192	85.1304	23.9369
1	121	74	123.043	74.8116	2.19875
1	121	74	123.928	71.4365	3.89167
1	121	74	121.12	69.131	4.87045
1	121	74	114.806	75.9043	6.47976
1	121	74	120.359	79.5663	5.60309
1	121	74	136.755	80.0861	16.8901
1	121	74	113.28	86.831	14.9745
1	121	74	142.191	84.4942	23.6471
1	121	74	125.151	75.8907	4.56143
1	121	74	119.879	73.8833	1.12726
1	121	74	124.807	72.1707	4.22336
1	121	74	122.339	71.3778	2.94444
1	121	74	121.314	74.3761	0.489658
1	121	74	120.337	75.1244	1.30515
1	121	74	124.395	74.3926	3.41783
1	121	74	126.626	73.7862	5.62999
1	121	74	121.522	73.9339	0.526637
1	121	74	115.193	82.4122	10.2219
1	121	74	119.626	71.6883	2.68899
1	121	74	121.366	73.5185	0.604965
1	121	74	125.755	74.6027	4.79351
1	121	74	118.382	78.3953	5.11567
1	121	74	112.138	86.4418	15.2752
1	121	74	110.765	96.3777	24.6072
1	121	74	121.056	73.9357	0.0851964
1	121	74	124.049	74.9237	3.18587
1	121	74	126.045	75.4211	5.24143
1	121	74	110.206	95.835	24.3575
1	121	74	119.636	76.4176	2.77567
1	121	74	124.507	78.2257	5.49139
1	121	74	126.668	72.5607	5.84756
1	121	74	125.543	78.8446	6.64132
1	121	74	127.888	72.6578	7.0174
1	121	74	127.066	74.3887	6.0782
1	121	74	122.14	75.3127	1.7386
1	121	74	119.631	71.1989	3.11772
1	121	74	123.747	74.0559	2.74754
1	121	74	119.735	73.8812	1.27097
1	121	74	120.692	70.06	3.952
1	121	74	141.371	86.4931	23.8968
1	121	74	118.704	75.8498	2.94859
1	121	74	120.596	77.0986	3.12479
1	121	74	122.805	73.1653	1.98908
1	121	74	120.414	77.5838	3.63134
1	121	74	123.111	75.1385	2.3987
1	121	74	123.723	75.1138	2.94195
1	121	74	116.929	76.4048	4.72822
1	121	74	121.238	74.9193	0.949728
1	121	74	121.448	75.0289	1.12202
1	121	74	123.412	75.7439	2.97633
1	121	74	125.968	73.4256	5.00092
1	121	74	122.653	74.5365	1.73743
1	121	74	127.351	72.8297	6.45804
1	121	74	123.345	71.1099	3.72153
1	121	74	129.745	71.8944	8.99492
1	121	74	119.075	75.8187	2.64863
1	121	74	124.911	73.1574	4.00108
1	121	74	116.953	76.1058	4.56233
1	121	74	122.378	78.5558	4.75956
1	121	74	126.056	80.369	8.13204
1	121	74	63.0509	97.4303	62.5066
1	121	74	124.714	77.8969	5.38357
1	121	74	122.127	75.5184	1.89074
1	121	74	118.922	74.4173	2.11954
1	121	74	124.174	78.1398	5.21676
1	121	74	133.413	82.1065	14.826
1	121	74	122.186	77.2761	3.48404
1	121	74	118.134	68.7613	5.97134
1	121	74	121.558	77.3913	3.43701
1	121	74	126.152	73.7182	5.15974
1	121	74	123.051	81.0422	7.3348
1	121	74	117.991	76.8696	4.15818
1	121	74	116.81	87.6434	14.2723
1	121	74	121.148	76.3	2.30478
1	121	74	140.705	86.1986	23.1749
1	121	74	118.158	85.7721	12.1104
1	121	74	120.013	78.038	4.15685
1	121	74	118.266	76.4984	3.70358
1	121	74	121.65	70.6159	3.44599
1	121	74	118.351	75.6701	3.13113
1	121	74	108.645	91.5366	21.4517
1	121	74	123.498	78.9552	5.54916
1	121	74	122.27	74.2272	1.29017
1	121	74	117.798	76.6407	4.15032
1	121	74	121.123	78.735	4.73664
1	121	74	106.251	89.0144	21.0468
1	121	74	122.332	73.5558	1.4039
1	121	74	126.426	77.4617	6.43625
1	121	74	124.932	79.3556	6.64376
1	121	74	107.057	69.1132	14.7743
1	121	74	124.502	75.5194	3.81713
1	121	74	120.955	82.3116	8.31175
1	121	74	122.877	75.2912	2.27813
1	121	74	141.663	86.5009	24.1499
1	121	74	115.563	76.1125	5.83317
1	121	74	120.638	77.7646	3.78196
1	121	74	117.783	77.9266	5.07593
1	121	74	110.456	90.7962	19.8316
1	121	74	121.898	73.5148	1.02076
1	121	74	116.682	76.0284	4.77042
1	121	74	122.557	74.749	1.72748
1	121	74	118.015	75.458	3.32173
1	121	74	123.677	74.5379	2.73008
1	121	74	120.934	79.124	5.12439
1	121	74	121.434	76.4757	2.51336
1	121	74	119.104	73.2794	2.0281
1	121	74	117.397	75.8969	4.07179
1	121	74	124.635	78.5075	5.79059
1	121	74	117.725	74.3885	3.29818
1	121	74	119.355	78.4807	4.77324
1	121	74	126.42	76.3871	5.92198
1	121	74	116.894	77.8768	5.6468
1	121	74	122.562	74.8147	1.76194
1	121	74	117.754	84.7235	11.2041
1	121	74	125.414	78.0923	6.01897
1	121	74	108.162	97.4835	26.7635
1	121	74	118.692	77.3971	4.10682
1	121	74	125.219	77.3241	5.37148
1	121	74	120.584	72.8467	1.22615
1	121	74	119.216	76.7139	3.24787
1	121	74	121.432	75.4492	1.51213
1	121	74	115.405	86.5245	13.7174
1	121	74	118.489	75.861	3.12558
1	121	74	121.222	79.614	5.61843
1	121	74	122.24	80.9753	7.08478
1	121	74	120.052	75.4307	1.71637
1	121	74	118.493	73.9155	2.50832
1	121	74	125.335	75.0022	4.4492
1	121	74	119.274	74.3073	1.75331
1	121	74	119.697	80.7377	6.86244
1	121	74	124.682	72.7017	3.90408
1	121	74	109.366	72.363	11.7483
1	121	74	126.032	76.3642	5.55931
1	121	74	141.81	82.3908	22.4375
1	121	74	111.029	67.0653	12.1452
1	121	74	132.403	90.6776	20.2032
1	121	74	120.619	71.4325	2.59563
1	121	74	119.352	85.6546	11.7705
1	121	74	119.274	76.9223	3.39374
1	121	74	124.94	72.7676	4.12869
1	121	74	121.656	75.9958	2.1009
1	121	74	118.35	74.2088	2.65842
1	121	74	118.115	75.5157	3.25868
1	121	74	115.735	87.6266	14.6084
1	121	74	125.863	75.2383	5.01804
1	121	74	124.597	79.3564	6.45213
1	121	74	125.275	71.3731	5.0174
1	121	74	108.737	67.5291	13.8652
1	121	74	127.998	75.0176	7.07175
1	121	74	120.2	72.5498	1.65629
1	121	74	121.907	75.9041	2.10905
1	121	74	111.994	96.7558	24.4729
1	121	74	114.8	68.5788	8.23595
1	121	74	120.36	75.4751	1.60811
1	121	74	124.674	76.277	4.32279
1	121	74	119.428	73.7569	1.59025
1	121	74	113.974	84.7039	12.8038
1	121	74	125.391	75.7169	4.71448
1	121	74	119.852	73.406	1.29245
1	121	74	124.799	79.6164	6.78065
1	121	74	121.05	78.2596	4.25992
1	121	74	116.54	77.6539	5.76561
1	121	74	124.862	76.2707	4.47987
1	121	74	111.584	96.6346	24.5149
1	121	74	119.29	76.069	2.68424
1	121	74	124.009	72.9865	3.17525
1	121	74	116.253	78.1685	6.31755
1	121	74	118.34	75.347	2.98189
1	121	74	123.301	75.7908	2.91546
1	121	74	119.274	73.0192	1.9855
1	121	74	116.62	76.8822	5.24363
1	121	74	113.311	97.4864	24.7131
1	121	74	121.813	85.8513	11.8792
1	121	74	118.772	90.1339	16.287
1	121	74	118.657	76.9246	3.74706
1	121	74	122.514	73.0651	1.77933
1	121	74	126.514	77.6398	6.60725
1	121	74	107.832	96.3076	25.904
1	121	74	122.599	77.1623	3.54344
1	121	74	126.119	75.3808	5.30164
1	121	74	129.126	72.3688	8.28855
1	121	74	122.368	72.0256	2.40206
1	121	74	122.91	74.4379	1.95985
1	121	74	114.245	76.1441	7.0867
1	121	74	125.154	76.2179	4.70891
1	121	74	109.669	92.1173	21.3687
1	121	74	125.962	73.8048	4.96552
1	121	74	122.254	75.2852	1.7957
1	121	74	119.285	77.5981	3.98591
1	121	74	124.974	74.4047	3.9948
1	121	74	125.123	77.4775	5.39365
1	121	74	125.21	72.9813	4.33157
1	121	74	124.351	76.2007	4.00928
1	121	74	118.792	74.3329	2.233
1	121	74	120.78	72.1023	1.91042
1	121	74	126.473	75.0131	5.5662
1	121	74	117.244	78.5782	5.92144
1	121	74	119.192	79.5418	5.82939
1	121	74	124.432	71.5133	4.23832
1	121	74	124.797	77.6605	5.2739
1	121	74	117.704	74.3901	3.31854
1	121	74	120.915	70.2775	3.72345
1	121	74	122.212	76.8295	3.07821
1	121	74	122.869	74.2568	1.88624
1	121	74	123.436	75.554	2.88984
1	121	74	121.63	76.2202	2.30777
1	121	74	127.476	74.2927	6.48299
1	121	74	127.198	73.1444	6.25631
1	121	74	124.474	77.2432	4.75222
1	121	74	131.728	78.813	11.7581
1	121	74	118.769	76.9044	3.66218
1	121	74	116.968	76.5611	4.77668
1	121	74	114.84	84.9546	12.5677
1	121	74	124.593	77.396	4.94379
1	121	74	119.376	76.0039	2.57906
1	121	74	120.094	76.3961	2.56157
1	121	74	119.942	74.9573	1.42716
1	121	74	141.801	85.3143	23.6788
1	121	74	120.911	73.6389	0.37184
1	121	74	121.765	76.2384	2.36563
1	121	74	126.24	72.6338	5.4153
1	121	74	85.6331	95.0685	41.1668
1	121	74	104.292	88.4319	22.0783
1	121	74	122.814	76.2233	2.86915
1	121	74	118.327	74.694	2.76171
1	121	74	123.43	73.7954	2.43811
1	121	74	122.493	76.0693	2.55161
1	121	74	127.626	73.2485	6.66818
1	121	74	141.997	83.3099	22.9685
1	121	74	121.564	74.9815	1.13228
1	121	74	123.775	76.5492	3.76801
1	121	74	126.927	73.1889	5.98177
1	121	74	125.769	71.495	5.38671
1	121	74	126.247	74.7514	5.3005
1	121	74	141.15	43.3208	36.7049
1	121	74	123.869	80.9017	7.47434
1	121	74	118.656	77.8914	4.5426
1	121	74	117.614	75.9834	3.92443
1	121	74	120.589	75.5928	1.64491
1	121	74	116.841	73.8025	4.16408
1	121	74	127.372	72.8126	6.48125
1	121	74	124.952	74.1959	3.95688
1	121	74	115.305	96.2904	23.0063
1	121	74	119.157	78.1574	4.54764
1	121	74	99.7166	79.9108	22.0889
1	121	74	121.892	75.1054	1.42018
1	121	74	121.483	73.0403	1.07436
1	121	74	122.242	78.4952	4.6637
1	121	74	125.875	72.2573	5.17717
1	121	74	121.565	74.6052	0.827656
1	121	74	119.685	74.5676	1.43247
1	121	74	122.832	79.8624	6.14185
1	121	74	120.513	84.8589	10.8698
1	121	74	119.423	86.7769	12.8739
1	121	74	122.304	74.796	1.52738
1	121	74	120.709	79.4617	5.46945
1	121	74	128.753	76.8016	8.24383
1	121	74	141.507	85.737	23.6283
1	121	74	122.411	78.3767	4.59864
1	121	74	126.286	78.5466	6.97195
1	121	74	125.689	73.4822	4.71724
1	121	74	134.51	89.9794	20.925
1	121	74	124.178	74.755	3.26637
1	121	74	121.877	72.7364	1.53808
1	121	74	120.395	77.6455	3.69543
1	121	74	123.199	73.8905	2.20154
1	121	74	122.127	73.7857	1.14765
1	121	74	127.259	74.5534	6.2834
1	121	74	122.657	82.2381	8.40316
1	121	74	122.078	73.5299	1.17607
1	121	74	134.506	87.4819	19.0836
1	121	74	127.266	76.6432	6.8007
1	121	74	118.799	74.9969	2.41622
1	121	74	118.417	73.7482	2.59515
1	121	74	117.428	75.9209	4.05604
1	121	74	120.202	76.3282	2.461
1	121	74	125.562	72.5883	4.77581
1	121	74	121.174	77.9194	3.92328
1	121	74	124.226	80.3902	7.15851
1	121	74	126.67	75.4524	5.85347
1	121	74	122.031	73.0791	1.38241
1	121	74	122.779	75.0803	2.08166
1	121	74	119.731	77.6229	3.83874
1	121	74	120.685	72.0025	2.02208
1	121	74	124.532	74.0848	3.53301
1	121	74	118.839	76.048	2.97704
1	121	74	125.753	74.4405	4.77378
1	121	74	121.323	73.0033	1.04773
1	121	74	124.346	76.8079	4.36844
1	121	74	126.586	74.8007	5.64304
1	121	74	117.899	74.9896	3.25553
1	121	74	118.416	78.4521	5.14772
1	121	74	120.17	74.2451	0.865783
1	121	74	105.661	67.7442	16.566
1	121	74	117.457	77.1769	4.75875
1	121	74	119.503	84.9345	11.0365
1	121	74	121.226	70.0653	3.9412
1	121	74	125.375	75.5898	4.65485
1	121	74	111.774	97.049	24.8269
1	121	74	122.913	78.2926	4.69958
1	121	74	121.882	74.896	1.25741
1	121	74	124.546	80.8829	7.74242
1	121	74	120.314	75.3398	1.50545
1	121	74	118.014	75.2641	3.24274
1	121	74	124.138	73.7812	3.14591
1	121	74	108.497	96.1774	25.459
1	121	74	123.977	78.4723	5.37268
1	121	74	127.17	71.2627	6.75017
1	121	74	105.778	65.632	17.3706
1	121	74	120.368	79.8861	5.91991
1	121	74	117.911	75.3716	3.37991
1	121	74	117.013	76.8617	4.90796
1	121	74	117.375	76.0833	4.18092
1	121	74	120.65	71.3725	2.65074
1	121	74	121.027	74.8731	0.873503
1	121	74	116.491	77.7775	5.88221
1	121	74	119.94	76.4089	2.63173
1	121	74	121.186	71.514	2.49295
1	121	74	118.251	75.9269	3.35741
1	121	74	141.617	86.5178	24.1198
1	121	74	118.674	76.3592	3.31293
1	121	74	89.5114	87.161	34.1283
1	121	74	121.268	69.9467	4.06209
1	121	74	126.407	77.0046	6.18602
1	121	74	119.164	73.8668	1.84067
1	121	74	122.839	76.46	3.07124
1	121	74	124.612	77.0874	4.75205
1	121	74	127.1	86.2172	13.6553
1	121	74	128.072	78.823	8.55999
1	121	74	123.876	77.7963	4.76258
1	121	74	124.852	73.4911	3.88588
1	121	74	119.165	76.6416	3.21613
1	121	74	125.319	74.9813	4.42949
1	121	74	123.101	73.6437	2.13058
1	121	74	119.177	74.5607	1.90742
1	121	74	120.795	78.2453	4.25021
1	121	74	114.482	73.1196	6.57723
1	121	74	122.03	81.9135	7.9803
1	121	74	125.254	78.1333	5.93146
1	121	74	119.74	75.9222	2.29829
1	121	74	119.76	75.9974	2.35118
1	121	74	117.417	83.4516	10.1078
1	121	74	125.081	72.4824	4.35371
1	121	74	109.26	70.5974	12.2229
1	121	74	118.098	76.9248	4.12025
1	121	74	121.483	77.0524	3.0903
1	121	74	125.462	77.3218	5.56305
1	121	74	122.336	74.8264	1.57135
1	121	74	120.845	74.0837	0.176114
1	121	74	122.062	78.1478	4.28157
1	121	74	122.593	70.5414	3.80786
1	121	74	124.462	71.9762	4.01057
1	121	74	122.033	79.7886	5.88005
1	121	74	123.632	79.8316	6.39789
1	121	74	125.254	71.1878	5.0992
1	121	74	115.936	85.1737	12.2677
1	121	74	123.359	74.9833	2.55589
1	121	74	117.575	75.0523	3.58326
1	121	74	120.535	71.8365	2.21284
1	121	74	117.323	76.0748	4.22161
1	121	74	122.475	73.0783	1.73924
1	121	74	123.909	75.6485	3.34354
1	121	74	121.084	79.5104	5.51101
1	121	74	119.911	75.7311	2.04526
1	121	74	127.341	73.8721	6.34208
1	121	74	119.722	71.4718	2.83294
1	121	74	125.952	78.7589	6.86771
1	121	74	123.95	80.1312	6.80409
1	121	74	117.97	77.0659	4.31021
1	121	74	119.606	73.3144	1.55381
1	121	74	119.411	74.1108	1.59334
1	121	74	122.066	76.3987	2.62488
1	121	74	123.952	71.8551	3.64927
1	121	74	116.389	80.2166	7.74013
1	121	74	128.584	74.5476	7.60402
1	121	74	119.18	77.094	3.58954
1	121	74	141.122	86.5006	23.6886
1	121	74	119.267	74.76	1.89221
1	121	74	118.266	76.3343	3.59488
1	121	74	122.937	76.3921	3.07813
1	121	74	123.166	81.6925	7.99174
1	121	74	127.137	75.451	6.30591
1	121	74	127.028	74.8183	6.08324
1	121	74	119.807	77.2197	3.43348
1	121	74	111.876	96.1305	23.9375
1	121	74	128.007	74.4086	7.01874
1	121	74	113.675	85.0737	13.2773
1	121	74	118.349	75.3807	2.98904
1	121	74	123.292	74.4076	2.32769
1	121	74	126.692	76.3843	6.17152
1	121	74	99.9897	64.8122	22.9314
1	121	74	121.29	68.3441	5.66334
1	121	74	125.893	73.4479	4.92376
1	121	74	111.633	97.4855	25.2847
1	121	74	120.243	70.8252	3.26376
1	121	74	122.437	77.0182	3.3428
1	121	74	119.693	80.9028	7.02542
1	121	74	119.156	75.6554	2.47778
1	121	74	124.605	79.4662	6.54816
1	121	74	125.011	78.8447	6.28994
1	121	74	118.192	75.0249	2.98881
1	121	74	113.682	72.1031	7.55983
1	121	74	123.908	79.7482	6.44216
1	121	74	119.476	74.0936	1.52643
1	121	74	119.989	82.1571	8.21953
1	121	74	87.346	66.3098	34.5214
1	121	74	123.35	73.0052	2.55225
1	121	74	121.803	82.2476	8.28657
1	121	74	123.892	82.244	8.73657
1	121	74	124.636	71.3768	4.48313
1	121	74	121.37	76.8348	2.85893
1	121	74	121.244	76.6546	2.66576
1	121	74	122.391	77.0767	3.3764
1	121	74	117.438	76.9961	4.65436
1	121	74	123.754	77.775	4.67297
1	121	74	111.742	92.8827	21.0301
1	121	74	120.998	73.6083	0.391724
1	121	74	124.349	75.0151	3.49982
1	121	74	120.516	76.0321	2.08884
1	121	74	121.458	76.4276	2.47034
1	121	74	118.57	76.0595	3.18519
1	121	74	103.924	90.8427	23.9845
1	121	74	119.359	78.0235	4.34545
1	121	74	119.809	79.6741	5.79774
1	121	74	141.381	85.806	23.5538
1	121	74	127.477	76.1504	6.82488
1	121	74	118.311	74.1455	2.69304
1	121	74	121.628	78.9359	4.97575
1	121	74	134.444	80.5332	14.9472
1	121	74	124.185	79.9868	6.78141
1	121	74	126.488	73.593	5.50348
1	121	74	122.218	77.6039	3.80413
1	121	74	117.702	79.2923	6.236
1	121	74	125.825	77.076	5.72205
1	121	74	119.17	75.1509	2.16163
1	121	74	94.6382	55.1267	32.4214
1	121	74	119.129	73.2585	2.01239
1	121	74	116.749	78.4821	6.17731
1	121	74	129.287	73.8596	8.28785
1	121	74	110.49	93.9612	22.559
1	121	74	120.176	76.1589	2.31079
1	121	74	119.037	74.179	1.97118
1	121	74	125.678	72.8835	4.80897
1	121	74	120.772	73.1297	0.89957
1	121	74	116.746	66.3687	8.73698
1	121	74	125.893	77.6467	6.10232
1	121	74	120.993	73.3498	0.650204
1	121	74	117.405	75.323	3.83115
1	121	74	124.05	71.0943	4.21223
1	121	74	122.683	75.9539	2.579
1	121	74	118.665	75.7442	2.91494
1	121	74	125.501	73.372	4.54473
1	121	74	122.592	78.9611	5.21027
1	121	74	127.555	74.4652	6.57109
1	121	74	112.28	97.3886	24.9613
1	121	74	112.811	97.4852	24.872
1	121	74	116.395	84.29	11.2735
1	121	74	118.505	77.9852	4.70174
1	121	74	125.805	71.906	5.2411
1	121	74	141.128	86.8572	23.884
1	121	74	140.894	87.2911	23.9257
1	121	74	114.24	86.8007	14.4759
1	121	74	123.115	74.6347	2.20805
1	121	74	124.237	77.4922	4.76169
1	121	74	117.224	77.0235	4.83744
1	121	74	126.328	74.6644	5.36879
1	121	74	140.213	86.598	22.9748
1	121	74	117.54	77.8388	5.16824
1	121	74	126.064	74.477	5.08632
1	121	74	122.135	75.8191	2.14423
1	121	74	108.926	93.025	22.5332
1	121	74	122.623	73.6416	1.66176
1	121	74	116.785	77.3342	5.37423
1	121	74	122.132	73.8654	1.13986
1	121	74	122.828	75.7462	2.52783
1	121	74	115.019	85.8839	13.3042
1	121	74	119	72.9995	2.23653
1	121	74	110.464	96.0827	24.4675
1	121	74	123.938	74.1445	2.94137
1	121	74	124.325	78.994	5.99961
1	121	74	114.206	88.7838	16.2703
1	121	74	94.5799	97.437	35.3173
1	121	74	120.996	80.2348	6.23477
1	121	74	122.487	72.6037	2.03952
1	121	74	120.114	77.4284	3.5412
1	121	74	120.52	72.9814	1.12587
1	121	74	139.91	86.4118	22.6193
1	121	74	132.532	90.6081	20.2191
1	121	74	118.083	75.0866	3.11277
1	121	74	121.306	75.0262	1.07083
1	121	74	119.685	74.5374	1.42078
1	121	74	103.143	88.0268	22.707
1	121	74	123.191	77.3413	3.99571
1	121	74	123.989	74.9656	3.14132
1	121	74	121.499	73.9958	0.499183
1	121	74	119.792	73.9915	1.20821
1	121	74	135.32	89.6091	21.1827
1	121	74	141.959	81.7553	22.3475
1	121	74	123.564	77.7987	4.58302
1	121	74	123.539	76.458	3.53399
1	121	74	115.693	86.5078	13.587
1	121	74	119.319	75.9616	2.58364
1	121	74	124.602	80.7129	7.61808
1	121	74	120.865	70.7698	3.23303
1	121	74	118.744	79.7251	6.15352
1	121	74	121.117	75.2209	1.22646
1	121	74	125.549	73.5079	4.57523
1	121	74	118.89	76.6612	3.39602
1	121	74	121.706	74.8176	1.08034
1	121	74	125.871	76.6607	5.5506
1	121	74	125.535	74.7289	4.59296
1	121	74	127.003	78.7848	7.67643
1	121	74	123.885	73.987	2.8855
1	121	74	120.641	72.3659	1.67301
1	121	74	117.862	76.3622	3.92747
1	121	74	125.855	78.5375	6.64522
1	121	74	125.077	79.2227	6.62546
1	121	74	127.11	76.1327	6.47181
1	121	74	118.687	75.9505	3.02551
1	121	74	123.912	75.9268	3.492
1	121	74	124.446	77.1717	4.68306
1	121	74	123.305	77.5367	4.22128
1	121	74	124.457	72.8922	3.63024
1	121	74	122.261	74.2947	1.29457
1	121	74	120.326	74.5773	0.887529
1	121	74	116.546	82.9178	9.96815
1	121	74	118.054	75.6614	3.38188
1	121	74	124.434	76.0826	4.0165
1	121	74	118.195	75.2856	3.08593
1	121	74	126.17	75.0065	5.2674
1	121	74	120.505	79.7515	5.77273
1	121	74	110.96	71.2724	10.4039
1	121	74	121.904	77.1494	3.27652
1	121	74	126.895	73.1254	5.95934
1	121	74	124.073	76.592	4.01995
1	121	74	121.303	77.997	4.00847
1	121	74	120.777	75.1854	1.20618
1	121	74	127.432	75.1963	6.54227
1	121	74	126.192	76.5639	5.79025
1	121	74	124.162	77.0103	4.36549
1	121	74	124.973	74.5344	4.00875
1	121	74	121.074	73.6803	0.328051
1	121	74	127.571	84.6582	12.521
1	121	74	103.359	87.8532	22.43
1	121	74	111.438	87.9106	16.8802
1	121	74	123.783	73.9377	2.78409
1	121	74	121.79	83.1317	9.16584
1	121	74	119.494	74.4569	1.57337
1	121	74	120.015	77.8761	3.99922
1	121	74	119.071	78.0125	4.45207
1	121	74	125.846	74.4504	4.86671
1	121	74	80.977	84.1536	41.2909
1	121	74	139.609	86.8815	22.6322
1	121	74	124.074	74.7539	3.16484
1	121	74	123.188	75.4798	2.64108
1	121	74	125.326	73.2005	4.3997
1	121	74	124.375	72.6957	3.61831
1	121	74	128.847	74.7159	7.87933
1	121	74	118.126	77.1119	4.23612
1	121	74	124.131	74.8302	3.23875
1	121	74	123.734	80.0007	6.59418
1	121	74	122.075	75.4707	1.82195
1	121	74	122.094	70.1438	4.00829
1	121	74	118.889	74.6125	2.19805
1	121	74	107.228	67.633	15.1728
1	121	74	119.147	74.1012	1.85623
1	121	74	119.192	74.4575	1.86455
1	121	74	112.418	67.464	10.7877
1	121	74	122.089	75.8264	2.12652
1	121	74	117.591	73.8343	3.41308
1	121	74	112.824	93.9784	21.5865
1	121	74	109.564	97.4844	26.1208
1	121	74	122.674	79.1387	5.40442
1	121	74	128.827	74.2948	7.8323
1	121	74	120.603	75.9502	1.99016
1	121	74	121.216	75.2854	1.3035
1	121	74	121.415	72.7497	1.31744
1	121	74	126.783	73.8553	5.78509
1	121	74	141.698	86.4785	24.1684
1	121	74	116.773	76.1798	4.7557
1	121	74	125.234	74.4832	4.26104
1	121	74	119.985	74.0283	1.0156
1	121	74	123.489	77.7893	4.53388
1	121	74	121.123	75.1472	1.15387
1	121	74	117.599	78.7716	5.85941
1	121	74	119.15	75.1153	2.15994
1	121	74	117.093	78.0545	5.63076
1	121	74	118.427	77.5122	4.35355
1	121	74	121.034	75.6403	1.64067
1	121	74	107.157	90.1499	21.2709
1	121	74	118.608	78.9663	5.51247
1	121	74	117.247	76.454	4.48444
1	121	74	122.628	79.4469	5.68505
1	121	74	122.84	70.994	3.5243
1	121	74	125.515	72.426	4.78149
1	121	74	127.399	74.887	6.46
1	121	74	122.45	70.4232	3.85962
1	121	74	118.172	77.1147	4.2071
1	121	74	121.235	72.8059	1.21707
1	121	74	121.892	72.9368	1.38758
1	121	74	119.032	76.9852	3.57545
1	121	74	117.145	82.5896	9.41486
1	121	74	141.062	85.8803	23.3157
1	121	74	128.83	75.4447	7.96174
1	121	74	118.935	74.1025	2.06729
1	121	74	116.706	77.9342	5.82354
1	121	74	140.361	83.5589	21.5918
1	121	74	110.853	97.4851	25.5833
1	121	74	124.71	74.5815	3.7554
1	121	74	103.194	84.8327	20.8426
1	121	74	132.313	82.793	14.3281
1	121	74	117.465	77.5469	5.0074
1	121	74	117.492	76.6043	4.36877
1	121	74	105.657	64.7491	17.9159
1	121	74	118.452	77.1278	4.0343
1	121	74	121.946	81.5261	7.58534
1	121	74	119.474	75.9919	2.50908
1	121	74	119.772	81.9335	8.02788
1	121	74	123.04	73.2909	2.15941
1	121	74	121.292	71.4862	2.53068
1	121	74	115.513	84.8629	12.17
1	121	74	123.055	75.4401	2.5093
1	121	74	120.027	74.9726	1.376
1	121	74	122.632	72.1064	2.4999
1	121	74	120.866	78.0697	4.07194
1	121	74	120.377	78.5004	4.54332
1	121	74	134.631	77.7517	14.1377
1	121	74	119.08	78.2121	4.62893
1	121	74	122.81	74.1749	1.81815
1	121	74	122.338	79.8743	6.02483
1	121	74	123.298	75.3455	2.66307
1	121	74	123.2	77.7595	4.35575
1	121	74	135.769	82.9202	17.2538
1	121	74	121.637	70.5381	3.52
1	121	74	138.171	81.7192	18.826
1	121	74	121.44	77.6493	3.67571
1	121	74	118.996	83.7229	9.92727
1	121	74	132.835	83.2376	15.0132
1	121	74	141.406	85.473	23.4102
1	121	74	119.836	76.719	2.9579
1	121	74	119.488	76.0574	2.55329
1	121	74	119.433	73.3313	1.70399
1	121	74	118.659	76.3177	3.29399
1	121	74	125.016	77.9298	5.61861
1	121	74	126.192	76.426	5.73092
1	121	74	116.87	76.2947	4.72481
1	121	74	109.191	97.3869	26.1991
1	121	74	106.965	85.3971	18.0798
1	121	74	118.848	74.7188	2.26898
1	121	74	122.198	77.02	3.24883
1	121	74	120.637	70.9977	3.02418
1	121	74	122.392	76.4022	2.77629
1	121	74	121.544	78.4567	4.48981
1	121	74	127.834	75.9405	7.1039
1	121	74	125.99	76.0327	5.38852
1	121	74	130.857	76.595	10.1928
1	121	74	117.326	78.5798	5.87122
1	121	74	123.033	79.5551	5.91523
1	121	74	123.13	80.4016	6.7468
1	121	74	123.538	73.7805	2.54762
1	121	74	121.109	75.7851	1.7885
1	121	74	124.052	77.1511	4.38693
1	121	74	107.779	97.1591	26.6674
1	121	74	120.202	74.9388	1.23224
1	121	74	117.718	78.7305	5.75764
1	121	74	121.508	75.6853	1.76037
1	121	74	117.352	78.3219	5.65541
1	121	74	111.857	90.0676	18.4868
1	121	74	122.069	74.7821	1.32414
1	121	74	121.456	75.8283	1.88433
1	121	74	126.832	75.7164	6.07967
1	121	74	123.462	76.9418	3.83631
1	121	74	128.329	73.4671	7.3482
1	121	74	125.351	73.0297	4.45809
1	121	74	118.371	74.538	2.68326
1	121	74	121.667	75.9882	2.09692
1	121	74	131.767	75.3587	10.8526
1	121	74	123.605	79.6605	6.23138
1	121	74	117.917	76.8405	4.19232
1	121	74	142.031	82.1377	22.5509
1	121	74	121.383	74.2346	0.448897
1	121	74	125.311	78.3843	6.14846
1	121	74	123.223	73.0657	2.41156
1	121	74	118.007	75.5309	3.36204
1	121	74	118.428	81.083	7.5356
1	121	74	127.712	71.3026	7.23409
1	121	74	90.5927	65.4649	31.5825
1	121	74	122.444	75.3211	1.95689
1	121	74	120.468	75.221	1.33201
1	121	74	124.405	74.4173	3.43062
1	121	74	119.967	77.4482	3.59953
1	121	74	120.968	74.759	0.759658
1	121	74	119.773	78.0948	4.27466
1	121	74	121.592	72.4009	1.70524
1	121	74	124.123	77.6975	4.84005
1	121	74	119.256	75.0165	2.01867
1	121	74	124.115	76.3249	3.88678
1	121	74	117.52	75.6059	3.83263
1	121	74	124.665	76.2403	4.2952
1	121	74	126.474	76.0029	5.82919
1	121	74	122.629	70.9439	3.4631
1	121	74	110.464	93.9325	22.5458
1	121	74	122.464	71.2977	3.0734
1	121	74	125.137	79.3655	6.77497
1	121	74	120.386	71.7329	2.3487
1	121	74	118.391	76.4276	3.56339
1	121	74	108.504	95.4829	24.8527
1	121	74	141.857	82.7912	22.6341
1	121	74	122.105	74.2278	1.12827
1	121	74	118.371	74.0941	2.63032
1	121	74	119.835	77.0211	3.23806
1	121	74	125.406	77.6945	5.75016
1	121	74	124.799	79.0971	6.35737
1	121	74	122.567	79.4661	5.68636
1	121	74	124.128	74.0568	3.1288
1	121	74	122.638	73.38	1.75103
1	121	74	121.738	78.9901	5.04433
1	121	74	96.0889	54.6373	31.5512
1	121	74	120.478	73.9408	0.525237
1	121	74	124.991	72.4922	4.2667
1	121	74	118.671	77.9636	4.59734
1	121	74	126.087	74.5746	5.11945
1	121	74	121.11	79.9552	5.9562
1	121	74	119.354	82.0168	8.18405
1	121	74	122.343	73.9752	1.34331
1	121	74	118.251	84.3135	10.6737
1	121	74	120.839	74.8434	0.858609
1	121	74	122.381	76.6384	2.97811
1	121	74	112.444	71.4639	8.92389
1	121	74	122.642	75.7612	2.40797
1	121	74	119.386	67.7566	6.44858
1	121	74	121.041	81.7347	7.73482
1	121	74	122.702	75.3575	2.1769
1	121	74	111.41	96.2357	24.2157
1	121	74	58.3576	97.4293	66.8805
1	121	74	124.127	71.5049	4.00013
1	121	74	119.761	76.462	2.75631
1	121	74	112.579	95.8239	23.3921
1	121	74	126.088	72.6561	5.2624
1	121	74	123.461	72.8183	2.72998
1	121	74	123.509	80.8334	7.27941
1	121	74	111.15	96.6988	24.7437
1	121	74	141.175	85.8996	23.4227
1	121	74	128.508	70.5175	8.2765
1	121	74	126.778	75.8627	6.07096
1	121	74	111.326	95.1034	23.2151
1	121	74	123.61	82.4539	8.84774
1	121	74	122.134	69.5826	4.56063
1	121	74	123.267	72.5621	2.68436
1	121	74	119.241	76.8054	3.31099
1	121	74	119.761	71.858	2.47437
1	121	74	118.964	74.4926	2.09468
1	121	74	121.807	70.6784	3.41819
1	121	74	109.154	97.4182	26.244
1	121	74	121.178	82.3148	8.31675
1	121	74	107.789	87.9027	19.1782
1	121	74	116.786	76.7145	5.01284
1	121	74	126.149	77.728	6.3568
1	121	74	124.52	73.5699	3.5462
1	121	74	109.706	91.5678	20.8852
1	121	74	112.109	74.1952	8.89351
1	121	74	116.785	77.0308	5.19179
1	121	74	110.622	74.3091	10.3823
1	121	74	122.056	77.0431	3.22113
1	121	74	123.112	79.4814	5.8742
1	121	74	126.49	75.109	5.60099
1	121	74	123.853	78.0356	4.94204
1	121	74	120.017	83.3964	9.44768
1	121	74	141.276	86.1729	23.6497
1	121	74	116.641	77.3714	5.5107
1	121	74	125.476	74.4132	4.49467
1	121	74	122.503	72.4067	2.1906
1	121	74	116.29	84.8674	11.8442
1	121	74	122.192	73.669	1.23689
1	121	74	123.009	79.0632	5.44726
1	121	74	104.786	89.3916	22.3561
1	121	74	124.031	74.81	3.13721
1	121	74	121.241	75.5395	1.55834
1	121	74	124.402	73.6886	3.41659
1	121	74	123.51	78.533	5.1815
1	121	74	122.603	74.5407	1.69132
1	121	74	118.659	77.3123	4.05582
1	121	74	120.275	77.4007	3.4771
1	121	74	104.317	65.8177	18.5811
1	121	74	119.47	73.6028	1.58107
1	121	74	110.444	74.9109	10.5954
1	121	74	126.892	76.4887	6.39592
1	121	74	120.767	76.1835	2.19592
1	121	74	78.3641	45.1948	51.4544
1	121	74	119.814	77.6749	3.86141
1	121	74	120.791	75.7252	1.73783
1	121	74	121.955	76.6772	2.84243
1	121	74	140.4	86.0396	22.8322
1	121	74	135.965	78.395	15.5969
1	121	74	117.377	92.2315	18.588
1	121	74	121.299	78.7338	4.7432
1	121	74	120.81	70.3743	3.63065
1	121	74	119.317	73.057	1.92925
1	121	74	120.546	72.1036	1.95011
1	121	74	120.53	76.6699	2.71097
1	121	74	123.307	76.4282	3.34963
1	121	74	123.691	76.8673	3.93234
1	121	74	123.49	81.7123	8.10433
1	121	74	117.759	75.0816	3.41662
1	121	74	117.16	77.2906	5.05684
1	121	74	123.631	76.6118	3.70736
1	121	74	119.588	76.3683	2.7572
1	121	74	125.29	71.6262	4.90297
1	121	74	119.606	76.4699	2.83634
1	121	74	119.029	75.8833	2.72592
1	121	74	122.87	75.316	2.28701
1	121	74	122.965	75.4972	2.47061
1	121	74	109.01	95.9027	24.9697
1	121	74	122.383	77.912	4.14922
1	121	74	121.702	78.7813	4.83251
1	121	74	111.537	97.373	25.2158
1	121	74	119.749	82.4552	8.54714
1	121	74	117.782	75.807	3.69096
1	121	74	140.24	86.5509	22.9716
1	121	74	141.141	86.7423	23.833
1	121	74	125.051	78.6185	6.14347
1	121	74	121.88	79.3217	5.39407
1	121	74	110.438	97.3596	25.6365
1	121	74	117.406	75.947	4.08791
1	121	74	126.376	74.5861	5.40754
1	121	74	121.066	70.4399	3.56067
1	121	74	119.188	79.9695	6.2384
1	121	74	139.724	86.7463	22.6504
1	121	74	119.904	71.6242	2.61618
1	121	74	124.015	72.869	3.22027
1	121	74	130.065	81.1838	11.5664
1	121	74	120.596	78.2693	4.28836
1	121	74	111.39	70.2634	10.3111
1	121	74	122.155	76.494	2.74831
1	121	74	121.911	74.2413	0.942828
1	121	74	123.341	74.6629	2.43299
1	121	74	121.71	76.6934	2.78538
1	121	74	119.921	72.8901	1.54813
1	121	74	124.234	76.2456	3.93679
1	121	74	122.604	75.6036	2.268
1	121	74	102.369	88.3948	23.5443
1	121	74	123.488	77.4614	4.26281
1	121	74	127.897	74.0952	6.89731
1	121	74	122.61	80.7387	6.92832
1	121	74	124.51	78.9633	6.07882
1	121	74	127.009	75.7599	6.26157
1	121	74	122.863	84.8293	10.9884
1	121	74	140.355	86.168	22.8625
1	121	74	101.542	82.1339	21.0893
1	121	74	119.038	74.8336	2.13188
1	121	74	110.957	96.7813	24.8969
1	121	74	118.077	77.2333	4.35894
1	121	74	109.736	67.6832	12.9147
1	121	74	118.198	78.0457	4.92123
1	121	74	117.954	75.4106	3.35667
1	121	74	119.959	73.1009	1.37526
1	121	74	126.742	77.7001	6.83133
1	121	74	125.124	78.2155	5.8976
1	121	74	126.515	75.7349	5.7812
1	121	74	120.385	84.5416	10.5596
1	121	74	119.218	72.7511	2.17591
1	121	74	118.111	76.8696	4.0721
1	121	74	121.822	71.3643	2.76082
1	121	74	117.234	77.054	4.84868
1	121	74	121.327	77.5287	3.54381
1	121	74	119.982	71.203	2.97649
1	121	74	120.625	79.012	5.02599
1	121	74	107.402	96.6062	26.3809
1	121	74	119.906	74.3424	1.14596
1	121	74	121.541	77.9042	3.94145
1	121	74	124.148	76.0789	3.77281
1	121	74	125.967	72.9401	5.07888
1	121	74	122.204	70.0521	4.12754
1	121	74	124.074	73.9934	3.07375
1	121	74	121.736	74.9693	1.21688
1	121	74	118.718	75.392	2.67297
1	121	74	126.055	78.0263	6.46263
1	121	74	124.095	76.2402	3.82087
1	121	74	117.099	78.0598	5.63003
1	121	74	120.985	78.249	4.24901
1	121	74	121.962	78.4451	4.54807
1	121	74	120.625	75.9917	2.02666
1	121	74	118.052	75.7156	3.41125
1	121	74	117.691	77.7622	5.01048
1	121	74	122.653	74.6931	1.79228
1	121	74	122.314	74.923	1.60615
1	121	74	108.298	87.8962	18.8269
1	121	74	121.487	77.7554	3.78687
1	121	74	118.854	74.1571	2.15152
1	121	74	123.258	72.4206	2.75573
1	121	74	126.145	77.9229	6.46953
1	121	74	119.816	77.8999	4.07559
1	121	74	123.078	74.022	2.07795
1	121	74	129.028	74.2786	8.03297
1	121	74	117.732	76.4558	4.08776
1	121	74	115.885	76.8777	5.8687
1	121	74	122.477	78.7141	4.93996
1	121	74	119.29	75.4898	2.268
1	121	74	119.883	76.6172	2.84559
1	121	74	123.975	77.5057	4.59792
1	121	74	125.017	79.2318	6.59579
1	121	74	124.905	74.0602	3.90576
1	121	74	122.663	81.9763	8.14791
1	121	74	122.478	78.2647	4.51344
1	121	74	122.891	77.3257	3.82585
1	121	74	120.865	74.6939	0.706938
1	121	74	123.428	83.331	9.64182
1	121	74	120.584	74.5562	0.694503
1	121	74	122.237	75.959	2.31671
1	121	74	125.785	81.279	8.71103
1	121	74	120.69	81.9252	7.93133
1	121	74	101.88	67.4422	20.2129
1	121	74	126.153	76.9943	5.95998
