1	121	74	124.951	84.808	11.5077
1	121	74	113.571	68.1865	9.43307
1	121	74	125.322	70.8724	5.335
1	121	74	120.882	83.7819	9.78257
1	121	74	118.949	74.3734	2.08424
1	121	74	124.38	75.8064	3.83225
1	121	74	112.101	92.9977	20.9787
1	121	74	119.942	83.3206	9.38048
1	121	74	116.639	82.3938	9.45922
1	121	74	125.337	71.1281	5.2018
1	121	74	116.205	73.0375	4.89078
1	121	74	126.812	81.0071	9.10353
1	121	74	118.847	78.9142	5.36533
1	121	74	126.658	76.3266	6.11756
1	121	74	125.991	72.693	5.15961
1	121	74	101.128	66.9989	21.0693
1	121	74	123.152	68.5612	5.84906
1	121	74	123.294	71.9268	3.09194
1	121	74	123.697	78.547	5.2867
1	121	74	126.29	81.6452	9.29692
1	121	74	141.951	81.3864	22.2147
1	121	74	120.194	78.8443	4.91086
1	121	74	121.771	76.0079	2.15086
1	121	74	126.62	72.2362	5.8902
1	121	74	119.514	80.3737	6.54475
1	121	74	127.802	73.436	6.82492
1	121	74	113.764	97.4798	24.5695
1	121	74	121.316	75.5801	1.6114
1	121	74	116.824	82.6297	9.58719
1	121	74	119.735	80.8949	7.01002
1	121	74	138.202	75.5662	17.2727
1	121	74	134.389	75.4716	13.4698
1	121	74	120.232	84.8323	10.8596
1	121	74	127.809	76.7253	7.33458
1	121	74	118.448	84.6497	10.9512
1	121	74	130.772	81.1137	12.0874
1	121	74	124.643	79.764	6.81876
1	121	74	126.601	79.5675	7.89744
1	121	74	123.074	74.23	2.08641
1	121	74	127.488	81.3046	9.77024
1	121	74	128.247	80.0819	9.46127
1	121	74	130.115	75.6708	9.26685
1	121	74	126.936	76.7023	6.52238
1	121	74	116.504	81.4851	8.7317
1	121	74	118.041	91.9268	18.1693
1	121	74	116.524	81.1876	8.46762
1	121	74	125.941	81.2572	8.77958
1	121	74	131.485	82.7647	13.6657
1	121	74	115.274	97.4518	24.1406
1	121	74	114.949	97.3268	24.0988
1	121	74	120.335	76.7008	2.78149
1	121	74	126.983	82.1154	10.0826
1	121	74	128.685	77.4375	8.41839
1	121	74	124.549	84.0382	10.6472
1	121	74	127.206	79.9292	8.58275
1	121	74	102.215	73.3235	18.7975
1	121	74	45.4804	20.8081	92.372
1	121	74	121.957	70.7725	3.36647
1	121	74	121.363	76.3098	2.33814
1	121	74	117.792	74.9364	3.34202
1	121	74	123.241	73.6541	2.2679
1	121	74	122.448	83.6561	9.7641
1	121	74	125.643	83.7214	10.7731
1	121	74	117.616	82.9198	9.54008
1	121	74	114.568	97.487	24.3519
1	121	74	125.948	74.3771	4.9623
1	121	74	123.93	79.6858	6.39628
1	121	74	120.521	75.938	1.99639
1	121	74	124.426	72.1591	3.88966
1	121	74	118.218	77.8979	4.78869
1	121	74	135.949	81.4881	16.7197
1	121	74	119.018	75.3561	2.40127
1	121	74	121.659	72.6149	1.53377
1	121	74	126.366	77.4804	6.3961
1	121	74	117.845	76.8901	4.27852
1	121	74	119.877	77.0507	3.25099
1	121	74	125.099	81.1956	8.2813
1	121	74	129.448	72.2482	8.62772
1	121	74	93.0792	60.9911	30.8026
1	121	74	119.695	79.0468	5.21281
1	121	74	118.395	79.9152	6.46328
1	121	74	120.489	73.998	0.511199
1	121	74	132.261	88.0455	18.0025
1	121	74	124.585	74.2475	3.5931
1	121	74	121.729	83.3145	9.34295
1	121	74	121.788	72.7268	1.49757
1	121	74	114.606	96.701	23.5843
1	121	74	119.891	76.0103	2.29574
1	121	74	119.529	83.1344	9.25213
1	121	74	141.834	85.0335	23.575
1	121	74	142.212	82.2286	22.7517
1	121	74	124.863	78.3554	5.82168
1	121	74	124.307	76.8626	4.37423
1	121	74	121.695	74.0877	0.700055
1	121	74	118.691	76.9457	3.74292
1	121	74	130.978	72.9087	10.0379
1	121	74	123.505	79.3182	5.87867
1	121	74	120.468	73.6676	0.627539
1	121	74	124.65	80.7732	7.6943
1	121	74	125.431	76.1866	4.94153
1	121	74	123.498	75.0405	2.70587
1	121	74	121.574	74.6997	0.904818
1	121	74	120.018	73.9584	0.983292
1	121	74	118.085	75.0666	3.10366
1	121	74	127.381	77.265	7.16804
1	121	74	129.162	78.13	9.1471
1	121	74	120.847	71.0701	2.93389
1	121	74	121.003	82.3157	8.31567
1	121	74	127.061	71.3248	6.62509
1	121	74	117.944	75.0079	3.21835
1	121	74	118.06	78.4097	5.29986
1	121	74	123.182	68.5123	5.90547
1	121	74	125.592	81.574	8.85717
1	121	74	119.016	75.9862	2.80744
1	121	74	109.637	89.6463	19.3374
1	121	74	118.469	74.3104	2.54992
1	121	74	122.273	76.7608	3.04029
1	121	74	118.669	74.6175	2.4114
1	121	74	88.2912	66.1929	33.6276
1	121	74	126.459	74.3412	5.46957
1	121	74	117.167	80.8121	7.81629
1	121	74	124.654	81.443	8.29174
1	121	74	122.034	81.8871	7.95456
1	121	74	123.336	73.2604	2.45003
1	121	74	119.873	74.6372	1.29479
1	121	74	120.834	80.5237	6.52578
1	121	74	115.143	87.7185	14.9167
1	121	74	120.434	73.5436	0.726955
1	121	74	120.681	69.8087	4.20348
1	121	74	109.951	91.3205	20.5444
1	121	74	124.878	87.3379	13.8903
1	121	74	119.924	74.8697	1.38335
1	121	74	126.11	72.5964	5.29954
1	121	74	130.068	72.8121	9.14562
1	121	74	123.971	82.1435	8.66837
1	121	74	123.478	69.9353	4.76025
1	121	74	112.449	89.0076	17.2726
1	121	74	92.2405	57.001	33.4077
1	121	74	102.942	65.1644	20.1039
1	121	74	130.498	78.2991	10.426
1	121	74	108.908	66.0252	14.4846
1	121	74	108.372	69.9467	13.263
1	121	74	130.803	76.343	10.0789
1	121	74	126.655	88.3755	15.4479
1	121	74	124.934	69.7689	5.77779
1	121	74	107.731	96.986	26.5409
1	121	74	128.957	77.2396	8.59102
1	121	74	121.513	81.4588	7.47644
1	121	74	115.022	87.7199	14.9656
1	121	74	134.918	80.0896	15.1917
1	121	74	123.063	70.9264	3.70189
1	121	74	132.139	74.6959	11.1602
1	121	74	141.512	85.9796	23.7539
1	121	74	122.665	73.8635	1.67084
1	121	74	119.834	74.995	1.53254
1	121	74	120.229	85.6757	11.7011
1	121	74	126.997	75.3356	6.14418
1	121	74	119.624	85.4963	11.5784
1	121	74	130.153	71.8214	9.40856
1	121	74	121.394	71.4177	2.61223
1	121	74	122.832	75.1649	2.17125
1	121	74	122.96	73.4237	2.04263
1	121	74	57.4457	97.4291	67.7353
1	121	74	116.963	84.9162	11.6388
1	121	74	89.8045	62.191	33.3558
1	121	74	123.855	75.8992	3.4288
1	121	74	69.3115	11.1761	81.3545
1	121	74	115.391	68.5754	7.80338
1	121	74	110.536	88.1182	17.5735
1	121	74	120.286	70.1632	3.90265
1	121	74	131.076	76.3049	10.3363
1	121	74	90.5625	60.5501	33.2768
1	121	74	119.903	84.7664	10.8222
1	121	74	123.415	77.2913	4.08238
1	121	74	80.6995	51.0252	46.3893
1	121	74	111.096	96.072	24.1922
1	121	74	120.157	71.4811	2.65628
1	121	74	117.838	78.3433	5.3722
1	121	74	130.864	73.8426	9.86543
1	121	74	121.712	70.4602	3.61071
1	121	74	118.361	73.5569	2.67564
1	121	74	130.81	77.8275	10.53
1	121	74	123.214	87.945	14.1197
1	121	74	125.129	76.6066	4.88319
1	121	74	120.627	85.9284	11.9343
1	121	74	113.224	93.2917	20.8
1	121	74	124.024	73.8526	3.02809
1	121	74	127.822	79.4451	8.72847
1	121	74	129.422	72.1429	8.6242
1	121	74	118.961	75.124	2.32862
1	121	74	119.78	75.2247	1.72886
1	121	74	133.142	81.4913	14.2669
1	121	74	120.275	78.1446	4.20752
1	121	74	120.435	76.3597	2.42639
1	121	74	117.763	74.8276	3.34139
1	121	74	127.737	72.881	6.8295
1	121	74	124.663	85.0339	11.6259
1	121	74	119.355	76.9676	3.39312
1	121	74	128.615	78.4075	8.7989
1	121	74	121.563	70.2635	3.77864
1	121	74	141.783	83.3668	22.7964
1	121	74	96.3384	63.5754	26.7744
1	121	74	131.123	75.8354	10.2885
1	121	74	128.717	72.5336	7.85491
1	121	74	127.743	79.9	8.95968
1	121	74	124.5	71.3404	4.3962
1	121	74	119.702	74.8195	1.53532
1	121	74	132.701	78.0698	12.3886
1	121	74	94.83	68.4122	26.7599
1	121	74	118.473	81.3685	7.78986
1	121	74	130.897	72.4787	10.0128
1	121	74	118.047	81.7404	8.2846
1	121	74	112.807	97.1816	24.5868
1	121	74	128.507	74.7825	7.5473
1	121	74	122.051	80.8006	6.88135
1	121	74	119.22	72.561	2.28909
1	121	74	125.858	80.4724	8.09277
1	121	74	119.084	76.3549	3.03562
1	121	74	121.073	74.1905	0.203904
1	121	74	122.98	80.473	6.76911
1	121	74	140.553	86.599	23.2603
1	121	74	122.076	79.1298	5.24153
1	121	74	122.621	75.1039	1.96091
1	121	74	117.798	83.5798	10.1008
1	121	74	118.322	77.961	4.78158
1	121	74	124.524	75.1252	3.69948
1	121	74	123.505	86.9445	13.1846
1	121	74	115.902	83.2683	10.578
1	121	74	91.3444	61.7643	32.0806
1	121	74	118.495	67.5483	6.921
1	121	74	94.5865	58.6763	30.5366
1	121	74	131.914	90.6511	19.9092
1	121	74	124.164	72.1373	3.67135
1	121	74	120.223	70.5109	3.57463
1	121	74	120.8	73.9247	0.213755
1	121	74	125.382	79.3124	6.88647
1	121	74	121.692	73.175	1.0767
1	121	74	122.308	75.5684	2.04219
1	121	74	120.914	70.1158	3.88515
1	121	74	126.148	75.6491	5.40569
1	121	74	110.873	95.0425	23.3525
1	121	74	108.859	89.9424	20.0394
1	121	74	123.427	79.9271	6.40472
1	121	74	122.092	73.7375	1.12296
1	121	74	118.201	75.6735	3.26078
1	121	74	117.629	77.3664	4.76418
1	121	74	136.363	77.1005	15.6728
1	121	74	129.934	89.2284	17.6556
1	121	74	139.758	85.7372	22.1277
1	121	74	129.058	78.6641	9.31057
1	121	74	120.511	70.1384	3.89249
1	121	74	119.347	78.1386	4.45651
1	121	74	122.844	89.2709	15.3819
1	121	74	113.819	86.1974	14.1541
1	121	74	129.419	73.2662	8.45117
1	121	74	110.861	68.6731	11.4535
1	121	74	123.179	80.1532	6.52754
1	121	74	114.399	65.6707	10.6279
1	121	74	129.213	75.3619	8.32514
1	121	74	43.093	21.7847	93.7867
1	121	74	121.897	74.1811	0.91508
1	121	74	118.811	79.5668	5.98159
1	121	74	120.582	83.1645	9.17404
1	121	74	122.36	83.3623	9.46063
1	121	74	124.603	77.4657	4.9993
1	121	74	117.288	78.0861	5.5204
1	121	74	115.663	79.3946	7.58834
1	121	74	126.543	79.4825	7.79631
1	121	74	119.177	72.9946	2.08198
1	121	74	62.6489	97.4302	62.8795
1	121	74	127.621	74.1151	6.62223
1	121	74	109.886	97.4845	25.9816
1	121	74	125.522	77.9085	5.97676
1	121	74	127.546	73.6165	6.5572
1	121	74	130.87	73.6721	9.87512
1	121	74	114.568	76.9752	7.08716
1	121	74	125.101	79.8675	7.15845
1	121	74	120.608	74.7621	0.857031
1	121	74	121.062	75.7164	1.71754
1	121	74	139.952	85.4989	22.1677
1	121	74	130.263	78.0491	10.1091
1	121	74	127.429	75.7601	6.66593
1	121	74	122.193	75.8385	2.19154
1	121	74	119.792	74.5939	1.34603
1	121	74	117.493	80.5674	7.445
1	121	74	141.789	74.9488	20.8105
1	121	74	122.605	78.1909	4.48761
1	121	74	122.183	85.0856	11.1486
1	121	74	131.033	77.1705	10.5218
1	121	74	123.632	72.5422	3.00873
1	121	74	126.969	81.8099	9.82976
1	121	74	122.108	78.0081	4.15847
1	121	74	40.8468	22.706	95.161
1	121	74	125.196	75.4454	4.43757
1	121	74	118.055	85.4556	11.8281
1	121	74	120.756	73.4742	0.579687
1	121	74	122.483	75.4579	2.07973
1	121	74	121.707	74.1844	0.730693
1	121	74	120.798	78.8254	4.82964
1	121	74	114.474	62.2153	13.4709
1	121	74	118.862	85.6787	11.8727
1	121	74	120.235	73.4227	0.958395
1	121	74	87.5852	66.3222	34.2855
1	121	74	117.942	75.1293	3.25939
1	121	74	117.314	75.6196	4.02633
1	121	74	118.516	83.4726	9.7928
1	121	74	122.672	85.892	12.0089
1	121	74	119.393	74.3187	1.63841
1	121	74	108.237	68.6097	13.855
1	121	74	121.28	80.0196	6.02607
1	121	74	119.461	72.5854	2.09027
1	121	74	107.926	95.2632	24.9608
1	121	74	115.382	97.4698	24.1327
1	121	74	122.375	88.526	14.5909
1	121	74	140.112	85.9975	22.5656
1	121	74	127.653	79.5262	8.64904
1	121	74	121.243	71.0146	2.99529
1	121	74	124.4	74.8101	3.49543
1	121	74	122.283	72.2904	2.1376
1	121	74	119.274	75.9606	2.61184
1	121	74	123.344	75.3477	2.70359
1	121	74	123.352	75.968	3.06665
1	121	74	122.398	76.2583	2.65584
1	121	74	130.014	75.0547	9.07515
1	121	74	125.96	70.6105	6.00793
1	121	74	122.334	73.5972	1.39373
1	121	74	120.131	74.5832	1.04638
1	121	74	119.536	77.0461	3.37982
1	121	74	129.749	72.0053	8.97358
1	121	74	124.106	81.3875	8.01378
1	121	74	120.07	75.257	1.56366
1	121	74	120.325	74.4065	0.78838
1	121	74	130.006	77.1394	9.53741
1	121	74	123.501	80.5294	6.9921
1	121	74	44.0219	21.7213	93.052
1	121	74	123.813	76.0421	3.47643
1	121	74	43.2477	21.7218	93.6933
1	121	74	119.448	74.5101	1.63336
1	121	74	122.776	85.8224	11.955
1	121	74	125.353	82.5865	9.62667
1	121	74	117.258	77.6497	5.22743
1	121	74	122.425	81.3462	7.48299
1	121	74	121.46	86.4996	12.5081
1	121	74	119.59	74.4167	1.47052
1	121	74	119.8	74.5239	1.30944
1	121	74	118.888	83.5486	9.77938
1	121	74	123.899	77.0161	4.18363
1	121	74	122.361	78.4945	4.69599
1	121	74	128.381	80.0439	9.53991
1	121	74	138.121	80.1127	18.1795
1	121	74	121.034	87.1142	13.1142
1	121	74	116.391	81.3694	8.69198
1	121	74	139.586	91.4021	25.4609
1	121	74	114.927	75.2914	6.20861
1	121	74	123.275	86.0946	12.3068
1	121	74	119.634	85.1932	11.2762
1	121	74	107.702	61.457	18.2801
1	121	74	110.625	80.3465	12.1622
1	121	74	123.03	71.9569	2.87988
1	121	74	121.843	80.2856	6.34188
1	121	74	122.112	69.6141	4.52472
1	121	74	42.9104	21.8773	93.887
1	121	74	122.866	75.6236	2.47361
1	121	74	116.201	79.4406	7.25465
1	121	74	122.471	69.9379	4.32027
1	121	74	129.565	79.5837	10.2244
1	121	74	121.645	67.8719	6.16196
1	121	74	137.673	81.4864	18.2767
1	121	74	111.712	88.5382	17.2519
1	121	74	127.724	75.5205	6.89331
1	121	74	122.603	75.8148	2.42138
1	121	74	138.159	77.6644	17.5463
1	121	74	126.925	76.9117	6.60145
1	121	74	115.146	77.897	7.03261
1	121	74	104.901	63.2161	19.377
1	121	74	120.008	76.4215	2.61692
1	121	74	129.916	74.6262	8.93804
1	121	74	111.508	96.5279	24.446
1	121	74	114.729	71.9041	6.6122
1	121	74	129.731	80.1256	10.6651
1	121	74	129.352	90.3314	18.343
1	121	74	112.679	97.0674	24.5225
1	121	74	118.186	80.9136	7.46445
1	121	74	128.975	73.8639	7.97599
1	121	74	123.034	71.7035	3.06772
1	121	74	117.551	80.6394	7.48165
1	121	74	129.605	76.6761	9.01172
1	121	74	123.164	77.3091	3.95414
1	121	74	124.019	71.7725	3.75184
1	121	74	123.577	81.5273	7.95617
1	121	74	69.7413	10.962	81.248
1	121	74	123.48	78.5635	5.19394
1	121	74	117.974	78.1665	5.14962
1	121	74	124.749	71.7535	4.37035
1	121	74	116.426	81.924	9.14955
1	121	74	121.58	71.7328	2.34025
1	121	74	110.877	96.0521	24.2644
1	121	74	129.313	74.9732	8.37017
1	121	74	126.651	72.5933	5.82366
1	121	74	110.006	91.822	20.9404
1	121	74	119.445	75.2464	1.99313
1	121	74	137.404	83.5726	18.993
1	121	74	120.498	75.2484	1.34537
1	121	74	123.373	78.9771	5.51373
1	121	74	125.904	81.5447	8.99822
1	121	74	111.391	91.0999	19.6149
1	121	74	128.8	72.7716	7.89594
1	121	74	123.423	68.4146	6.08825
1	121	74	95.3752	61.898	28.3388
1	121	74	122.844	73.1866	2.01535
1	121	74	127.523	80.3059	9.07286
1	121	74	122.891	78.6628	5.03166
1	121	74	114.249	84.3152	12.328
1	121	74	121.227	78.4952	4.50088
1	121	74	117.361	75.6902	4.01204
1	121	74	130.833	71.3595	10.1816
1	121	74	142.235	80.3029	22.151
1	121	74	141.576	86.9118	24.2921
1	121	74	119.208	75.1556	2.13194
1	121	74	127.398	77.9425	7.51528
1	121	74	88.2506	66.1696	33.6725
1	121	74	118.488	78.8011	5.41839
1	121	74	119.354	76.2185	2.76227
1	121	74	120.041	79.8631	5.94109
1	121	74	118.556	85.6816	11.9345
1	121	74	68.8737	11.3923	81.467
1	121	74	122.571	86.1337	12.235
1	121	74	103.254	84.7952	20.7716
1	121	74	120.476	84.7036	10.7164
1	121	74	111.421	89.5667	18.2777
1	121	74	127.052	72.8306	6.16432
1	121	74	96.995	62.4063	26.6581
1	121	74	119.843	75.962	2.27773
1	121	74	49.227	97.4273	75.4997
1	121	74	118.413	77.1814	4.10024
1	121	74	120.912	75.387	1.38973
1	121	74	115.431	80.4803	8.54438
1	121	74	120.607	78.2465	4.26462
1	121	74	124.796	70.3459	5.26931
1	121	74	126.201	72.4176	5.436
1	121	74	120.239	74.7066	1.03813
1	121	74	122.919	79.7867	6.09663
1	121	74	119.781	72.829	1.69047
1	121	74	117.518	76.85	4.49957
1	121	74	121.331	70.413	3.60231
1	121	74	127.253	80.2239	8.8222
1	121	74	130.424	75.5536	9.5513
1	121	74	127.701	72.3251	6.90681
1	121	74	122.037	82.0438	8.1103
1	121	74	126.854	70.7169	6.71201
1	121	74	126.733	75.4868	5.92252
1	121	74	123.825	73.446	2.8789
1	121	74	135.789	76.2749	14.9629
1	121	74	121.901	75.1017	1.42336
1	121	74	116.139	82.1723	9.50865
1	121	74	121.69	75.8999	2.02134
1	121	74	110.137	95.601	24.1788
1	121	74	112.697	86.473	14.9837
1	121	74	140.871	81.9207	21.3918
1	121	74	138.384	78.3043	17.9085
1	121	74	124.089	70.345	4.78533
1	121	74	120.755	76.5044	2.51634
1	121	74	119.962	73.0196	1.42801
1	121	74	118.619	76.7608	3.64559
1	121	74	87.9607	66.181	33.9519
1	121	74	122.147	75.9038	2.22253
1	121	74	130.069	72.467	9.19751
1	121	74	119.575	84.1465	10.2461
1	121	74	142.169	79.4534	21.8602
1	121	74	118.119	74.0145	2.88076
1	121	74	116.311	78.6736	6.62031
1	121	74	129.158	74.2639	8.1626
1	121	74	122.615	70.8474	3.54198
1	121	74	123.262	71.2614	3.55194
1	121	74	124.049	86.0174	12.3983
1	121	74	125.68	80.6315	8.11664
1	121	74	125.659	76.7052	5.3871
1	121	74	122.367	77.9263	4.15732
1	121	74	118.551	83.6852	9.99009
1	121	74	126.806	79.4457	7.96052
1	121	74	52.4829	17.9402	88.5285
1	121	74	124.152	75.7329	3.59737
1	121	74	120.815	84.6042	10.6058
1	121	74	120.643	72.8237	1.22942
1	121	74	121.689	75.8676	1.99053
1	121	74	90.7305	70.0291	30.5289
1	121	74	121.346	80.5892	6.59827
1	121	74	121.425	77.6356	3.66034
1	121	74	120.664	75.4966	1.53384
1	121	74	108.645	97.3448	26.4127
1	121	74	131.876	81.4904	13.2057
1	121	74	121.61	74.3482	0.702216
1	121	74	113.663	97.4518	24.5727
1	121	74	119.519	78.896	5.11515
1	121	74	120.661	84.363	10.3685
1	121	74	117.029	77.6885	5.41994
1	121	74	120.914	76.8521	2.85344
1	121	74	116.128	70.032	6.28312
1	121	74	124.365	85.0035	11.5066
1	121	74	119.806	71.2829	2.96771
1	121	74	120.509	70.1979	3.83361
1	121	74	121.212	85.2271	11.229
1	121	74	124.655	75.0061	3.79133
1	121	74	140.898	86.173	23.3259
1	121	74	119.047	89.097	15.2228
1	121	74	121.183	84.7958	10.7973
1	121	74	115.719	80.787	8.59981
1	121	74	119.824	83.9958	10.0647
1	121	74	126.658	71.7603	6.08493
1	121	74	128.111	81.1142	10.059
1	121	74	117.933	74.9102	3.19955
1	121	74	122.596	72.5827	2.13421
1	121	74	117.289	82.1262	8.93331
1	121	74	125.611	85.602	12.4847
1	121	74	126.428	81.2797	9.08048
1	121	74	116.659	77.6948	5.7003
1	121	74	126.834	75.3778	5.99437
1	121	74	142.257	82.6444	22.9477
1	121	74	122.433	70.1083	4.14705
1	121	74	119.807	78.0602	4.23181
1	121	74	124.551	81.7376	8.51353
1	121	74	128.169	69.3233	8.55993
1	121	74	118.265	76.9288	4.00692
1	121	74	119.277	76.0433	2.67276
1	121	74	125.385	73.9868	4.38499
1	121	74	87.872	65.9906	34.0825
1	121	74	118.758	77.4913	4.14939
1	121	74	119.558	83.2229	9.33499
1	121	74	117.341	74.4574	3.68716
1	121	74	124.472	74.9498	3.59998
1	121	74	129.598	72.3076	8.76253
1	121	74	125.436	81.5945	8.7952
1	121	74	108.573	91.4728	21.4411
1	121	74	119.076	84.5549	10.7288
1	121	74	123.902	86.2013	12.5416
1	121	74	120.591	71.8866	2.15267
1	121	74	126.689	73.5245	5.70901
1	121	74	127.893	76.4954	7.33092
1	121	74	122.533	68.7703	5.44983
1	121	74	131.453	76.4957	10.7471
1	121	74	116.842	81.3718	8.46338
1	121	74	127.131	76.9849	6.81915
1	121	74	121.172	76.2645	2.27099
1	121	74	130.401	78.5762	10.4553
1	121	74	132.281	74.3748	11.2872
1	121	74	121.645	75.9265	2.03158
1	121	74	127.646	71.3676	7.1485
1	121	74	124.734	86.4008	12.9508
1	121	74	109.495	91.1279	20.633
1	121	74	127.601	70.531	7.45659
1	121	74	121.914	74.2952	0.960751
1	121	74	128.277	79.5638	9.16024
1	121	74	121.706	73.8052	0.732496
1	121	74	127.386	76.1248	6.73023
1	121	74	117.986	77.903	4.93127
1	121	74	122.354	76.1838	2.56962
1	121	74	122.204	79.0504	5.19187
1	121	74	127.936	82.5178	10.9843
1	121	74	117.447	84.5434	11.126
1	121	74	127.714	76.5287	7.17485
1	121	74	118.935	73.4185	2.14488
1	121	74	120.878	72.5432	1.46196
1	121	74	118.966	76.1384	2.95138
1	121	74	129.933	78.4179	9.96591
1	121	74	121.596	77.1744	3.22981
1	121	74	104.122	63.9391	19.6488
1	121	74	118.878	77.6422	4.21525
1	121	74	131.146	91.0461	19.8368
1	121	74	120.278	70.6017	3.47415
1	121	74	129.476	77.9882	9.36698
1	121	74	123.969	88.0907	14.4001
1	121	74	121.706	79.0509	5.10005
1	121	74	123.172	68.828	5.60964
1	121	74	141.75	85.5579	23.7514
1	121	74	114.636	97.4596	24.3074
1	121	74	124.905	73.9666	3.90484
1	121	74	121.042	74.5133	0.515089
1	121	74	122.996	75.0141	2.23906
1	121	74	125.797	78.0044	6.24833
1	121	74	120.405	76.1326	2.21417
1	121	74	116.299	75.3722	4.89695
1	121	74	127.262	75.2376	6.38282
1	121	74	125.131	69.4305	6.16018
1	121	74	125.916	81.9682	9.3627
1	121	74	112.031	97.4858	25.1402
1	121	74	121.878	71.414	2.73098
1	121	74	130.997	76.81	10.3843
1	121	74	123.261	73.8416	2.26646
1	121	74	124.565	82.5786	9.2897
1	121	74	89.2118	63.3879	33.5128
1	121	74	121.469	75.0722	1.17014
1	121	74	118.587	86.3722	12.6054
1	121	74	122.164	70.2924	3.88585
1	121	74	119.7	68.9764	5.18897
1	121	74	125.056	71.5974	4.71389
1	121	74	132.745	79.8903	13.1392
1	121	74	121.077	86.46	12.4602
1	121	74	118.42	77.6895	4.50216
1	121	74	121.32	74.4753	0.572989
1	121	74	121.543	72.1537	1.92463
1	121	74	131.02	91.6838	20.3251
1	121	74	125.227	82.3723	9.37866
1	121	74	124.165	71.2856	4.16924
1	121	74	122.605	77.3513	3.71566
1	121	74	125.117	74.9239	4.21924
1	121	74	69.2303	11.2163	81.3751
1	121	74	128.92	78.3582	9.03986
1	121	74	120.61	75.8052	1.84687
1	121	74	120.778	75.5789	1.59441
1	121	74	129.602	75.0979	8.67191
1	121	74	91.3638	59.844	32.8436
1	121	74	133.318	81.8501	14.6066
1	121	74	131.46	87.6693	17.2124
1	121	74	129.913	77.481	9.5684
1	121	74	121.423	70.8715	3.157
1	121	74	112.307	97.4859	25.0429
1	121	74	123.018	72.3219	2.62481
1	121	74	130.69	72.5006	9.80562
1	121	74	128.229	80.8417	9.95327
1	121	74	113.104	95.1616	22.5866
1	121	74	127.791	78.9213	8.38631
1	121	74	125.786	85.7251	12.6641
1	121	74	132.845	72.7085	11.9149
1	121	74	118.292	92.8018	18.9958
1	121	74	116.75	78.0382	5.86274
1	121	74	120.608	83.432	9.44018
1	121	74	130.987	71.725	10.2431
1	121	74	129.293	74.6042	8.31511
1	121	74	122.803	74.8503	1.99324
1	121	74	123.486	76.7997	3.74383
1	121	74	121.077	75.6737	1.67551
1	121	74	141.883	80.2512	21.7989
1	121	74	119.689	79.7015	5.85029
1	121	74	118.615	74.6173	2.46335
1	121	74	125.646	77.4631	5.79446
1	121	74	117.005	75.8777	4.4144
1	121	74	122.939	77.5844	4.07518
1	121	74	123.505	75.4171	2.87816
1	121	74	120.218	77.4492	3.53669
1	121	74	121.405	71.0163	3.01106
1	121	74	117.58	75.4417	3.71122
1	121	74	123.698	78.9867	5.6699
1	121	74	123.918	74.6715	2.99451
1	121	74	126.061	79.7969	7.69537
1	121	74	130.335	78.4878	10.358
1	121	74	117.7	78.8007	5.8256
1	121	74	135.105	77.6099	14.5591
1	121	74	124.046	75.7022	3.4896
1	121	74	122.599	75.8109	2.41597
1	121	74	119.125	75.5344	2.42299
1	121	74	120.762	70.7948	3.21396
1	121	74	120.588	70.6051	3.41984
1	121	74	125.858	73.5641	4.87729
1	121	74	112.044	96.2553	23.9898
1	121	74	88.4571	62.6621	34.4615
1	121	74	126.258	71.552	5.80033
1	121	74	120.083	77.4459	3.56572
1	121	74	113.989	75.5373	7.17754
1	121	74	113.212	86.0911	14.3823
1	121	74	122.523	78.5145	4.76458
1	121	74	122.176	77.6645	3.84851
1	121	74	117.806	77.1335	4.47412
1	121	74	125.693	75.1997	4.8441
1	121	74	128.285	78.9669	8.81734
1	121	74	130.149	71.9878	9.36761
1	121	74	122.219	74.9137	1.52366
1	121	74	132.911	90.2939	20.1833
1	121	74	110.031	94.3696	23.1351
1	121	74	114.698	97.4412	24.2736
1	121	74	127.206	78.1795	7.48235
1	121	74	123.459	74.9292	2.62913
1	121	74	124.749	82.098	8.92378
1	121	74	110.811	95.6324	23.9119
1	121	74	120.347	76.3452	2.43436
1	121	74	123.39	76.3194	3.33023
1	121	74	121.544	77.1749	3.22105
1	121	74	123.276	88.2866	14.4667
1	121	74	126.079	85.4281	12.5059
1	121	74	98.9231	65.4077	23.6901
1	121	74	117.508	76.6131	4.36118
1	121	74	135.26	89.7396	21.2387
1	121	74	127.726	82.5933	10.9127
1	121	74	130.374	71.7845	9.63219
1	121	74	123.581	74.2993	2.59827
1	121	74	88.3374	66.1574	33.5909
1	121	74	127.423	80.5458	9.17068
1	121	74	131.485	75.4969	10.5917
1	121	74	117.848	78.4949	5.48975
1	121	74	124.236	71.1045	4.34238
1	121	74	123.245	71.4213	3.41908
1	121	74	126.474	71.5015	6.01692
1	121	74	121.045	78.4972	4.49746
1	121	74	118.667	74.6645	2.42602
1	121	74	70.1046	10.7797	81.1612
1	121	74	122.461	77.3891	3.69045
1	121	74	54.9582	97.4285	70.0744
1	121	74	110.573	79.17	11.6384
1	121	74	141.195	84.8807	22.9401
1	121	74	121.824	79.1104	5.17639
1	121	74	116.651	84.1439	11.0367
1	121	74	119.745	77.1108	3.35457
1	121	74	68.8722	11.393	81.4674
1	121	74	118.403	77.4944	4.35354
1	121	74	119.398	82.3078	8.46088
1	121	74	118.548	85.4661	11.7254
1	121	74	117.312	77.3117	4.95681
1	121	74	122.889	77.2092	3.72364
1	121	74	123.43	75.947	3.11418
1	121	74	118.07	77.2683	4.3895
1	121	74	121.847	74.6345	1.05858
1	121	74	127.852	78.5923	8.24846
1	121	74	118.607	74.7192	2.49906
1	121	74	121.623	71.6788	2.40327
1	121	74	122.05	79.0269	5.13538
1	121	74	119.745	71.0693	3.18809
1	121	74	121.734	72.1615	1.97956
1	121	74	124.453	87.0656	13.5143
1	121	74	124.05	73.3285	3.12341
1	121	74	116.413	81.5417	8.82686
1	121	74	115.678	80.7911	8.62788
1	121	74	116.273	81.4953	8.86133
1	121	74	130.234	71.8285	9.48592
1	121	74	124.054	81.8572	8.42972
1	121	74	120.2	84.3985	10.4292
1	121	74	123.243	80.604	6.97439
1	121	74	111.073	97.2548	25.285
1	121	74	120.26	74.7432	1.04897
1	121	74	120.363	74.1449	0.653304
1	121	74	116.739	83.5818	10.4864
1	121	74	139.513	39.8688	38.8287
1	121	74	137.656	79.7944	17.6351
1	121	74	118.724	76.5559	3.42232
1	121	74	118.117	85.7295	12.0785
1	121	74	120.723	86.5581	12.5612
1	121	74	117.525	78.2919	5.52257
1	121	74	126.103	82.5288	9.93888
1	121	74	127.785	87.2746	14.9082
1	121	74	123.444	74.9142	2.60934
1	121	74	130.133	76.2978	9.41764
1	121	74	127.382	71.9872	6.69199
1	121	74	124.919	82.2212	9.10733
1	121	74	116.251	74.416	4.76753
1	121	74	120.771	71.8931	2.11932
1	121	74	121.322	73.6456	0.478824
1	121	74	124.283	73.9762	3.28266
1	121	74	96.0453	97.4373	34.2352
1	121	74	120.775	75.4498	1.46715
1	121	74	112.773	97.4862	24.8855
1	121	74	120.377	70.9947	3.0692
1	121	74	131.686	74.4098	10.6939
1	121	74	89.7093	62.3038	33.4052
1	121	74	113.689	97.4865	24.598
1	121	74	113.496	92.1927	19.6797
1	121	74	122.389	70.9058	3.39167
1	121	74	128.027	79.8189	9.12365
1	121	74	112.153	91.7829	19.8619
1	121	74	122.565	71.974	2.55987
1	121	74	118.834	82.1205	8.40441
1	121	74	134.285	77.4768	13.7329
1	121	74	139.236	85.0495	21.3228
1	121	74	124.38	73.8423	3.38379
1	121	74	117.508	77.2137	4.74586
1	121	74	121.661	75.1932	1.36425
1	121	74	122.653	77.9549	4.28656
1	121	74	120.881	76.4328	2.43575
1	121	74	141.323	85.396	23.3003
1	121	74	120.518	70.895	3.14222
1	121	74	129.17	78.9299	9.542
1	121	74	125.766	77.0695	5.66925
1	121	74	122.568	77.795	4.10602
1	121	74	117.052	75.4635	4.2104
1	121	74	122.997	86.2401	12.4019
1	121	74	121.538	72.3329	1.75183
1	121	74	120.058	72.5692	1.71332
1	121	74	98.3073	65.589	24.2013
1	121	74	121.197	69.0867	4.9172
1	121	74	121.627	77.7166	3.7692
1	121	74	124.332	79.6107	6.52556
1	121	74	124.239	73.19	3.3385
1	121	74	122.033	73.9219	1.03562
1	121	74	112.292	90.9402	19.0472
1	121	74	118.376	76.5619	3.66702
1	121	74	119.898	71.5285	2.706
1	121	74	117.933	75.4307	3.38412
1	121	74	123.189	75.1365	2.46673
1	121	74	123.777	78.7844	5.53173
1	121	74	118.275	75.0897	2.93486
1	121	74	118.434	77.5011	4.34054
1	121	74	114.665	81.2429	9.62272
1	121	74	87.6464	66.1713	34.26
1	121	74	118.757	75.2976	2.59123
1	121	74	126.559	80.946	8.89675
1	121	74	122.038	95.1051	21.1306
1	121	74	121.645	84.8239	10.8431
1	121	74	124.313	80.6529	7.4321
1	121	74	121.219	71.2488	2.75991
1	121	74	117.541	85.0044	11.5353
1	121	74	108.496	96.3449	25.6054
1	121	74	121.93	71.0241	3.11791
1	121	74	120.359	74.2672	0.694341
1	121	74	117.896	75.6571	3.51837
1	121	74	124.313	78.1928	5.34382
1	121	74	118.676	74.238	2.33609
1	121	74	122.386	74.8176	1.60954
1	121	74	121.002	68.6716	5.32844
1	121	74	123.292	77.6743	4.33034
1	121	74	119.931	73.5737	1.15056
1	121	74	126.858	76.1105	6.22687
1	121	74	131.694	74.1969	10.6955
1	121	74	118.81	83.7677	10.0102
1	121	74	142	79.497	21.7073
1	121	74	125.051	76.1372	4.58027
1	121	74	126.564	78.7249	7.29972
1	121	74	115.403	82.2328	9.95529
1	121	74	115.063	81.6254	9.66418
1	121	74	118.441	75.4183	2.92603
1	121	74	118.259	75.511	3.12984
1	121	74	122.862	71.8629	2.8342
1	121	74	120.244	77.0464	3.13884
1	121	74	129.743	75.1123	8.8134
1	121	74	119.595	71.8983	2.52808
1	121	74	114.532	93.6091	20.6483
1	121	74	121.135	70.6013	3.40132
1	121	74	132.559	73.4506	11.572
1	121	74	122.683	70.8642	3.55895
1	121	74	125.913	77.8297	6.22967
1	121	74	130.527	74.7668	9.55802
1	121	74	120.989	69.806	4.19403
1	121	74	130.147	76.0375	9.37143
1	121	74	125.59	79.7554	7.36157
1	121	74	117.877	76.483	3.98978
1	121	74	127.778	73.2332	6.82082
1	121	74	128.107	76.6579	7.5882
1	121	74	137.613	77.8938	17.0635
1	121	74	122.865	81.7179	7.93992
1	121	74	108.259	96.6619	25.9981
1	121	74	141.67	78.9812	21.2618
1	121	74	107.244	93.8948	24.1873
1	121	74	122.056	81.824	7.89485
1	121	74	124.839	70.9887	4.87877
1	121	74	115.806	76.6424	5.82707
1	121	74	127.426	70.4377	7.34753
1	121	74	120.33	73.8678	0.682622
1	121	74	118.5	77.529	4.32475
1	121	74	122.398	70.0925	4.15016
1	121	74	112.298	70.0369	9.56163
1	121	74	120.965	85.9447	11.9448
1	121	74	123.817	82.1133	8.58836
1	121	74	141.715	85.149	23.5248
1	121	74	130.396	81.324	11.9131
1	121	74	116.747	82.3321	9.35497
1	121	74	140.728	85.9471	23.0633
1	121	74	119.338	73.5469	1.72292
1	121	74	128.377	71.3185	7.849
1	121	74	123.688	73.153	2.8183
1	121	74	119.595	84.0681	10.1656
1	121	74	116.863	81.8045	8.83334
1	121	74	99.1666	61.2242	25.2966
1	121	74	121.844	80.2615	6.31819
1	121	74	124.354	79.3836	6.34273
1	121	74	121.996	78.2941	4.40818
1	121	74	127.69	78.2	7.89902
1	121	74	130.309	77.0306	9.79036
1	121	74	116.605	78.1234	6.02616
1	121	74	115.871	79.3884	7.43934
1	121	74	112.905	97.4675	24.8244
1	121	74	129.804	91.8547	19.9072
1	121	74	112.992	91.8923	19.6024
1	121	74	113.974	72.2097	7.25042
1	121	74	88.4211	66.1933	33.5012
1	121	74	122.117	75.2117	1.64821
1	121	74	117.232	77.8181	5.36458
1	121	74	113.954	97.4867	24.5208
1	121	74	117.087	76.8125	4.81872
1	121	74	121.461	80.5701	6.58627
1	121	74	128.42	78.9003	8.89178
1	121	74	120.217	75.5431	1.73027
1	121	74	120.327	84.8247	10.8456
1	121	74	124.58	87.1321	13.6112
1	121	74	136.668	79.4606	16.5923
1	121	74	121.914	70.1957	3.91254
1	121	74	126.43	73.2186	5.48627
1	121	74	125.567	75.0542	4.68724
1	121	74	122.856	77.4992	3.96093
1	121	74	130.58	76.6245	9.93287
1	121	74	133.326	72.9224	12.3727
1	121	74	134.65	79.8354	14.8453
1	121	74	132.102	75.4411	11.1953
1	121	74	121.114	71.0843	2.91791
1	121	74	69.4019	11.1312	81.3318
1	121	74	127.573	81.1385	9.70369
1	121	74	124.502	75.8156	3.94463
1	121	74	125.028	83.699	10.5021
1	121	74	137.612	80.9143	17.9931
1	121	74	124.322	26.1706	47.9446
1	121	74	126.981	71.8162	6.36685
1	121	74	108.74	97.3235	26.3497
1	121	74	131.067	76.0283	10.2697
1	121	74	118.215	77.1832	4.22947
1	121	74	121.293	74.5605	0.632382
1	121	74	105.14	65.8477	17.8324
1	121	74	116.226	97.4681	23.9488
1	121	74	121.745	80.2876	6.33159
1	121	74	122.188	74.7418	1.40069
1	121	74	43.1611	21.873	93.6809
1	121	74	123.047	77.9808	4.47622
1	121	74	118.952	76.1383	2.96074
1	121	74	118.027	77.5058	4.59692
1	121	74	122.888	76.9307	3.48613
1	121	74	120	73.2909	1.22566
1	121	74	123.756	78.2037	5.02644
1	121	74	120.506	75.3494	1.43704
1	121	74	135.656	89.0732	21.0238
1	121	74	109.344	91.4075	20.9497
1	121	74	128.924	71.8741	8.20413
1	121	74	124.753	78.8181	6.10752
1	121	74	116.542	84.3089	11.2316
1	121	74	119.682	74.899	1.59529
1	121	74	118.184	74.7804	2.92194
1	121	74	132.065	75.1426	11.1238
1	121	74	122.958	76.3115	3.02958
1	121	74	123.711	77.3675	4.32306
1	121	74	123.678	72.4818	3.07822
1	121	74	140.412	78.1089	19.842
1	121	74	124.559	69.1934	5.98083
1	121	74	126.309	75.1216	5.4261
1	121	74	103.703	69.055	17.9904
1	121	74	118.765	78.3592	4.89886
1	121	74	128.388	76.3278	7.74637
1	121	74	125.769	71.4644	5.40134
1	121	74	125.666	74.3332	4.67763
1	121	74	119.283	72.9247	2.02592
1	121	74	124.391	70.3152	5.00799
1	121	74	120.591	72.2201	1.82618
1	121	74	127.275	70.5477	7.16161
1	121	74	122.194	70.8408	3.37723
1	121	74	127.085	75.2365	6.20906
1	121	74	117.403	79.672	6.71618
1	121	74	126.892	81.0485	9.18695
1	121	74	118.456	77.138	4.03993
1	121	74	123.278	85.5688	11.7909
1	121	74	121.852	85.9571	11.9875
1	121	74	129.49	76.3421	8.8072
1	121	74	102.298	66.1511	20.2824
1	121	74	121.944	70.0338	4.07703
1	121	74	127.244	84.393	12.1242
1	121	74	125.95	77.1848	5.88637
1	121	74	121.424	75.4175	1.47951
1	121	74	127.148	75.7811	6.40086
1	121	74	126.666	71.4578	6.21061
1	121	74	114.753	63.6465	12.0921
1	121	74	128.648	72.1445	7.86964
1	121	74	122.165	76.0566	2.36366
1	121	74	110.876	97.3734	25.4719
1	121	74	123.254	81.0675	7.4182
1	121	74	118.199	76.3657	3.66606
1	121	74	126.389	87.5696	14.6007
1	121	74	131.903	87.7288	17.5316
1	121	74	142.19	84.013	23.4369
1	121	74	118.932	85.1492	11.3393
1	121	74	130.324	74.1292	9.32492
1	121	74	132.183	74.5819	11.1978
1	121	74	127.223	75.1073	6.32074
1	121	74	119.864	74.9153	1.45844
1	121	74	124.431	70.1372	5.16673
1	121	74	119.639	75.1166	1.76026
1	121	74	109.332	93.0296	22.3221
1	121	74	130.732	78.3111	10.6443
1	121	74	122.218	86.3027	12.3629
1	121	74	122.334	84.1236	10.2111
1	121	74	125.888	76.8414	5.65353
1	121	74	124.878	74.532	3.91406
1	121	74	128.84	81.03	10.5301
1	121	74	38.7641	23.5642	96.4703
1	121	74	126.175	77.5583	6.28059
1	121	74	132.77	83.1004	14.8782
1	121	74	121.835	71.496	2.63946
