1	121	74	100.09	55.5469	27.8879
1	121	74	118.791	83.704	9.95236
1	121	74	110.982	71.1309	10.4207
1	121	74	120.36	45.9741	28.0333
1	121	74	122.188	72.4661	1.93988
1	121	74	118.121	76.8618	4.05963
1	121	74	140.882	85.2358	22.8376
1	121	74	125.51	89.7337	16.3675
1	121	74	129.076	82.2035	11.5116
1	121	74	122.824	86.4899	12.6224
1	121	74	127.58	71.6492	6.98765
1	121	74	120.82	78.526	4.52956
1	121	74	101.365	53.6295	28.2932
1	121	74	122.559	76.4862	2.93452
1	121	74	103.615	97.4389	29.1825
1	121	74	129.434	83.1108	12.4153
1	121	74	133.274	76.5067	12.5277
1	121	74	125.368	72.8843	4.50803
1	121	74	130.378	80.0648	11.1679
1	121	74	126.695	87.8071	14.9355
1	121	74	140.631	85.4581	22.7301
1	121	74	121.634	87.1605	13.1758
1	121	74	116.372	77.8425	6.01543
1	121	74	130.659	76.3627	9.94383
1	121	74	107.747	95.3222	25.1052
1	121	74	91.6591	95.3312	36.2754
1	121	74	132.586	78.6922	12.4999
1	121	74	130.627	76.4555	9.93506
1	121	74	100.569	54.6162	28.1628
1	121	74	122.326	73.1918	1.55266
1	121	74	127.585	84.1318	12.0838
1	121	74	121.745	79.3254	5.37727
1	121	74	113.911	75.8213	7.31945
1	121	74	121.435	70.268	3.75734
1	121	74	120.515	85.2142	11.2247
1	121	74	117.547	45.5482	28.6605
1	121	74	121.05	80.4799	6.48008
1	121	74	141.828	84.034	23.119
1	121	74	121.288	83.0116	9.01622
1	121	74	125.36	72.411	4.6402
1	121	74	127.701	73.2443	6.74344
1	121	74	125.787	73.7663	4.79268
1	121	74	124.235	68.2025	6.63879
1	121	74	113.948	83.0518	11.4746
1	121	74	94.1691	93.0444	32.9027
1	121	74	131.319	70.5359	10.885
1	121	74	121.056	86.3095	12.3096
1	121	74	123.764	65.6828	8.76455
1	121	74	127.97	78.9822	8.56796
1	121	74	121.056	71.3227	2.6779
1	121	74	127.944	71.2907	7.45335
1	121	74	119.264	86.0792	12.2033
1	121	74	120.038	74.8457	1.28068
1	121	74	125.316	76.112	4.80513
1	121	74	138.824	82.994	19.9648
1	121	74	120.342	89.1081	15.1224
1	121	74	124.273	74.1856	3.27864
1	121	74	117.798	82.4967	9.07991
1	121	74	132.076	82.7793	14.1334
1	121	74	133.476	77.9566	13.0888
1	121	74	129.642	85.6497	14.5049
1	121	74	116.829	85.4465	12.1827
1	121	74	100.816	55.3675	27.4696
1	121	74	118.065	78.5894	5.44788
1	121	74	124.945	61.6515	12.9632
1	121	74	127.394	85.4855	13.1452
1	121	74	118.118	45.6326	28.5134
1	121	74	120.214	78.1257	4.19986
1	121	74	140.191	86.1572	22.7174
1	121	74	129.615	75.5213	8.7485
1	121	74	128.65	75.0189	7.71788
1	121	74	122.855	69.8137	4.57866
1	121	74	122.684	75.9339	2.56408
1	121	74	119.623	75.3855	1.95316
1	121	74	122.546	75.935	2.47704
1	121	74	121.401	73.0384	1.04183
1	121	74	128.738	87.2788	15.369
1	121	74	122.244	73.116	1.52572
1	121	74	105.883	64.079	18.0819
1	121	74	121.735	75.79	1.9349
1	121	74	122.771	71.9368	2.71913
1	121	74	115.125	80.6276	8.85665
1	121	74	136.349	73.9269	15.3491
1	121	74	125.482	72.9056	4.61327
1	121	74	122.032	76.5774	2.77652
1	121	74	120.863	84.7524	10.7533
1	121	74	124.313	68.9243	6.06139
1	121	74	123.672	80.045	6.60935
1	121	74	116.531	77.5462	5.70537
1	121	74	113.88	96.239	23.3509
1	121	74	120.783	69.8011	4.20446
1	121	74	123.2	71.3022	3.48134
1	121	74	131.829	78.2719	11.6407
1	121	74	128.756	72.2346	7.95426
1	121	74	115.11	72.2542	6.14285
1	121	74	53.2194	19.8336	86.7653
1	121	74	128.357	85.867	13.9626
1	121	74	111.838	97.4406	25.1677
1	121	74	132.005	75.4328	11.098
1	121	74	129.869	72.699	8.96376
1	121	74	119.123	87.3635	13.4947
1	121	74	120.673	76.246	2.26963
1	121	74	121.006	74.0354	0.0359456
1	121	74	133.237	80.5848	13.8958
1	121	74	119.268	73.802	1.7428
1	121	74	119.186	45.8023	28.256
1	121	74	124.926	81.4083	8.38429
1	121	74	82.0331	33.5202	56.1875
1	121	74	127.07	78.2313	7.39893
1	121	74	122.359	76.6014	2.93495
1	121	74	133.658	71.0279	13.0023
1	121	74	106.737	97.2054	27.2381
1	121	74	128.621	74.3602	7.62962
1	121	74	133.87	74.6862	12.888
1	121	74	123.617	72.7428	2.90318
1	121	74	115.004	80.2793	8.68197
1	121	74	124.049	74.8672	3.1695
1	121	74	117.98	77.652	4.73898
1	121	74	120.6	72.2554	1.78988
1	121	74	119.432	87.4041	13.4955
1	121	74	142.251	77.1202	21.4785
1	121	74	123.337	87.5872	13.7868
1	121	74	118.945	74.0592	2.05617
1	121	74	139.949	85.2221	22.0227
1	121	74	116.211	80.8894	8.39062
1	121	74	127.831	80.0681	9.1367
1	121	74	129.319	72.1492	8.52217
1	121	74	117.316	78.0718	5.49096
1	121	74	120.457	86.0197	12.032
1	121	74	128.623	69.8515	8.67864
1	121	74	125.034	88.4048	14.9589
1	121	74	129.003	82.4054	11.6063
1	121	74	123.285	85.7011	11.9221
1	121	74	132.168	79.2148	12.3259
1	121	74	117.527	80.0586	6.98361
1	121	74	124.738	71.925	4.27523
1	121	74	117.841	76.5252	4.04454
1	121	74	123.894	74.7291	2.98437
1	121	74	133.163	79.4959	13.3475
1	121	74	125.929	85.7448	12.7369
1	121	74	123.575	75.7177	3.09532
1	121	74	124.16	85.0782	11.52
1	121	74	130.996	79.3472	11.3361
1	121	74	117.553	59.6556	14.7528
1	121	74	129.1	74.4636	8.11332
1	121	74	135.986	83.0638	17.5134
1	121	74	124.027	80.1191	6.82711
1	121	74	114.246	86.37	14.0939
1	121	74	125.698	83.5093	10.6064
1	121	74	125.848	71.4517	5.47677
1	121	74	127.546	70.3287	7.50541
1	121	74	128.635	76.8032	8.13307
1	121	74	109.207	97.3085	26.1222
1	121	74	122.763	60.9117	13.2066
1	121	74	118.698	95.8103	21.9315
1	121	74	132.808	77.1671	12.2256
1	121	74	113.496	86.6791	14.7331
1	121	74	117.647	90.8207	17.1516
1	121	74	117.462	76.6655	4.4298
1	121	74	62.9018	97.4303	62.6448
1	121	74	130.535	79.4114	10.9639
1	121	74	117.936	82.4704	9.00764
1	121	74	133.044	79.2831	13.1517
1	121	74	123.948	82.8658	9.34321
1	121	74	114.71	77.4332	7.16635
1	121	74	127.641	75.9023	6.90773
1	121	74	119.881	86.9712	13.0193
1	121	74	121.649	75.8278	1.93959
1	121	74	119.665	75.3009	1.86396
1	121	74	127.571	77.7826	7.58201
1	121	74	125.48	85.0835	11.9548
1	121	74	141.916	78.9946	21.5038
1	121	74	115.455	82.1786	9.88097
1	121	74	120.35	81.249	7.27812
1	121	74	52.792	18.0223	88.2374
1	121	74	122.333	71.2789	3.03006
1	121	74	126.664	81.2252	9.18086
1	121	74	129.211	80.4042	10.413
1	121	74	120.087	73.0601	1.31068
1	121	74	136.097	75.7133	15.1937
1	121	74	123.05	73.8095	2.05928
1	121	74	125.412	84.7966	11.6633
1	121	74	126.214	81.966	9.52056
1	121	74	135.282	76.3326	14.4716
1	121	74	122.681	72.1388	2.50809
1	121	74	117.934	77.7899	4.875
1	121	74	105.408	54.7995	24.7341
1	121	74	136.767	74.6166	15.7794
1	121	74	104.796	55.6216	24.5017
1	121	74	125.099	86.9216	13.556
1	121	74	121.25	72.1079	1.90844
1	121	74	133.187	71.5849	12.424
1	121	74	124.158	88.8146	15.1475
1	121	74	118.934	73.8038	2.07572
1	121	74	124.52	73.1989	3.61023
1	121	74	142.19	83.523	23.2311
1	121	74	120.286	84.915	10.9383
1	121	74	118.499	75.6993	3.02363
1	121	74	118.815	85.8188	12.0191
1	121	74	126.669	81.7554	9.60668
1	121	74	116.798	75.4829	4.45634
1	121	74	126.978	77.9359	7.15724
1	121	74	118.399	78.2797	5.00833
1	121	74	126.613	72.7372	5.75312
1	121	74	118.859	83.3622	9.60382
1	121	74	128.155	73.1059	7.21034
1	121	74	124.234	80.0402	6.85134
1	121	74	128.641	78.2068	8.72294
1	121	74	141.327	72.7556	20.3654
1	121	74	111.951	93.9571	21.9126
1	121	74	130.644	83.3622	13.441
1	121	74	112.661	68.478	10.0015
1	121	74	114.257	62.204	13.5875
1	121	74	131.141	74.7137	10.1662
1	121	74	128.793	72.6312	7.91246
1	121	74	120.719	71.9021	2.11664
1	121	74	114.572	81.781	10.093
1	121	74	112.915	60.5286	15.7112
1	121	74	139.418	76.2245	18.5518
1	121	74	123.832	88.1664	14.4466
1	121	74	117.99	76.052	3.6427
1	121	74	122.027	85.4761	11.5219
1	121	74	127.767	73.169	6.81823
1	121	74	103.464	53.9468	26.6392
1	121	74	123.849	63.098	11.268
1	121	74	123.392	88.371	14.5687
1	121	74	130.528	77.5088	10.1535
1	121	74	97.4901	97.4376	33.1969
1	121	74	116.377	82.2652	9.47044
1	121	74	136.452	79.5087	16.4041
1	121	74	130.499	74.6973	9.52445
1	121	74	120.629	75.7949	1.83271
1	121	74	128.577	70.9073	8.18383
1	121	74	110.692	64.9157	13.74
1	121	74	134.18	76.2746	13.3751
1	121	74	117.079	82.8586	9.68763
1	121	74	115.226	73.129	5.83896
1	121	74	120.473	80.0364	6.05937
1	121	74	121.536	85.9565	11.9685
1	121	74	125.767	73.6182	4.78276
1	121	74	101.828	55.3142	26.7717
1	121	74	111.591	64.5601	13.3282
1	121	74	116.65	81.2179	8.4274
1	121	74	121.18	76.6954	2.70142
1	121	74	119.262	73.9313	1.7389
1	121	74	119.939	45.9305	28.0895
1	121	74	121.108	72.8578	1.14731
1	121	74	105.204	60.0703	21.061
1	121	74	118.787	83.5465	9.79959
1	121	74	122.713	75.5095	2.28348
1	121	74	126.328	88.9601	15.8804
1	121	74	130.496	78.1726	10.3726
1	121	74	137.056	72.9408	16.0909
1	121	74	115.41	82.5043	10.1772
1	121	74	131.313	81.1935	12.574
1	121	74	136.316	76.1865	15.4717
1	121	74	112.881	92.6727	20.3614
1	121	74	128.338	77.6476	8.19486
1	121	74	125.528	73.4761	4.55801
1	121	74	127.647	86.4243	14.0907
1	121	74	119.919	75.6996	2.01441
1	121	74	140.579	84.1796	22.0674
1	121	74	108.871	69.2456	13.0273
1	121	74	119.676	45.8876	28.1436
1	121	74	125.305	71.7301	4.86676
1	121	74	100.314	94.7172	29.2768
1	121	74	103.103	55.3915	25.8179
1	121	74	116.628	84.3971	11.2788
1	121	74	118.748	79.1157	5.58934
1	121	74	117.703	80.3704	7.17324
1	121	74	131.244	78.5892	11.2252
1	121	74	128.878	73.1535	7.92324
1	121	74	101.672	63.2614	22.1105
1	121	74	132.801	70.8289	12.2196
1	121	74	126.336	72.6123	5.5134
1	121	74	117.834	78.1804	5.24386
1	121	74	97.7665	96.6199	32.4262
1	121	74	122.592	70.2222	4.09941
1	121	74	108.074	94.6676	24.3767
1	121	74	117.8	82.1494	8.75509
1	121	74	104.452	55.3809	24.9101
1	121	74	132.573	74.4024	11.5799
1	121	74	125.729	71.7269	5.24666
1	121	74	121.654	79.9801	6.01576
1	121	74	126.331	77.2856	6.2624
1	121	74	125.719	79.2911	7.08972
1	121	74	116.932	82.9025	9.78798
1	121	74	130.842	72.0458	10.0343
1	121	74	95.2217	97.4372	34.84
1	121	74	128.954	81.5897	10.9944
1	121	74	124.111	82.0944	8.67166
1	121	74	126.922	71.4333	6.45433
1	121	74	118.388	76.0921	3.34686
1	121	74	129.052	77.2148	8.67034
1	121	74	136.688	74.0464	15.6881
1	121	74	126.17	76.2743	5.64854
1	121	74	116.136	81.3546	8.81746
1	121	74	117.652	83.3535	9.93459
1	121	74	133.152	71.115	12.49
1	121	74	134.163	84.0663	16.5711
1	121	74	119.138	76.6022	3.19987
1	121	74	119.167	78.9841	5.31035
1	121	74	121.483	63.0438	10.9668
1	121	74	128.25	75.0816	7.32993
1	121	74	121.559	74.9111	1.06916
1	121	74	120.901	73.2307	0.775715
1	121	74	117.207	78.4177	5.82265
1	121	74	140.825	37.164	41.8322
1	121	74	126.941	72.6067	6.1017
1	121	74	140.073	86.146	22.6117
1	121	74	120.234	45.9736	28.0369
1	121	74	93.5166	96.5037	35.5212
1	121	74	140.651	85.604	22.8217
1	121	74	122.068	78.5259	4.65024
1	121	74	121.164	74.79	0.806759
1	121	74	118.862	86.7297	12.908
1	121	74	125.567	80.4253	7.88298
1	121	74	123.526	82.2855	8.66208
1	121	74	115.772	82.938	10.3545
1	121	74	43.7799	21.4916	93.3813
1	121	74	130.148	87.945	16.678
1	121	74	129.398	77.442	9.07635
1	121	74	122.86	74.0509	1.86065
1	121	74	123.108	62.4273	11.7632
1	121	74	133.287	77.2629	12.7129
1	121	74	119.936	87.4908	13.5327
1	121	74	130.34	74.2465	9.34313
1	121	74	135.724	82.8425	17.1751
1	121	74	135.906	66.4542	16.7067
1	121	74	131.034	80.4896	11.9499
1	121	74	48.1723	23.044	88.8841
1	121	74	132.047	81.7076	13.4705
1	121	74	117.218	90.0881	16.5266
1	121	74	116.441	77.6589	5.84561
1	121	74	123.269	71.2155	3.59174
1	121	74	126.656	74.6472	5.69322
1	121	74	128.954	81.8658	11.1864
1	121	74	119.734	87.4965	13.5557
1	121	74	70.5946	10.6789	80.9337
1	121	74	126.518	63.3052	12.0342
1	121	74	124.496	74.7018	3.56602
1	121	74	124.158	75.7385	3.6051
1	121	74	119.628	88.3059	14.3715
1	121	74	118.392	73.5999	2.63837
1	121	74	123.767	69.1213	5.6089
1	121	74	116.838	77.3994	5.37407
1	121	74	119.34	72.0329	2.57408
1	121	74	128.749	71.1223	8.26633
1	121	74	123.903	80.3485	6.98051
1	121	74	120.459	80.5074	6.52977
1	121	74	116.818	91.779	18.2643
1	121	74	116.115	83.8004	10.9502
1	121	74	140.882	85.2063	22.8226
1	121	74	98.6771	91.1749	28.1653
1	121	74	123.644	81.9627	8.39028
1	121	74	121.379	71.2555	2.77059
1	121	74	130.401	73.8814	9.40215
1	121	74	113.446	71.653	7.91014
1	121	74	95.6208	54.5745	31.9602
1	121	74	123.365	74.4498	2.40724
1	121	74	121.683	70.2212	3.8401
1	121	74	121.842	74.7387	1.11982
1	121	74	119.817	63.4423	10.6237
1	121	74	131.771	78.993	11.872
1	121	74	130.661	80.2361	11.4988
1	121	74	118.887	66.4636	7.82694
1	121	74	126.508	76.2417	5.94683
1	121	74	112.872	69.4921	9.29404
1	121	74	119.589	75.0787	1.77593
1	121	74	125.189	77.8727	5.70508
1	121	74	118.336	77.3537	4.28304
1	121	74	118.38	75.995	3.29305
1	121	74	117.482	84.8565	11.4123
1	121	74	119.129	72.6949	2.28127
1	121	74	111.573	95.0109	23.0288
1	121	74	119.159	73.1249	2.03823
1	121	74	127.295	74.5505	6.31946
1	121	74	124.466	73.5272	3.49785
1	121	74	129.799	78.2921	9.78962
1	121	74	122.665	84.1676	10.303
1	121	74	128.072	76.2827	7.4316
1	121	74	125.521	74.847	4.59965
1	121	74	124.777	68.8363	6.39763
1	121	74	108.603	94.8059	24.2191
1	121	74	125.498	75.2324	4.66366
1	121	74	126.998	74.8893	6.06362
1	121	74	117.387	81.4007	8.23537
1	121	74	122.407	69.0989	5.09912
1	121	74	96.8466	96.1261	32.7559
1	121	74	119.019	74.6577	2.08696
1	121	74	95.8527	93.8695	32.0497
1	121	74	125.729	72.5191	4.95575
1	121	74	121.96	82.7952	8.84745
1	121	74	127.474	74.3269	6.48198
1	121	74	113.877	83.9544	12.2404
1	121	74	118.865	74.9228	2.32567
1	121	74	107.984	64.1984	16.2939
1	121	74	42.7822	29.5267	89.9772
1	121	74	117.773	78.5626	5.58821
1	121	74	108.689	93.3177	22.9073
1	121	74	117.847	76.8363	4.24119
1	121	74	120.29	73.4267	0.912519
1	121	74	118.907	75.3437	2.48705
1	121	74	118.671	83.2366	9.52579
1	121	74	124.942	78.1538	5.72666
1	121	74	124.566	79.5574	6.60289
1	121	74	118.829	72.4476	2.66905
1	121	74	122.69	77.2882	3.69692
1	121	74	129.977	75.6485	9.12757
1	121	74	126.455	75.1852	5.58256
1	121	74	116.708	82.671	9.67519
1	121	74	125.229	67.8839	7.43599
1	121	74	124.358	83.3822	9.96489
1	121	74	102.805	70.9213	18.4538
1	121	74	97.9075	97.4377	32.9028
1	121	74	121.326	78.2324	4.2449
1	121	74	127.224	79.2396	8.13614
1	121	74	128.981	85.4219	13.9343
1	121	74	101.554	54.3004	27.681
1	121	74	136.543	74.9865	15.5744
1	121	74	140.945	85.8842	23.2172
1	121	74	124.019	75.2348	3.26149
1	121	74	120.566	87.9292	13.9359
1	121	74	130.387	83.556	13.395
1	121	74	109.779	69.5164	12.0839
1	121	74	118.96	82.4559	8.69844
1	121	74	120.37	75.7876	1.8955
1	121	74	108.589	95.4573	24.7882
1	121	74	126.113	80.654	8.39171
1	121	74	116.871	79.2744	6.69852
1	121	74	118.628	75.6332	2.87998
1	121	74	124.753	90.3056	16.7318
1	121	74	123.22	46.4109	27.6782
1	121	74	122.564	75.2287	1.98924
1	121	74	123.423	75.2879	2.74393
1	121	74	115.668	81.8055	9.45287
1	121	74	114.768	97.4412	24.2554
1	121	74	131.552	75.7458	10.6958
1	121	74	129.143	85.5942	14.1679
1	121	74	132.136	74.8716	11.1696
1	121	74	130.096	73.451	9.11245
1	121	74	120.451	72.7319	1.38192
1	121	74	120.019	77.2107	3.35718
1	121	74	121.593	59.1632	14.8486
1	121	74	116.47	78.277	6.22967
1	121	74	46.6027	20.3574	91.7197
1	121	74	116.438	77.8413	5.96389
1	121	74	122.826	69.7775	4.60055
1	121	74	63.0011	15.3978	82.4505
1	121	74	115.759	57.6891	17.1323
1	121	74	124.5	84.0415	10.634
1	121	74	132.005	68.7675	12.1854
1	121	74	134.384	72.3913	13.4806
1	121	74	107.117	64.6152	16.7573
1	121	74	115.59	79.8503	7.96853
1	121	74	141.233	37.8013	41.4694
1	121	74	117.54	45.5482	28.6614
1	121	74	116.042	82.3712	9.72919
1	121	74	118.664	74.2142	2.3459
1	121	74	118.983	78.2842	4.7352
1	121	74	125.208	79.2727	6.74617
1	121	74	135.999	83.8644	17.9519
1	121	74	119.754	77.8369	4.03405
1	121	74	129.448	75.6394	8.60543
1	121	74	106.501	67.6834	15.8152
1	121	74	120.817	84.4802	10.4818
1	121	74	128.569	77.0212	8.14965
1	121	74	118.385	74.6115	2.68602
1	121	74	115.93	80.6186	8.33723
1	121	74	70.017	10.9669	81.0706
1	121	74	119.973	88.7989	14.8344
1	121	74	128.379	72.2937	7.57385
1	121	74	123.842	77.7378	4.69551
1	121	74	119.661	79.1033	5.27597
1	121	74	121.6	70.9709	3.08802
1	121	74	118.084	77.2429	4.36139
1	121	74	121.677	88.8638	14.8792
1	121	74	113.207	94.2766	21.7226
1	121	74	115.268	75.3363	5.88568
1	121	74	94.0313	93.7533	33.429
1	121	74	116.09	82.9838	10.2378
1	121	74	130.474	79.696	11.0545
1	121	74	119.407	85.4545	11.5648
1	121	74	120.385	81.2123	7.23848
1	121	74	130.471	81.1636	11.8747
1	121	74	119.602	85.9594	12.0408
1	121	74	140.703	37.1518	41.7851
1	121	74	110.405	96.1415	24.5461
1	121	74	125.129	66.9691	8.15373
1	121	74	129.252	75.4203	8.3737
1	121	74	118.34	74.9376	2.82022
1	121	74	131.619	78.2508	11.4385
1	121	74	114.236	79.5642	8.75848
1	121	74	129.033	82.0582	11.3784
1	121	74	118.636	75.1164	2.61438
1	121	74	118.839	81.9782	8.26567
1	121	74	125.009	77.7724	5.50493
1	121	74	74.7311	97.4328	51.8643
1	121	74	125.85	72.1389	5.19487
1	121	74	121.003	89.0398	15.0398
1	121	74	133.416	74.1545	12.4166
1	121	74	131.613	75.6345	10.7385
1	121	74	130.913	86.199	15.719
1	121	74	124.279	76.7829	4.30096
1	121	74	128.863	85.3405	13.7997
1	121	74	129.832	84.8155	13.9633
1	121	74	135.033	75.2134	14.0858
1	121	74	119.658	81.8613	7.97498
1	121	74	125.914	82.2508	9.60347
1	121	74	130.22	72.8409	9.29229
1	121	74	117.168	82.0129	8.88224
1	121	74	116.358	83.0914	10.2079
1	121	74	118.849	75.8635	2.846
1	121	74	125.353	74.7317	4.41403
1	121	74	125.758	80.3843	7.96225
1	121	74	119.318	45.8027	28.2474
1	121	74	119.964	79.5545	5.65032
1	121	74	123.56	69.0729	5.55238
1	121	74	120.282	73.9466	0.719648
1	121	74	124.912	79.5113	6.7588
1	121	74	117.502	84.2116	10.7941
1	121	74	128.098	78.8363	8.58925
1	121	74	140.891	83.7121	22.1358
1	121	74	135.483	76.7066	14.7337
1	121	74	129.328	81.1929	11.0043
1	121	74	120.118	84.4688	10.5058
1	121	74	131.328	81.4326	12.7243
1	121	74	95.097	58.4859	30.1936
1	121	74	114.73	76.5765	6.77844
1	121	74	135.587	92.3169	23.4155
1	121	74	119.91	87.6916	13.7349
1	121	74	137.859	75.9412	16.9703
1	121	74	129.572	84.2701	13.3774
1	121	74	140.535	85.6957	22.7683
1	121	74	128.753	79.0178	9.23537
1	121	74	122.161	77.5927	3.77565
1	121	74	132.657	78.0217	12.3316
1	121	74	120.527	75.1099	1.2066
1	121	74	119.127	45.8021	28.26
1	121	74	109.692	93.0112	22.1203
1	121	74	123.14	89.7334	15.8783
1	121	74	122.035	68.6342	5.46462
1	121	74	119.188	87.9769	14.0938
1	121	74	122.571	71.2535	3.16414
1	121	74	121.127	73.6187	0.402011
1	121	74	120.191	82.4129	8.45172
1	121	74	121.419	87.3486	13.3552
1	121	74	120.304	86.1462	12.1661
1	121	74	121.793	76.5725	2.69185
1	121	74	130.619	77.7832	10.3364
1	121	74	133.603	77.1797	12.9976
1	121	74	121.269	72.0935	1.92544
1	121	74	117.921	76.0087	3.67666
1	121	74	127.1	79.0613	7.92642
1	121	74	73.2438	11.0744	78.9955
1	121	74	120.901	77.9245	3.92575
1	121	74	129.164	70.3939	8.92484
1	121	74	119.395	87.5449	13.6397
1	121	74	127.18	87.0039	14.3977
1	121	74	120.565	74.9939	1.08488
1	121	74	126.549	74.3806	5.56207
1	121	74	129.004	84.3465	13.0808
1	121	74	134.166	72.5044	13.2507
1	121	74	130.016	77.3454	9.6164
1	121	74	130.637	79.8917	11.2951
1	121	74	118.725	84.0618	10.3158
1	121	74	130.966	75.4368	10.0689
1	121	74	124.881	81.3795	8.33787
1	121	74	126.468	74.624	5.50325
1	121	74	127.886	83.3402	11.6042
1	121	74	108.891	69.1257	13.053
1	121	74	137.837	69.2683	17.4896
1	121	74	123.418	76.4224	3.42298
1	121	74	128.78	75.3896	7.90268
1	121	74	126.438	80.5267	8.49532
1	121	74	119.223	45.8024	28.2535
1	121	74	58.7276	97.4294	66.5341
1	121	74	120.401	75.006	1.1708
1	121	74	121.342	76.2728	2.29846
1	121	74	122.429	80.6183	6.77081
1	121	74	127.973	77.0275	7.60146
1	121	74	124.893	79.3851	6.64509
1	121	74	136.378	59.3608	21.2319
1	121	74	118.616	77.7105	4.41024
1	121	74	125.976	78.097	6.44569
1	121	74	101.745	53.2184	28.3309
1	121	74	130.757	74.1441	9.75829
1	121	74	78.9316	88.0329	44.3472
1	121	74	125.47	81.393	8.63932
1	121	74	119.196	72.8802	2.12351
1	121	74	117.275	78.0456	5.49938
1	121	74	125.709	73.7159	4.71804
1	121	74	124.489	85.6809	12.1909
1	121	74	120.08	78.1143	4.21581
1	121	74	123.868	67.8775	6.76106
1	121	74	128.449	84.2394	12.6622
1	121	74	127.839	72.5104	6.99959
1	121	74	121.997	73.7968	1.01745
1	121	74	120.142	76.6112	2.74848
1	121	74	119.972	82.0441	8.10956
1	121	74	119.206	75.4315	2.2951
1	121	74	117.794	79.2999	6.1942
1	121	74	142.133	84.6937	23.6842
1	121	74	105.711	54.6928	24.6274
1	121	74	140.789	84.8816	22.5836
1	121	74	139.914	83.5829	21.203
1	121	74	136.897	58.1595	22.4416
1	121	74	130.572	74.0504	9.57254
1	121	74	122.423	86.0003	12.0844
1	121	74	117.74	81.4226	8.1068
1	121	74	132.21	78.2002	11.9712
1	121	74	128.817	74.0917	7.81721
1	121	74	118.24	45.6328	28.5011
1	121	74	141.657	77.1611	20.8972
1	121	74	118.215	75.4646	3.14673
1	121	74	117.617	82.7704	9.40024
1	121	74	111.345	95.3874	23.4657
1	121	74	130.767	76.1661	10.0046
1	121	74	127.425	74.2252	6.42923
1	121	74	123.071	78.4527	4.91073
1	121	74	122.334	69.0552	5.12168
1	121	74	127.566	70.1682	7.60207
1	121	74	119.961	87.0585	13.0998
1	121	74	124.651	79.2201	6.37027
1	121	74	123.256	76.9403	3.70583
1	121	74	114.524	63.6055	12.2469
1	121	74	121.049	73.9347	0.0817557
1	121	74	131.821	79.1389	11.9794
1	121	74	140.418	85.7688	22.7059
1	121	74	118.321	77.7077	4.57411
1	121	74	108.76	62.8323	16.5688
1	121	74	131.422	74.6599	10.4431
1	121	74	112.013	67.3719	11.1667
1	121	74	118.658	75.7524	2.92517
1	121	74	127.263	79.6542	8.43765
1	121	74	136.405	71.1294	15.6697
1	121	74	130.839	79.2135	11.135
1	121	74	120.605	90.4064	16.4112
1	121	74	111.895	69.501	10.1563
1	121	74	96.5841	97.4374	33.8445
1	121	74	123.053	78.1094	4.59382
1	121	74	96.212	91.6494	30.4293
1	121	74	128.578	82.2557	11.2067
1	121	74	132.226	75.8264	11.3731
1	121	74	122.277	70.6782	3.5588
1	121	74	122.295	68.9389	5.22415
1	121	74	135.077	77.7469	14.5671
1	121	74	129.816	91.7519	19.8205
1	121	74	129.232	79.3281	9.80613
1	121	74	121.19	74.7718	0.794907
1	121	74	62.3831	16.0958	82.3944
1	121	74	125.357	76.1512	4.85872
1	121	74	121.193	73.3462	0.681562
1	121	74	133.212	78.09	12.8784
1	121	74	121.028	72.7323	1.26798
1	121	74	124.971	78.0439	5.66752
1	121	74	140.195	79.2399	19.8971
1	121	74	121.316	75.0864	1.1314
1	121	74	93.6635	97.4659	36.0268
1	121	74	130.071	78.5504	10.1486
1	121	74	121.231	90.1683	16.17
1	121	74	126.099	63.8516	11.3572
1	121	74	122.259	75.8024	2.19835
1	121	74	122.519	77.6667	3.96889
1	121	74	124.059	81.6228	8.21378
1	121	74	133.239	73.0872	12.2732
1	121	74	118.256	75.0187	2.92721
1	121	74	122.43	75.9557	2.42246
1	121	74	132.442	80.6801	13.2497
1	121	74	120.07	78.9768	5.06294
1	121	74	134.269	51.2725	26.3173
1	121	74	129.965	72.577	9.0771
1	121	74	142.184	80.2168	22.0777
1	121	74	127.288	72.2063	6.53889
1	121	74	114.719	83.5648	11.4428
1	121	74	124.486	71.1865	4.4795
1	121	74	114.824	83.547	11.3705
1	121	74	124.827	75.4962	4.10931
1	121	74	124.631	67.3325	7.5923
1	121	74	135.095	75.4579	14.1699
1	121	74	128.664	79.3036	9.32028
1	121	74	123.442	73.7854	2.45158
1	121	74	131.19	76.6494	10.5285
1	121	74	118.305	77.9657	4.79501
1	121	74	124.627	73.1934	3.71527
1	121	74	119.147	83.7046	9.87997
1	121	74	107.95	62.0787	17.6757
1	121	74	115.207	97.4873	24.1912
1	121	74	126.225	56.8722	17.907
1	121	74	131.199	81.2326	12.5033
1	121	74	129.706	75.3737	8.81417
1	121	74	141.711	79.6587	21.47
1	121	74	130.001	75.5518	9.13414
1	121	74	115.791	82.454	9.93003
1	121	74	117.233	83.7081	10.4134
1	121	74	101.948	93.1154	26.9883
1	121	74	132.452	79.8443	12.8567
1	121	74	136.025	75.2741	15.0789
1	121	74	120.705	73.8818	0.318073
1	121	74	129.225	77.4658	8.92572
1	121	74	119.525	74.1156	1.47906
1	121	74	118.468	75.1116	2.76551
1	121	74	124.667	46.6765	27.5685
1	121	74	116.599	80.4852	7.83754
1	121	74	132.913	77.7538	12.4907
1	121	74	121.192	86.974	12.9754
1	121	74	117.731	74.6206	3.3273
1	121	74	120.797	84.712	10.7139
1	121	74	120.521	73.2009	0.931563
1	121	74	123.638	73.7839	2.64694
1	121	74	110.288	71.6615	10.9646
1	121	74	119.897	81.5023	7.58294
1	121	74	117.198	85.5708	12.1793
1	121	74	140.303	85.904	22.6781
1	121	74	115.837	91.347	18.0989
1	121	74	140.073	86.1671	22.6235
1	121	74	129.845	69.7759	9.80199
1	121	74	123.027	71.0187	3.60499
1	121	74	123.914	58.713	15.5624
1	121	74	129.663	82.9523	12.4574
1	121	74	132.638	79.8797	13.0388
1	121	74	122.77	75.8894	2.58884
1	121	74	142.148	80.8839	22.2398
1	121	74	119.314	76.5313	3.0411
1	121	74	133.804	82.0456	15.122
1	121	74	123.122	69.1945	5.25325
1	121	74	139.396	78.0927	18.846
1	121	74	115.637	78.2828	6.86305
1	121	74	97.9245	97.4377	32.8908
1	121	74	117.832	97.4885	23.7012
1	121	74	119.051	87.7704	13.9076
1	121	74	135.109	80.9681	15.7363
1	121	74	131.463	74.693	10.4864
1	121	74	111.447	96.5307	24.4724
1	121	74	117.733	85.5541	12.0072
1	121	74	127.493	82.5422	10.7298
1	121	74	90.6273	60.9714	33.0491
1	121	74	119.216	81.1082	7.32871
1	121	74	120.345	73.1041	1.10988
1	121	74	120.607	77.9333	3.95295
1	121	74	127.602	83.4406	11.5201
1	121	74	130.174	77.5746	9.84624
1	121	74	122.184	85.3995	11.4609
1	121	74	131.989	86.8596	16.9151
1	121	74	124.799	89.3127	15.7769
1	121	74	133.081	74.0612	12.0807
1	121	74	127.471	75.7247	6.69726
1	121	74	121.736	70.7634	3.31928
1	121	74	117.895	75.5952	3.4909
1	121	74	119.663	77.258	3.52186
1	121	74	126.286	77.6069	6.39948
1	121	74	122.757	71.0982	3.39246
1	121	74	124.418	68.4878	6.48604
1	121	74	118.963	86.5172	12.6819
1	121	74	133.823	76.4118	13.0482
1	121	74	120.34	74.5238	0.842782
1	121	74	100.749	92.9322	27.7226
1	121	74	126.585	72.9498	5.68291
1	121	74	115.646	80.8024	8.65671
1	121	74	100.392	55.0105	28.0231
1	121	74	124.628	79.1853	6.32838
1	121	74	117.504	77.2239	4.75585
1	121	74	124.534	81.6244	8.40358
1	121	74	122.977	71.3585	3.29967
1	121	74	129.258	71.1954	8.72147
1	121	74	103.024	53.0517	27.6039
1	121	74	128.764	79.0911	9.28436
1	121	74	125.7	75.2237	4.85683
1	121	74	123.835	82.6102	9.06486
1	121	74	126.655	75.8041	5.93563
1	121	74	131.771	91.059	20.1749
1	121	74	126.617	88.5156	15.5645
1	121	74	126.93	73.5033	5.95068
1	121	74	124.631	83.1776	9.86989
1	121	74	129.327	75.1718	8.40948
1	121	74	121.906	88.1472	14.1762
1	121	74	128.64	80.5741	10.0788
1	121	74	125.973	75.5319	5.20336
1	121	74	134.394	65.013	16.13
1	121	74	117.614	86.1489	12.6119
1	121	74	118.969	73.02	2.25537
1	121	74	105.462	90.5776	22.7213
1	121	74	132.67	72.6072	11.7527
1	121	74	119.369	72.3028	2.35388
1	121	74	123.836	80.4377	7.03455
1	121	74	119.062	75.6037	2.51566
1	121	74	122.258	77.0276	3.27869
1	121	74	130.27	76.0226	9.48791
1	121	74	120.582	86.7937	12.8006
1	121	74	125.657	80.0503	7.63497
1	121	74	117.703	89.4777	15.825
1	121	74	128.928	76.6017	8.3443
1	121	74	127.771	78.1023	7.91695
1	121	74	134.712	75.7233	13.8196
1	121	74	120.011	75.6352	1.91119
1	121	74	124.856	74.7718	3.93239
1	121	74	118.645	87.2226	13.4307
1	121	74	127.744	76.872	7.3305
1	121	74	125.442	83.0542	10.0852
1	121	74	126.919	81.8874	9.86133
1	121	74	115.621	76.173	5.80129
1	121	74	132.86	81.1962	13.8727
1	121	74	122.653	71.5709	2.93795
1	121	74	140.265	84.8454	22.1078
1	121	74	124.181	82.2269	8.82063
1	121	74	127.999	76.7506	7.5205
1	121	74	133.954	78.8212	13.822
1	121	74	123.619	71.1764	3.851
1	121	74	122.426	71.1402	3.19551
1	121	74	134.983	74.9583	14.0156
1	121	74	119.699	71.8163	2.54163
1	121	74	121.425	71.6647	2.37359
1	121	74	128.138	70.1238	8.12257
1	121	74	120.858	84.533	10.534
1	121	74	125.413	68.2182	7.27329
1	121	74	121.157	74.3123	0.349606
1	121	74	120.3	73.5427	0.835791
1	121	74	127.305	76.108	6.64772
1	121	74	121.008	82.1999	8.19991
1	121	74	126.58	76.2985	6.03444
1	121	74	133.053	77.7473	12.6217
1	121	74	119.42	78.911	5.15873
1	121	74	125.755	79.1338	6.99768
1	121	74	131.682	77.2287	11.1594
1	121	74	126.449	85.9454	13.1295
1	121	74	123.097	75.9263	2.84739
1	121	74	125.277	75.1389	4.42603
1	121	74	113.726	57.5954	17.9448
1	121	74	118.662	73.9768	2.33784
1	121	74	125.008	84.1354	10.8991
1	121	74	118.293	86.1589	12.4566
1	121	74	130.069	72.0823	9.26906
1	121	74	116.769	81.7945	8.86898
1	121	74	133.233	72.8778	12.284
1	121	74	117.48	81.9918	8.73261
1	121	74	124.93	46.6783	27.6029
1	121	74	122.205	70.5311	3.67232
1	121	74	117.941	45.5906	28.5736
1	121	74	117.023	77.2061	5.10869
1	121	74	140.512	84.9881	22.3931
1	121	74	51.4126	97.4278	73.4253
1	121	74	135.493	77.0863	14.8183
1	121	74	123.871	85.2571	11.6175
1	121	74	128.008	74.3716	7.01777
1	121	74	127.105	86.2358	13.6743
1	121	74	126.258	72.2506	5.54137
1	121	74	130.154	72.0722	9.35474
1	121	74	121.587	78.2777	4.31777
1	121	74	120.194	71.1003	3.0095
1	121	74	120.333	78.5181	4.56707
1	121	74	119.631	83.2571	9.35771
1	121	74	105.701	55.5087	23.9994
1	121	74	129.812	73.0572	8.86261
1	121	74	73.1279	97.4325	53.2993
1	121	74	97.6551	97.4377	33.0803
1	121	74	128.636	82.5227	11.443
1	121	74	135.304	83.6907	17.2777
1	121	74	118.782	85.9054	12.1101
1	121	74	118.414	79.2812	5.88051
1	121	74	114.213	82.1717	10.6229
1	121	74	125.681	77.9797	6.14409
1	121	74	117.731	84.6652	11.1549
1	121	74	136.511	78.7042	16.2089
1	121	74	126.757	71.4903	6.28059
1	121	74	109.406	74.93	11.6308
1	121	74	120.761	73.7667	0.333616
1	121	74	139.066	71.1586	18.2882
1	121	74	111.298	96.7874	24.7667
1	121	74	122.42	76.8967	3.22602
1	121	74	121.483	88.7017	14.7096
1	121	74	123.471	70.0038	4.69857
1	121	74	123.397	79.4198	5.92627
1	121	74	121.502	70.3135	3.7206
1	121	74	130.2	47.1288	28.4026
1	121	74	134.091	71.8336	13.2688
1	121	74	118.534	74.7553	2.57908
1	121	74	140.448	69.9305	19.869
1	121	74	115.001	71.8502	6.37265
1	121	74	119.795	92.6373	18.6762
1	121	74	118.33	82.8088	9.20456
1	121	74	125.033	80.9846	8.06552
1	121	74	130.978	81.974	12.7727
1	121	74	94.2425	68.1531	27.3889
1	121	74	119.926	74.6907	1.27694
1	121	74	130.315	76.1343	9.55675
1	121	74	125.114	75.5652	4.40153
1	121	74	102.865	55.2374	26.0941
1	121	74	123.079	70.0277	4.48341
1	121	74	127.222	69.6567	7.58836
1	121	74	96.9662	97.4375	33.5699
1	121	74	124.982	81.9023	8.84891
1	121	74	120.227	76.9038	3.005
1	121	74	99.4189	97.438	31.8604
1	121	74	137.412	75.3839	16.4698
1	121	74	123.262	68.6064	5.84889
1	121	74	126.276	69.7378	6.78278
1	121	74	115.61	80.4622	8.41507
1	121	74	128.149	72.0117	7.42021
1	121	74	129.335	73.9205	8.33518
1	121	74	118.738	78.6654	5.18491
1	121	74	123.39	87.1198	13.3357
1	121	74	121.729	76.6045	2.70457
1	121	74	101.363	92.017	26.6502
1	121	74	123.981	76.7649	4.06618
1	121	74	115.227	79.1963	7.76679
1	121	74	126.939	75.1257	6.04439
1	121	74	139.42	55.0103	26.4556
1	121	74	129.327	78.7778	9.60044
1	121	74	103.594	55.1466	25.6599
1	121	74	121.067	75.7396	1.74091
1	121	74	118.26	78.8988	5.61288
1	121	74	117.913	77.421	4.60757
1	121	74	118.207	68.2063	6.43201
1	121	74	128.15	75.6667	7.34156
1	121	74	118.728	45.7174	28.3737
1	121	74	117.532	45.5067	28.7036
1	121	74	125.646	90.1206	16.7769
1	121	74	121.64	58.4258	15.5873
1	121	74	120.054	79.7306	5.80808
1	121	74	123.24	74.5441	2.30526
1	121	74	127.045	84.1678	11.8289
1	121	74	123.143	70.3743	4.21174
1	121	74	116.223	88.8124	15.5635
1	121	74	125.017	77.1753	5.12082
1	121	74	63.7152	61.2257	58.6918
1	121	74	127.757	69.4264	8.15915
1	121	74	142.184	80.1795	22.0672
1	121	74	120.137	81.8128	7.86038
1	121	74	120.977	83.5113	9.5113
1	121	74	130.174	77.8346	9.94343
1	121	74	125.217	76.5879	4.94749
1	121	74	121.126	75.6133	1.61817
1	121	74	136.92	74.447	15.9266
1	121	74	140.682	83.8458	22.0076
1	121	74	114.763	79.6168	8.39309
1	121	74	121.769	84.6253	10.6531
1	121	74	123.661	75.1085	2.88283
1	121	74	128.309	42.4201	32.4147
1	121	74	136.071	83.7185	17.9328
1	121	74	123.945	81.0455	7.63609
1	121	74	127.211	77.1328	6.9568
1	121	74	120.833	79.3381	5.34073
1	121	74	118.977	75.3032	2.40633
1	121	74	137.671	73.5343	16.6779
1	121	74	125.071	76.4507	4.7518
1	121	74	120.525	84.5223	10.5331
1	121	74	128.561	71.4247	7.98793
1	121	74	108.281	71.7653	12.914
1	121	74	124.23	76.9061	4.3448
1	121	74	117.432	76.165	4.17367
1	121	74	115.258	83.1197	10.7766
1	121	74	141.779	84.6895	23.3675
1	121	74	126.463	69.8697	6.84884
1	121	74	129.821	81.2502	11.418
1	121	74	126.746	73.2019	5.80083
1	121	74	125.632	77.8132	5.99956
1	121	74	126.853	76.8385	6.50479
1	121	74	114.711	79.4184	8.30091
1	121	74	128.292	80.1467	9.53685
1	121	74	114.365	85.7571	13.5
1	121	74	95.1787	97.4371	34.8717
1	121	74	120.65	74.3703	0.509581
1	121	74	129.766	71.2947	9.17387
1	121	74	118.275	81.9013	8.35784
1	121	74	121.466	87.878	13.8858
1	121	74	119.312	75.0056	1.96494
1	121	74	134.811	77.6685	14.2903
1	121	74	121.37	71.6603	2.36872
1	121	74	135.376	75.8286	14.4914
1	121	74	127.869	82.3297	10.7968
1	121	74	119.303	85.7261	11.8482
1	121	74	110.275	93.1742	21.9699
1	121	74	103.995	54.9774	25.5153
1	121	74	115.271	76.1819	6.13004
1	121	74	125.949	76.9748	5.77431
1	121	74	112.926	94.4965	22.0296
1	121	74	120.924	90.1387	16.1388
