1	121	74	120.878	74.3159	0.338503
1	121	74	120.906	74.1262	0.157305
1	121	74	120.89	74.2109	0.237989
1	121	74	120.805	74.3473	0.398084
1	121	74	121.172	74.3124	0.356432
1	121	74	121.101	73.9635	0.107215
1	121	74	121.356	74.1451	0.384507
1	121	74	120.944	74.1478	0.157888
1	121	74	120.86	73.9756	0.141628
1	121	74	120.99	74.4944	0.494504
1	121	74	121.116	74.1949	0.226799
1	121	74	121.192	74.3808	0.426376
1	121	74	121.222	74.1413	0.263319
1	121	74	121.053	74.0634	0.0827387
1	121	74	120.895	74.127	0.164957
1	121	74	121.096	73.9727	0.0994714
1	121	74	121.039	73.9576	0.057412
1	121	74	121.068	74.1703	0.183475
1	121	74	120.92	74.3091	0.319298
1	121	74	121.234	74.3319	0.406297
1	121	74	120.832	74.1544	0.228187
1	121	74	120.934	74.4204	0.42554
1	121	74	121.071	74.2219	0.233046
1	121	74	121.319	74.0433	0.322265
1	121	74	121.159	74.4596	0.486298
1	121	74	120.826	74.1443	0.226211
1	121	74	120.804	74.1774	0.264655
1	121	74	121.275	74.3101	0.414606
1	121	74	121.069	74.0659	0.0956928
1	121	74	121.015	74.2237	0.224162
1	121	74	120.775	74.1478	0.269012
1	121	74	120.943	74.1987	0.206648
1	121	74	121.002	74.4026	0.402624
1	121	74	120.864	74.2464	0.281214
1	121	74	121.237	74.1915	0.30498
1	121	74	120.757	74.2341	0.33733
1	121	74	121.379	74.1487	0.40674
1	121	74	120.964	74.257	0.259525
1	121	74	121.31	74.271	0.411596
1	121	74	120.901	74.3698	0.382887
1	121	74	121.123	74.295	0.319454
1	121	74	121.307	74.1468	0.340444
1	121	74	121.214	74.3922	0.446563
1	121	74	120.769	74.2291	0.325036
1	121	74	120.92	74.3065	0.316653
1	121	74	121.156	73.9905	0.156536
1	121	74	120.958	74.3974	0.399579
1	121	74	121.128	74.3032	0.329178
1	121	74	121.294	74.3147	0.430621
1	121	74	121.024	74.3441	0.344951
1	121	74	120.863	74.1885	0.233111
1	121	74	121.376	74.1973	0.424808
1	121	74	120.996	74.1725	0.172594
1	121	74	121.146	74.1921	0.241468
1	121	74	121.089	73.9277	0.114322
1	121	74	121.188	74.0626	0.198534
1	121	74	121.001	74.3933	0.393323
1	121	74	120.915	74.2077	0.22446
1	121	74	121.197	74.0615	0.206238
1	121	74	120.884	74.3586	0.376945
1	121	74	120.964	74.2823	0.284659
1	121	74	121.156	74.5111	0.534367
1	121	74	120.844	74.2477	0.292729
1	121	74	120.931	74.3164	0.323884
1	121	74	121.264	74.1763	0.317267
1	121	74	121.031	74.3031	0.304718
1	121	74	121.027	74.1174	0.120602
1	121	74	120.827	74.1601	0.235449
1	121	74	121.205	74.2398	0.3155
1	121	74	121.269	74.31	0.410339
1	121	74	121.06	74.1334	0.146355
1	121	74	121.011	74.1782	0.178559
1	121	74	121.261	74.1651	0.30894
1	121	74	120.897	74.0883	0.135982
1	121	74	121.064	74.4731	0.477471
1	121	74	121.023	73.9503	0.0546411
1	121	74	121.292	74.238	0.376944
1	121	74	120.843	74.3082	0.345857
1	121	74	120.724	74.328	0.428435
1	121	74	121.134	74.2828	0.312849
1	121	74	120.906	74.3497	0.362073
1	121	74	121.117	74.0983	0.153023
1	121	74	121.244	74.2297	0.335267
1	121	74	120.989	73.8555	0.144845
1	121	74	121.193	74.2321	0.301992
1	121	74	121.003	73.9707	0.0294489
1	121	74	121.12	74.0175	0.121508
1	121	74	121.167	74.2193	0.275954
1	121	74	121.234	74.2018	0.309203
1	121	74	121.153	74.2077	0.257944
1	121	74	120.83	74.1369	0.218179
1	121	74	120.868	74.1028	0.167632
1	121	74	121.029	74.2264	0.228306
1	121	74	121.197	74.1963	0.277876
1	121	74	121.198	74.1138	0.228573
1	121	74	120.797	74.2328	0.308689
1	121	74	120.928	74.3306	0.338462
1	121	74	121.051	74.2505	0.255752
1	121	74	121.071	74.2061	0.217882
1	121	74	120.956	74.4001	0.402499
1	121	74	120.88	74.1429	0.186782
1	121	74	121.08	74.3172	0.327104
1	121	74	120.972	74.0525	0.0594215
1	121	74	121.297	74.2553	0.39187
1	121	74	120.847	74.3368	0.369995
1	121	74	121.198	74.2362	0.308069
1	121	74	121.121	74.5033	0.517593
1	121	74	121.251	74.1664	0.301385
1	121	74	120.856	74.0944	0.172012
1	121	74	121.047	74.0822	0.0947202
1	121	74	121.099	74.505	0.514501
1	121	74	121.047	74.1558	0.16282
1	121	74	120.885	74.3082	0.328946
1	121	74	121.211	74.2521	0.328653
1	121	74	120.949	74.1379	0.146963
1	121	74	121.209	74.1923	0.283765
1	121	74	121.217	74.1357	0.256095
1	121	74	120.923	74.2249	0.237639
1	121	74	121.065	74.2137	0.22321
1	121	74	121.12	74.1996	0.233075
1	121	74	121.328	74.0943	0.34117
1	121	74	120.971	74.348	0.349243
1	121	74	120.9	74.108	0.146882
1	121	74	121.075	74.0005	0.0746036
1	121	74	120.879	74.1284	0.176577
1	121	74	121.013	74.0446	0.0464868
1	121	74	120.778	74.2732	0.35185
1	121	74	121.123	74.3025	0.326458
1	121	74	121.076	74.0701	0.103564
1	121	74	121.129	74.1839	0.224435
1	121	74	121.115	73.9948	0.114798
1	121	74	120.926	74.2123	0.224957
1	121	74	120.782	74.3241	0.39065
1	121	74	121.02	74.43	0.430419
1	121	74	120.911	74.1341	0.161148
1	121	74	120.863	74.1686	0.217489
1	121	74	121.016	74.4154	0.415765
1	121	74	121.195	74.4203	0.463428
1	121	74	121.105	73.9474	0.117675
1	121	74	121.023	74.4358	0.436443
1	121	74	120.908	74.2878	0.302067
1	121	74	121.154	74.0219	0.155459
1	121	74	121.201	74.2173	0.295993
1	121	74	121.13	74.3742	0.396203
1	121	74	121.028	74.1689	0.171153
1	121	74	121.125	74.0973	0.158817
1	121	74	121.229	74.1523	0.275233
1	121	74	121.362	74.1641	0.397243
1	121	74	120.988	74.2807	0.28096
1	121	74	121.126	74.1001	0.160881
1	121	74	121.128	74.3411	0.364346
1	121	74	121.17	74.3474	0.386787
1	121	74	121.077	73.9864	0.0781153
1	121	74	121.239	74.2343	0.334343
1	121	74	120.971	74.1033	0.107395
1	121	74	120.948	74.0224	0.056504
1	121	74	121.062	74.1986	0.207887
1	121	74	120.819	74.2465	0.305921
1	121	74	121.217	74.0918	0.23578
1	121	74	121.114	74.2451	0.270307
1	121	74	121.088	74.2587	0.273381
1	121	74	121.066	74.0587	0.0880435
1	121	74	121.149	74.2676	0.306327
1	121	74	121.12	74.4274	0.444006
1	121	74	121.105	74.0166	0.106142
1	121	74	121.079	73.9851	0.0806944
1	121	74	120.782	74.1595	0.270203
1	121	74	121.032	74.1162	0.120609
1	121	74	120.847	74.0863	0.176037
1	121	74	120.994	74.1234	0.123499
1	121	74	120.936	74.3883	0.393592
1	121	74	121.267	74.1798	0.321877
1	121	74	120.947	74.006	0.0536376
1	121	74	121.248	74.2673	0.364426
1	121	74	120.915	74.3174	0.328462
1	121	74	120.923	74.4059	0.413083
1	121	74	120.974	74.4395	0.440258
1	121	74	120.766	74.3448	0.416575
1	121	74	121.092	73.9507	0.10452
1	121	74	121.168	74.3136	0.355756
1	121	74	120.893	74.3331	0.349768
1	121	74	121.225	74.3705	0.433348
1	121	74	120.887	74.0484	0.122896
1	121	74	120.769	74.1395	0.270232
1	121	74	120.973	74.2835	0.284752
1	121	74	121.272	74.1164	0.295495
1	121	74	121.38	74.1905	0.42499
1	121	74	121.1	74.4616	0.472295
1	121	74	121.054	74.2453	0.251295
1	121	74	120.908	74.2994	0.31316
1	121	74	120.796	74.207	0.290624
1	121	74	121.112	73.9593	0.118852
1	121	74	121.17	74.1166	0.20608
1	121	74	120.947	74.2809	0.285838
1	121	74	121.023	74.1861	0.187504
1	121	74	121.133	74.2353	0.270309
1	121	74	121.027	73.9572	0.0504005
1	121	74	120.832	74.2113	0.270203
1	121	74	121.073	74.4389	0.444947
1	121	74	121.112	74.2357	0.260874
1	121	74	120.953	74.3925	0.395366
1	121	74	121.137	73.9693	0.140529
1	121	74	120.984	74.5002	0.500476
1	121	74	120.896	74.0673	0.123591
1	121	74	120.981	74.2229	0.223621
1	121	74	121.355	74.1637	0.391308
1	121	74	120.86	74.2908	0.322892
1	121	74	121.352	74.0673	0.358552
1	121	74	120.987	74.0889	0.089806
1	121	74	121.167	74.3964	0.430318
1	121	74	121.152	74.3058	0.341624
1	121	74	121.34	74.1439	0.368962
1	121	74	121.116	74.2779	0.301142
1	121	74	121.32	74.1398	0.34943
1	121	74	121.138	74.3247	0.352715
1	121	74	121.034	74.2126	0.215213
1	121	74	121.113	74.4387	0.453115
1	121	74	120.898	74.3124	0.328597
1	121	74	121.04	74.1582	0.163149
1	121	74	121.122	74.283	0.308212
1	121	74	121.289	74.0984	0.304905
1	121	74	120.942	74.2929	0.298698
1	121	74	121.031	74.1347	0.138165
1	121	74	121.058	74.1284	0.140945
1	121	74	121.164	73.9826	0.164656
1	121	74	120.878	74.1673	0.207321
1	121	74	121.074	74.384	0.39103
1	121	74	120.976	74.0383	0.0453726
1	121	74	121.244	74.4063	0.473871
1	121	74	120.995	74.0989	0.0990102
1	121	74	120.937	74.2421	0.250037
1	121	74	121.174	74.0243	0.176019
1	121	74	121.139	74.3111	0.34091
1	121	74	121.202	74.2287	0.305323
1	121	74	120.91	74.1338	0.161349
1	121	74	121.231	74.2317	0.326909
1	121	74	121.294	74.3298	0.442173
1	121	74	121.153	74.4935	0.516577
1	121	74	121.132	74.2102	0.24841
1	121	74	121.114	74.0468	0.123424
1	121	74	120.92	74.2749	0.286434
1	121	74	121.241	73.9983	0.240808
1	121	74	121.089	74.4338	0.442709
1	121	74	120.982	74.0121	0.0218554
1	121	74	121.013	74.2623	0.262628
1	121	74	120.954	74.3424	0.345473
1	121	74	121.211	74.1088	0.236988
1	121	74	120.822	74.1061	0.207149
1	121	74	121.105	74.1805	0.208967
1	121	74	121.219	74.4349	0.486949
1	121	74	121.213	74.3339	0.396154
1	121	74	120.955	74.3319	0.334979
1	121	74	121.085	74.0717	0.111289
1	121	74	120.961	74.0494	0.0629065
1	121	74	121.068	73.9251	0.101479
1	121	74	120.814	74.3004	0.353431
1	121	74	121.111	74.296	0.316115
1	121	74	120.942	74.1754	0.184703
1	121	74	121.239	74.2493	0.345359
1	121	74	120.961	74.391	0.392925
1	121	74	121.125	74.2519	0.281218
1	121	74	120.825	74.1811	0.251761
1	121	74	121.017	74.3498	0.350187
1	121	74	121.106	74.5584	0.568389
1	121	74	121.095	74.4547	0.464594
1	121	74	120.954	74.0984	0.108488
1	121	74	120.862	74.1295	0.189348
1	121	74	121.308	74.1008	0.324017
1	121	74	121.106	73.9675	0.11119
1	121	74	121.177	74.1213	0.214651
1	121	74	121.129	74.5262	0.541734
1	121	74	121.312	74.3079	0.438105
1	121	74	120.966	74.2865	0.288484
1	121	74	121.028	74.1386	0.141391
1	121	74	121.156	73.9789	0.157755
1	121	74	121.305	74.1914	0.360206
1	121	74	121.054	73.8985	0.114838
1	121	74	121.034	74.2088	0.211543
1	121	74	121.012	74.3197	0.319907
1	121	74	121.106	74.2675	0.287903
1	121	74	121.022	73.9197	0.0833046
1	121	74	120.952	74.2272	0.232168
1	121	74	121.354	74.1971	0.404815
1	121	74	120.919	74.2672	0.279151
1	121	74	120.918	74.3242	0.334418
1	121	74	121.309	74.0875	0.321074
1	121	74	120.986	74.4298	0.430054
1	121	74	120.846	74.2922	0.330419
1	121	74	121.165	74.1213	0.205034
1	121	74	120.854	74.2152	0.260079
1	121	74	120.954	74.3179	0.321221
1	121	74	121.033	74.0407	0.052612
1	121	74	121.271	74.2705	0.382737
1	121	74	121.048	74.168	0.174884
1	121	74	121.314	74.1513	0.348265
1	121	74	121.309	74.1114	0.328522
1	121	74	120.801	74.2668	0.332643
1	121	74	121.074	74.0842	0.112341
1	121	74	120.96	74.0973	0.105009
1	121	74	121.057	74.2621	0.268322
1	121	74	121.196	73.9534	0.201554
1	121	74	120.871	74.0301	0.132606
1	121	74	120.851	74.1528	0.213257
1	121	74	121.308	74.2289	0.383748
1	121	74	120.936	74.1969	0.207024
1	121	74	121.076	74.149	0.167303
1	121	74	121.238	74.2314	0.331832
1	121	74	121.291	74.2136	0.360879
1	121	74	121.018	74.0463	0.0497864
1	121	74	121.159	74.2035	0.258307
1	121	74	121.333	74.2488	0.415723
1	121	74	120.908	74.3873	0.398019
1	121	74	121.012	73.8408	0.159638
1	121	74	121.192	74.3093	0.364288
1	121	74	120.906	74.2357	0.253658
1	121	74	120.993	74.1915	0.191663
1	121	74	121.115	74.4529	0.467151
1	121	74	120.924	73.9879	0.0773646
1	121	74	121.18	74.2952	0.345717
1	121	74	120.816	74.2887	0.342504
1	121	74	121.095	74.3064	0.320909
1	121	74	120.868	74.4112	0.431702
1	121	74	120.972	74.1094	0.112992
1	121	74	120.954	74.223	0.227669
1	121	74	120.849	74.3692	0.399014
1	121	74	120.799	74.1904	0.276901
1	121	74	120.987	74.2438	0.244116
1	121	74	121.143	74.3545	0.382376
1	121	74	121.252	74.286	0.381302
1	121	74	120.809	74.2604	0.322766
1	121	74	120.895	74.0082	0.105152
1	121	74	121.11	74.3605	0.377027
1	121	74	120.838	74.1013	0.191174
1	121	74	121.107	74.0993	0.145806
1	121	74	120.799	74.1278	0.238348
1	121	74	120.953	74.2548	0.259076
1	121	74	121.14	74.2213	0.261853
1	121	74	121.111	74.191	0.221072
1	121	74	120.884	74.4188	0.434561
1	121	74	121.216	74.0485	0.221475
1	121	74	120.963	73.9025	0.104228
1	121	74	120.953	74.2205	0.225329
1	121	74	121.141	74.4802	0.500371
1	121	74	121.022	74.2917	0.292473
1	121	74	121.17	74.1618	0.234331
1	121	74	121.124	74.3742	0.394284
1	121	74	121.071	74.3902	0.396663
1	121	74	121.16	74.0221	0.162007
1	121	74	121.032	74.0613	0.0692132
1	121	74	121.015	74.2283	0.228852
1	121	74	121.007	74.4002	0.400274
1	121	74	121.158	74.5064	0.530582
1	121	74	121.161	74.0374	0.164837
1	121	74	121.014	74.0095	0.0168362
1	121	74	120.966	73.9601	0.0525356
1	121	74	121.214	74.0474	0.219388
1	121	74	121.016	74.3155	0.315895
1	121	74	121.006	73.9234	0.0768005
1	121	74	120.788	74.1474	0.258304
1	121	74	120.973	74.2825	0.283704
1	121	74	121.283	74.1087	0.303582
1	121	74	120.993	74.3001	0.300192
1	121	74	120.964	74.271	0.273299
1	121	74	120.929	74.1741	0.188009
1	121	74	121.06	74.2865	0.292729
1	121	74	121.199	74.1429	0.245108
1	121	74	121.01	74.0959	0.0964163
1	121	74	121.112	74.0521	0.123905
1	121	74	121.186	74.1632	0.247587
1	121	74	121.07	74.5327	0.537239
1	121	74	120.937	73.9905	0.0634857
1	121	74	120.907	74.4345	0.444354
1	121	74	121.077	74.4525	0.45902
1	121	74	121.106	74.3434	0.359486
1	121	74	120.745	74.2467	0.354702
1	121	74	120.773	74.1667	0.281339
1	121	74	120.92	74.3271	0.336706
1	121	74	120.847	74.1524	0.216027
1	121	74	121.083	74.3631	0.372383
1	121	74	120.877	74.0671	0.139911
1	121	74	121.002	74.3305	0.330547
1	121	74	120.894	74.1163	0.157458
1	121	74	121.213	74.2713	0.344963
1	121	74	120.98	74.1468	0.14808
1	121	74	120.901	74.1335	0.166337
1	121	74	121.043	74.4072	0.409537
1	121	74	120.894	74.3408	0.357012
1	121	74	121.131	73.9562	0.138348
1	121	74	121.067	74.3091	0.316341
1	121	74	121.088	74.3666	0.377063
1	121	74	121.054	74.3378	0.342083
1	121	74	120.939	73.9523	0.0774294
1	121	74	120.989	74.3588	0.359001
1	121	74	121.163	74.4203	0.45094
1	121	74	121.249	74.2429	0.348175
1	121	74	120.957	74.164	0.169626
1	121	74	121.043	74.0187	0.0466919
1	121	74	120.756	74.1616	0.292802
1	121	74	121.096	74.4852	0.494677
1	121	74	121.11	74.3881	0.403394
1	121	74	120.862	74.139	0.195807
1	121	74	120.988	74.3614	0.361565
1	121	74	121.035	74.028	0.0451565
1	121	74	120.87	74.2032	0.241086
1	121	74	121.018	74.5228	0.523074
1	121	74	120.822	74.2251	0.287064
1	121	74	121.204	74.035	0.207145
1	121	74	120.933	74.3995	0.405045
1	121	74	121.196	74.2337	0.30506
1	121	74	120.942	74.128	0.140611
1	121	74	121.085	74.1142	0.14217
1	121	74	120.939	74.1448	0.157092
1	121	74	120.886	74.0077	0.114513
1	121	74	121.067	74.0121	0.0684791
1	121	74	120.874	74.2233	0.256515
1	121	74	120.977	74.0604	0.0647654
1	121	74	121.214	74.1831	0.281604
1	121	74	120.995	74.1719	0.17201
1	121	74	121.228	74.4088	0.468153
1	121	74	120.942	74.1122	0.126216
1	121	74	121.12	74.1203	0.169657
1	121	74	121.172	74.4027	0.437958
1	121	74	121.132	74.254	0.286026
1	121	74	121.061	73.922	0.0988846
1	121	74	121.079	74.3717	0.379954
1	121	74	120.87	74.0302	0.133668
1	121	74	121.143	74.1227	0.188114
1	121	74	120.741	74.1823	0.316732
1	121	74	121.141	74.4917	0.511492
1	121	74	120.877	74.0432	0.130098
1	121	74	121.11	74.0125	0.110766
1	121	74	121.13	74.151	0.19946
1	121	74	121.086	74.3193	0.330652
1	121	74	120.907	74.2451	0.262145
1	121	74	120.971	74.217	0.218941
1	121	74	120.919	74.0507	0.0955265
1	121	74	120.948	74.3819	0.385406
1	121	74	121.065	74.4432	0.447945
1	121	74	121.256	74.266	0.369346
1	121	74	120.995	74.2128	0.212894
1	121	74	120.902	74.3861	0.398272
1	121	74	121.249	74.3065	0.394553
1	121	74	121	73.8932	0.106817
1	121	74	121.155	74.191	0.245821
1	121	74	120.925	74.3834	0.390624
1	121	74	120.769	74.188	0.297685
1	121	74	121.257	74.2257	0.341797
1	121	74	121.015	74.0824	0.0837876
1	121	74	121.079	74.1468	0.166808
1	121	74	121.324	74.1062	0.341349
1	121	74	120.902	74.3095	0.324695
1	121	74	121.039	74.1894	0.193408
1	121	74	121.063	74.0528	0.0825524
1	121	74	121.11	74.0202	0.111385
1	121	74	121.203	74.3245	0.38258
1	121	74	120.864	74.3088	0.337459
1	121	74	121.287	74.3362	0.441696
1	121	74	120.96	74.1998	0.203807
1	121	74	121.069	74.3782	0.384478
1	121	74	120.796	74.2152	0.296779
1	121	74	120.959	74.4152	0.417154
1	121	74	121.087	74.3012	0.313431
1	121	74	121.047	73.9926	0.0476892
1	121	74	120.9	74.1601	0.189007
1	121	74	120.984	74.476	0.476304
1	121	74	121.206	74.0923	0.22556
1	121	74	121.345	74.2023	0.400096
1	121	74	121.14	74.2075	0.250219
1	121	74	121.018	74.0328	0.0372126
1	121	74	121.03	73.8856	0.118177
1	121	74	120.949	74.0448	0.0678824
1	121	74	121.019	74.0674	0.0700439
1	121	74	121.072	74.2058	0.218018
1	121	74	121.179	73.9521	0.185302
1	121	74	120.844	74.2268	0.275505
1	121	74	120.977	74.3261	0.326955
1	121	74	120.938	74.3525	0.357885
1	121	74	121.128	74.289	0.316087
1	121	74	121.004	74.2032	0.203266
1	121	74	120.945	74.1432	0.153482
1	121	74	121.174	74.1982	0.263459
1	121	74	120.882	74.0333	0.122921
1	121	74	121.138	73.9767	0.139555
1	121	74	121.084	74.1091	0.137501
1	121	74	121.223	74.1754	0.283357
1	121	74	120.742	74.2152	0.336042
1	121	74	121.132	74.0237	0.134395
1	121	74	120.942	74.2469	0.253561
1	121	74	121.175	74.4054	0.441362
1	121	74	121.035	73.9019	0.104096
1	121	74	120.952	74.0572	0.0745639
1	121	74	121.24	74.348	0.422528
1	121	74	121.016	74.3143	0.314643
1	121	74	121.163	74.1413	0.215697
1	121	74	121.117	74.537	0.549633
1	121	74	121.084	74.5278	0.534514
1	121	74	121.179	73.9927	0.179595
1	121	74	121.01	74.1587	0.159037
1	121	74	120.902	74.2503	0.268744
1	121	74	121.177	74.3997	0.437032
1	121	74	120.94	74.3538	0.358869
1	121	74	121.182	74.1959	0.267387
1	121	74	121.26	74.0579	0.266796
1	121	74	120.88	74.2805	0.305143
1	121	74	120.823	74.2881	0.338247
1	121	74	121.017	74.0898	0.0912906
1	121	74	121.152	74.1635	0.223436
1	121	74	121.212	74.2277	0.311138
1	121	74	121.415	74.1214	0.432569
1	121	74	121.206	74.2027	0.289007
1	121	74	121.263	74.3036	0.401881
1	121	74	120.91	74.3232	0.335533
1	121	74	121.082	74.4982	0.504981
1	121	74	121.087	74.3934	0.402972
1	121	74	121.118	74.3864	0.404147
1	121	74	121.112	74.189	0.219974
1	121	74	121.08	74.0285	0.0844979
1	121	74	121.014	74.1185	0.119232
1	121	74	121.145	74.3598	0.38778
1	121	74	120.948	74.1133	0.124559
1	121	74	121.08	73.9998	0.0799855
1	121	74	120.869	74.1301	0.184512
1	121	74	121.1	74.4595	0.47028
1	121	74	120.741	74.298	0.394944
1	121	74	120.876	74.1917	0.228071
1	121	74	121.134	74.449	0.468579
1	121	74	121.25	74.3366	0.419041
1	121	74	121.031	73.9327	0.0741459
1	121	74	121.284	74.3356	0.43944
1	121	74	121.005	74.3765	0.37658
1	121	74	121.167	74.0293	0.169364
1	121	74	121.242	74.1128	0.266822
1	121	74	120.959	74.0559	0.0690606
1	121	74	121.175	74.0339	0.177818
1	121	74	121.19	74.1015	0.215574
1	121	74	120.9	74.3185	0.333752
1	121	74	121.124	74.0649	0.140212
1	121	74	121.048	73.8876	0.122273
1	121	74	121.047	74.3269	0.330248
1	121	74	121.079	74.4425	0.449433
1	121	74	121.033	74.3833	0.384742
1	121	74	121.032	74.2992	0.30091
1	121	74	121.229	74.1822	0.2927
1	121	74	120.886	74.1139	0.160918
1	121	74	120.879	74.1974	0.231688
1	121	74	121.099	74.0695	0.120588
1	121	74	120.916	74.3058	0.317115
1	121	74	120.971	74.2187	0.220561
1	121	74	120.898	74.1865	0.212564
1	121	74	121.27	74.0281	0.271272
1	121	74	121.033	74.1528	0.156434
1	121	74	121.415	74.1326	0.435977
1	121	74	120.994	74.2432	0.243279
1	121	74	121.101	73.9735	0.10465
1	121	74	121.072	73.9642	0.0802409
1	121	74	121.035	74.0988	0.104828
1	121	74	120.898	74.1122	0.151422
1	121	74	121.156	74.134	0.20539
1	121	74	120.882	74.2249	0.253974
1	121	74	121.134	74.0257	0.136656
1	121	74	120.901	73.9772	0.101906
1	121	74	121.274	74.1753	0.325438
1	121	74	121.2	74.2104	0.290537
1	121	74	121.15	73.994	0.150305
1	121	74	121.154	74.2922	0.330273
1	121	74	121.131	74.0894	0.158842
1	121	74	120.926	74.0752	0.105269
1	121	74	120.978	73.9386	0.0651428
1	121	74	121.112	74.372	0.388527
1	121	74	121.254	74.1765	0.309142
1	121	74	120.934	74.0215	0.0693627
1	121	74	120.824	74.2218	0.282823
1	121	74	121.154	74.2097	0.260015
1	121	74	121.071	74.2339	0.244463
1	121	74	121.145	74.4617	0.483914
1	121	74	121.175	74.0822	0.192943
1	121	74	121.06	74.2752	0.281647
1	121	74	121.21	74.0491	0.215373
1	121	74	121.267	74.127	0.295926
1	121	74	121.163	74.4149	0.445934
1	121	74	121.22	74.0425	0.223998
1	121	74	121.172	74.18	0.249257
1	121	74	120.979	74.0027	0.0214501
1	121	74	120.955	74.0294	0.0537652
1	121	74	121.248	74.2265	0.336166
1	121	74	121.2	73.9913	0.199895
1	121	74	120.91	74.1911	0.211235
1	121	74	121.071	74.4246	0.430581
1	121	74	121.146	74.0186	0.147029
1	121	74	121.101	74.4178	0.429775
1	121	74	121.08	74.3602	0.369087
1	121	74	121.085	74.3432	0.353605
1	121	74	121.033	74.3464	0.347904
1	121	74	121.1	74.2216	0.243267
1	121	74	121.382	74.1865	0.425221
1	121	74	121.075	74.0856	0.113754
1	121	74	121.126	74.1639	0.20647
1	121	74	121.043	74.315	0.317841
1	121	74	121.065	73.8832	0.133751
1	121	74	121.145	74.0283	0.147679
1	121	74	121.278	74.014	0.278175
1	121	74	121.271	74.0588	0.276937
1	121	74	120.886	74.1421	0.18242
1	121	74	121.35	74.0511	0.35324
1	121	74	121.24	74.1171	0.266979
1	121	74	121.068	74.0407	0.0791894
1	121	74	120.986	74.1166	0.117397
1	121	74	121.011	74.1538	0.154167
1	121	74	121.254	74.0265	0.255744
1	121	74	121.025	74.0596	0.0646703
1	121	74	121.014	74.2599	0.260315
1	121	74	121.13	74.4741	0.491604
1	121	74	121.071	74.4219	0.427887
1	121	74	120.885	74.3519	0.370157
1	121	74	121.126	74.3549	0.376583
1	121	74	121.071	74.3799	0.386429
1	121	74	120.813	74.2878	0.34327
1	121	74	121.093	74.3957	0.406501
1	121	74	121.083	73.9516	0.0958822
1	121	74	121.239	74.3319	0.409229
1	121	74	120.723	74.2485	0.371845
1	121	74	121.235	74.0817	0.248841
1	121	74	121.118	74.2699	0.29458
1	121	74	121.125	74.1052	0.163334
1	121	74	121.053	74.0669	0.0854123
1	121	74	120.814	74.2682	0.326317
1	121	74	120.955	74.2828	0.286356
1	121	74	120.996	74.1579	0.157998
1	121	74	120.768	74.2313	0.327964
1	121	74	121.271	74.19	0.330768
1	121	74	121.156	74.3878	0.418029
1	121	74	121.178	74.2616	0.31635
1	121	74	121.102	74.1615	0.191037
1	121	74	120.904	74.3628	0.375359
1	121	74	120.837	74.2308	0.282686
1	121	74	121.092	74.3744	0.385595
1	121	74	120.861	74.3335	0.361216
1	121	74	120.98	74.0015	0.0199828
1	121	74	121.151	74.1274	0.197488
1	121	74	120.913	74.2561	0.270613
1	121	74	121.228	74.2875	0.367248
1	121	74	121.233	74.2803	0.364662
1	121	74	121.048	74.4853	0.487699
1	121	74	121.231	74.3207	0.394917
1	121	74	120.835	74.2591	0.307277
1	121	74	121.172	74.4117	0.446324
1	121	74	121.103	74.3298	0.345507
1	121	74	120.862	74.4186	0.440669
1	121	74	121.137	74.3052	0.334428
1	121	74	121.094	74.1248	0.156492
1	121	74	121.221	74.0475	0.226235
1	121	74	121.116	74.0164	0.117649
1	121	74	121.186	74.2125	0.282585
1	121	74	120.886	74.1131	0.160682
1	121	74	121.008	74.0539	0.0543943
1	121	74	121.342	74.0567	0.346186
1	121	74	121.02	74.1982	0.199258
1	121	74	120.854	74.2345	0.276342
1	121	74	121.335	74.2409	0.412296
1	121	74	121.15	74.2624	0.302091
1	121	74	120.943	74.135	0.14657
1	121	74	121.091	74.055	0.10618
1	121	74	121.002	74.2943	0.294305
1	121	74	121.005	74.4519	0.451886
1	121	74	121.107	74.3287	0.345625
1	121	74	120.934	74.434	0.439072
1	121	74	121.108	74.2543	0.276432
1	121	74	120.994	74.3958	0.395885
1	121	74	121.376	74.1886	0.420991
1	121	74	121.042	74.1775	0.182323
1	121	74	120.888	74.2711	0.293446
1	121	74	121.148	74.1277	0.195204
1	121	74	120.844	74.053	0.165147
1	121	74	121.06	74.008	0.060485
1	121	74	120.839	74.2246	0.276396
1	121	74	120.956	73.8906	0.117879
1	121	74	121.065	73.9017	0.117786
1	121	74	120.956	74.4606	0.462675
1	121	74	120.916	74.4515	0.459211
1	121	74	121.122	74.1178	0.16951
1	121	74	120.908	74.2813	0.296069
1	121	74	121.123	74.3429	0.364267
1	121	74	121.245	74.2747	0.367979
1	121	74	120.938	74.07	0.0936277
1	121	74	120.938	73.971	0.0680041
1	121	74	121.193	74.113	0.223836
1	121	74	121.189	74.0126	0.189536
1	121	74	120.96	74.0453	0.0602895
1	121	74	121.047	74.3366	0.339848
1	121	74	120.915	74.0859	0.120617
1	121	74	120.833	74.3406	0.379364
1	121	74	121.056	74.4775	0.480702
1	121	74	121.044	73.9022	0.107297
1	121	74	121.138	74.4304	0.451898
1	121	74	120.956	74.1203	0.128245
1	121	74	121.181	74.3262	0.373129
1	121	74	121.022	74.31	0.310765
1	121	74	121.228	74.0647	0.236828
1	121	74	121.083	74.0587	0.101631
1	121	74	121.178	74.0991	0.203794
1	121	74	120.894	74.2744	0.294248
1	121	74	120.897	74.0633	0.120508
1	121	74	121.021	74.4078	0.408381
1	121	74	120.887	74.3447	0.362797
1	121	74	121.045	74.3651	0.367847
1	121	74	121.345	74.1832	0.39097
1	121	74	121.12	73.9635	0.12579
1	121	74	120.819	74.2595	0.316446
1	121	74	120.788	74.158	0.264756
1	121	74	121.023	74.4078	0.40845
1	121	74	121.007	74.3014	0.301483
1	121	74	121.013	74.0993	0.100103
1	121	74	121.012	74.0229	0.0258011
1	121	74	121.08	74.4143	0.422037
1	121	74	120.978	74.1208	0.122748
1	121	74	121.18	74.1566	0.238757
1	121	74	121.034	74.1708	0.174173
1	121	74	121.007	74.0581	0.0584393
1	121	74	120.893	74.25	0.272079
1	121	74	121.192	74.2502	0.315367
1	121	74	120.972	74.083	0.087563
1	121	74	121.024	74.315	0.315949
1	121	74	121.249	74.07	0.258479
1	121	74	121.047	74.3156	0.319107
1	121	74	120.901	74.162	0.18986
1	121	74	121.149	74.2257	0.270569
1	121	74	121.113	74.4804	0.493438
1	121	74	120.953	74.119	0.127873
1	121	74	120.861	74.2515	0.287501
1	121	74	121.049	74.3702	0.373475
1	121	74	120.999	73.8772	0.12282
1	121	74	121.17	74.1794	0.246884
1	121	74	121.267	74.1243	0.294371
1	121	74	121.191	74.3412	0.390955
1	121	74	120.888	74.3947	0.410424
1	121	74	121.275	74.2018	0.341235
1	121	74	121.151	74.3411	0.373135
1	121	74	121.18	74.0505	0.187308
1	121	74	121.171	74.0995	0.19774
1	121	74	121.04	74.1209	0.127387
1	121	74	121.031	74.0651	0.0721558
1	121	74	120.959	74.3442	0.34672
1	121	74	120.805	74.1161	0.227122
1	121	74	120.951	74.136	0.144513
1	121	74	121.1	74.5258	0.535328
1	121	74	121.202	74.3271	0.384638
1	121	74	121.084	74.0014	0.0837284
1	121	74	121.154	74.0564	0.163591
1	121	74	120.998	74.1922	0.192183
1	121	74	121.026	73.9914	0.0269803
1	121	74	121.257	74.2918	0.388736
1	121	74	120.903	74.3541	0.367148
1	121	74	121.202	74.3186	0.377075
1	121	74	121.266	74.2379	0.356796
1	121	74	121.059	73.9673	0.0673809
1	121	74	120.951	74.0205	0.0529565
1	121	74	121.038	74.0468	0.0604797
1	121	74	121.173	74.2478	0.302356
1	121	74	121.277	74.2321	0.361506
1	121	74	121.056	74.2917	0.297026
1	121	74	120.893	74.1367	0.173896
1	121	74	121.121	74.2879	0.312414
1	121	74	121.204	74.08	0.219265
1	121	74	121.211	74.1762	0.274594
1	121	74	121.106	74.1698	0.200176
1	121	74	121.183	74.3712	0.413641
1	121	74	121.233	74.0501	0.238758
1	121	74	120.989	74.2527	0.252901
1	121	74	120.887	74.1749	0.20811
1	121	74	120.987	74.3478	0.348015
1	121	74	121.007	73.9406	0.0598483
1	121	74	121.094	74.0198	0.0959534
1	121	74	121.08	74.1955	0.211381
1	121	74	121.156	74.0909	0.180347
1	121	74	121.261	74.178	0.315591
1	121	74	121.103	74.0868	0.134763
1	121	74	120.868	74.3208	0.346921
1	121	74	121.095	74.4535	0.463303
1	121	74	121.171	74.1664	0.23862
1	121	74	121.065	73.9715	0.0713154
1	121	74	121.113	74.2703	0.292886
1	121	74	120.993	74.1181	0.118323
1	121	74	120.999	74.2029	0.202855
1	121	74	120.858	74.2507	0.287891
1	121	74	120.86	74.3916	0.415953
1	121	74	121.16	74.4032	0.433753
1	121	74	121.1	74.2696	0.287553
1	121	74	121.086	74.1168	0.144812
1	121	74	120.93	74.2901	0.298517
1	121	74	121.322	74.1948	0.376611
1	121	74	121.16	74.2297	0.279694
1	121	74	121.009	74.024	0.0257486
1	121	74	121.032	73.9454	0.0631915
1	121	74	120.988	74.2962	0.296411
1	121	74	120.882	74.2443	0.271099
1	121	74	120.987	74.4293	0.429538
1	121	74	121.077	74.0291	0.0822985
1	121	74	121.292	74.1623	0.333972
1	121	74	121.088	74.1844	0.204421
1	121	74	120.943	74.339	0.34373
1	121	74	121.205	74.1909	0.280123
1	121	74	121.152	74.4305	0.456414
1	121	74	120.941	74.4274	0.431462
1	121	74	121.308	74.2081	0.371631
1	121	74	120.944	74.276	0.281628
1	121	74	121.13	74.0303	0.133684
1	121	74	121.051	74.2306	0.236217
1	121	74	121.016	74.1384	0.139331
1	121	74	121.077	74.3661	0.374171
1	121	74	121.189	74.0402	0.193596
1	121	74	121.125	74.0464	0.133195
1	121	74	120.993	74.2909	0.290942
1	121	74	120.739	74.2385	0.353927
1	121	74	120.982	74.3278	0.328335
1	121	74	121.181	74.2283	0.291577
1	121	74	120.93	74.2891	0.297461
1	121	74	120.766	74.1918	0.302746
1	121	74	121.035	74.2913	0.293417
1	121	74	121.127	74.0738	0.146955
1	121	74	121.38	74.1284	0.401551
1	121	74	121.195	74.1574	0.250945
1	121	74	121.033	74.1616	0.164816
1	121	74	121.125	74.4193	0.437475
1	121	74	120.981	74.2341	0.234898
1	121	74	120.956	74.0514	0.0673406
1	121	74	121.293	74.198	0.353617
1	121	74	120.968	74.2167	0.21916
1	121	74	121.156	74.0249	0.157731
1	121	74	121.011	74.3845	0.384635
1	121	74	121.007	74.0867	0.0870165
1	121	74	121.025	74.4502	0.45092
1	121	74	121.265	74.1466	0.303
1	121	74	121.209	74.2699	0.341656
1	121	74	121.114	74.2257	0.25266
1	121	74	121.123	74.0755	0.144748
1	121	74	121.065	74.3249	0.331416
1	121	74	121.137	74.4568	0.476887
1	121	74	120.946	74.3744	0.378195
1	121	74	120.937	74.4152	0.419974
1	121	74	120.839	74.0982	0.188568
1	121	74	121.154	74.0095	0.1541
1	121	74	121.045	74.4617	0.463922
1	121	74	121.001	73.9234	0.0766062
1	121	74	121.015	74.2652	0.265599
1	121	74	120.804	74.268	0.331922
1	121	74	121.137	74.0548	0.147534
1	121	74	121.196	74.1195	0.22947
1	121	74	120.897	74.3721	0.386068
1	121	74	121.021	74.2549	0.255752
1	121	74	121.27	74.2748	0.38515
1	121	74	121.196	74.0107	0.196066
1	121	74	121.125	74.3245	0.347868
1	121	74	120.843	74.2281	0.277079
1	121	74	121.02	74.1914	0.192455
1	121	74	121.29	74.1676	0.334706
1	121	74	120.8	74.2026	0.284473
1	121	74	120.87	74.39	0.410954
1	121	74	120.949	74.2046	0.210939
1	121	74	120.997	74.3544	0.354453
1	121	74	120.858	74.3493	0.376967
1	121	74	121.194	74.2646	0.327959
1	121	74	121.251	74.09	0.266284
1	121	74	121.213	74.1598	0.266456
1	121	74	121.073	74.265	0.274857
1	121	74	121.316	74.2135	0.381496
1	121	74	121.009	74.0793	0.0798915
1	121	74	120.911	74.0436	0.0994597
1	121	74	120.832	74.321	0.362471
1	121	74	121.205	74.3886	0.439191
1	121	74	120.929	74.2971	0.305589
1	121	74	121.233	74.3282	0.40269
1	121	74	121.046	74.1432	0.150293
1	121	74	120.831	74.0523	0.177204
1	121	74	121.097	74.3245	0.338642
1	121	74	121.243	74.016	0.24337
1	121	74	121.075	74.2329	0.244704
1	121	74	121.356	74.1104	0.372351
1	121	74	120.878	74.407	0.424901
1	121	74	121.313	74.1273	0.337599
1	121	74	120.991	74.2308	0.231005
1	121	74	121.12	74.4414	0.457338
1	121	74	120.787	74.0972	0.234402
1	121	74	121.056	74.365	0.369338
1	121	74	121.033	74.1876	0.190473
1	121	74	120.895	74.2484	0.269503
1	121	74	121.097	74.2901	0.305874
1	121	74	120.977	74.1079	0.110295
1	121	74	121.293	74.2535	0.387384
1	121	74	121.367	74.1581	0.399462
1	121	74	121.168	74.0098	0.168048
1	121	74	121.189	74.0497	0.19524
1	121	74	120.74	74.2904	0.38956
1	121	74	120.925	74.2674	0.27776
1	121	74	121.271	74.2365	0.359323
1	121	74	121.099	74.1315	0.164572
1	121	74	120.853	74.0726	0.164294
1	121	74	121.073	74.1941	0.207394
1	121	74	120.745	74.2944	0.389308
1	121	74	120.931	74.4165	0.422139
1	121	74	121.177	74.2526	0.30857
1	121	74	120.917	74.1882	0.2057
1	121	74	121.336	74.1551	0.370196
1	121	74	120.954	74.1381	0.14573
1	121	74	121.055	73.9672	0.0641165
1	121	74	121.222	74.185	0.288819
1	121	74	121.208	74.3466	0.404187
1	121	74	121.303	74.2263	0.378143
1	121	74	121.008	74.0606	0.0612169
1	121	74	120.987	74.0858	0.0868486
1	121	74	120.968	74.1789	0.18179
1	121	74	121.285	74.0674	0.293254
1	121	74	121.203	74.119	0.23549
1	121	74	120.863	74.1615	0.211767
1	121	74	121.039	74.0158	0.042523
1	121	74	121.009	74.0667	0.067278
1	121	74	121.003	74.3668	0.36678
1	121	74	121.043	74.2788	0.282184
1	121	74	120.859	74.3681	0.39433
1	121	74	121.235	74.1175	0.26287
1	121	74	120.875	74.1304	0.18081
1	121	74	120.971	74.3728	0.373966
1	121	74	121.206	74.2222	0.302919
1	121	74	120.957	74.2479	0.25153
1	121	74	121.261	74.1246	0.289059
1	121	74	121.111	74.3285	0.346715
1	121	74	121.038	74.1403	0.14524
1	121	74	121.015	74.1987	0.199299
1	121	74	121.326	74.1895	0.376685
1	121	74	120.867	74.1565	0.205541
1	121	74	120.872	74.2002	0.237852
1	121	74	120.96	74.0751	0.0850194
1	121	74	121.212	74.186	0.281937
1	121	74	120.911	73.9917	0.0890572
1	121	74	120.866	74.3446	0.369824
1	121	74	120.795	74.32	0.380182
1	121	74	120.908	74.4134	0.423573
1	121	74	121.221	74.2201	0.311922
1	121	74	121.096	73.9883	0.0965722
1	121	74	121.164	74.0264	0.166323
1	121	74	121.123	74.3122	0.335675
1	121	74	121.076	74.0079	0.0764687
1	121	74	121.262	74.3192	0.413216
1	121	74	121.031	74.347	0.348352
1	121	74	121.045	74.3081	0.311407
1	121	74	121.051	73.9956	0.050839
1	121	74	121.009	73.9486	0.0521146
1	121	74	121.058	74.4196	0.423599
1	121	74	120.781	74.1133	0.246646
1	121	74	121.181	74.1894	0.262154
1	121	74	121.038	74.2547	0.257578
1	121	74	121.09	73.9676	0.0956787
1	121	74	121.08	74.1612	0.179777
1	121	74	120.889	74.4226	0.436951
1	121	74	120.818	74.1924	0.265021
1	121	74	120.953	74.4103	0.412992
1	121	74	120.938	74.4432	0.447512
1	121	74	120.998	74.2576	0.257646
1	121	74	121.109	74.1097	0.15471
1	121	74	121.027	74.3348	0.335871
1	121	74	121.187	74.286	0.341893
1	121	74	121.06	74.4017	0.406098
1	121	74	121.194	74.3976	0.442204
1	121	74	121.013	74.3687	0.368903
1	121	74	121.073	74.1588	0.174887
1	121	74	121.013	74.0618	0.0632027
1	121	74	121.012	73.9532	0.048367
1	121	74	121.167	74.1515	0.22582
1	121	74	121.144	74.1567	0.212642
1	121	74	121.366	74.0828	0.37533
1	121	74	120.938	74.2525	0.25996
1	121	74	121.317	74.0899	0.32918
1	121	74	120.9	74.2845	0.301643
1	121	74	120.995	74.0968	0.0969308
1	121	74	120.984	74.1275	0.128485
1	121	74	120.887	74.1251	0.168769
1	121	74	121.003	74.1078	0.107788
1	121	74	121.138	74.4341	0.455489
1	121	74	121.094	74.1527	0.179226
1	121	74	121.084	74.1341	0.15837
1	121	74	121.161	74.4473	0.475541
1	121	74	121.229	74.147	0.27194
1	121	74	121.059	74.2909	0.296925
1	121	74	121.018	74.1038	0.105375
1	121	74	121.145	74.2722	0.308348
1	121	74	121.294	74.121	0.317903
1	121	74	121.234	74.4377	0.496478
1	121	74	121.14	74.079	0.161173
1	121	74	121.124	73.9891	0.124383
1	121	74	121.077	74.0656	0.101246
1	121	74	121.211	74.1561	0.262612
1	121	74	121.081	74.434	0.441532
1	121	74	121.157	74.2863	0.326343
1	121	74	121.329	74.2817	0.433277
1	121	74	121.155	74.2428	0.288268
1	121	74	121.215	74.0733	0.227009
1	121	74	121.137	74.0049	0.136909
1	121	74	121.027	73.9266	0.0781492
1	121	74	120.936	74.1358	0.15018
1	121	74	120.823	74.2906	0.340306
1	121	74	120.899	74.2106	0.233736
