1	121	74	91.8618	62.8093	31.2132
1	121	74	120.721	73.3289	0.726567
1	121	74	118.765	74.3183	2.25783
1	121	74	120.195	76.4271	2.55721
1	121	74	122.264	75.9574	2.32984
1	121	74	119.625	73.5494	1.44672
1	121	74	116.577	82.4482	9.53604
1	121	74	131.126	82.9767	13.5324
1	121	74	119.733	76.6461	2.93378
1	121	74	122.035	78.6529	4.76659
1	121	74	114.675	83.3683	11.3037
1	121	74	126.01	76.3217	5.52137
1	121	74	123.93	79.2392	6.00296
1	121	74	122.033	72.8355	1.55645
1	121	74	120.415	75.5642	1.66997
1	121	74	120.188	76.6013	2.72497
1	121	74	119.14	77.7052	4.14577
1	121	74	125.72	80.5894	8.10566
1	121	74	119.844	75.4569	1.85959
1	121	74	120.172	76.2332	2.38196
1	121	74	125.923	76.6985	5.61378
1	121	74	113.717	84.2733	12.5932
1	121	74	124.193	73.4709	3.23613
1	121	74	123.334	74.3185	2.35555
1	121	74	121.358	77.2676	3.28718
1	121	74	104.887	95.5682	26.9226
1	121	74	120.144	74.5795	1.03346
1	121	74	123.923	74.0381	2.92352
1	121	74	98.0763	97.4378	32.7845
1	121	74	123.875	75.7067	3.34317
1	121	74	105.408	92.6518	24.3108
1	121	74	109.701	95.2116	24.0333
1	121	74	122.533	76.3305	2.78942
1	121	74	121.792	76.9323	3.03747
1	121	74	120.957	75.3641	1.36478
1	121	74	122.782	76.2047	2.83468
1	121	74	120.353	72.6323	1.51325
1	121	74	109.003	92.775	22.2806
1	121	74	115.177	87.3729	14.5856
1	121	74	119.03	76.0959	2.87656
1	121	74	119.451	77.0867	3.45349
1	121	74	115.433	87.5706	14.6682
1	121	74	124.849	79.1568	6.43475
1	121	74	120.608	75.2135	1.2753
1	121	74	119.192	73.4137	1.90045
1	121	74	103.96	97.439	28.9784
1	121	74	134.991	84.0285	17.2142
1	121	74	120.621	73.9916	0.378933
1	121	74	128.134	65.7889	10.8774
1	121	74	105.442	94.7537	25.9375
1	121	74	99.9017	97.4381	31.5354
1	121	74	138.976	83.9023	20.5232
1	121	74	121.922	74.1332	0.931759
1	121	74	92.8567	64.0964	29.8349
1	121	74	101.531	79.4552	20.2187
1	121	74	123.836	75.7913	3.35477
1	121	74	108.254	97.4692	26.7073
1	121	74	127.371	76.2375	6.75229
1	121	74	123.369	76.1919	3.22742
1	121	74	120.352	78.05	4.10152
1	121	74	117.676	75.2529	3.55196
1	121	74	115.179	81.3433	9.37055
1	121	74	121.065	75.9545	1.95555
1	121	74	119.917	77.5242	3.68674
1	121	74	128.421	66.141	10.8093
1	121	74	121.516	77.1365	3.17866
1	121	74	120.266	74.212	0.763718
1	121	74	121.205	73.36	0.672044
1	121	74	121.019	75.2805	1.28065
1	121	74	121.839	76.9735	3.08957
1	121	74	122.599	74.8189	1.79644
1	121	74	118.633	75.0998	2.60958
1	121	74	122.195	74.4076	1.26267
1	121	74	79.0377	46.5145	50.1626
1	121	74	107.803	93.8675	23.8513
1	121	74	124.67	74.1151	3.67158
1	121	74	118.853	75.4828	2.60925
1	121	74	129.568	81.4078	11.3262
1	121	74	104.049	97.439	28.9262
1	121	74	114.809	87.0865	14.477
1	121	74	135.541	85.2775	18.4018
1	121	74	107.999	93.8613	23.7381
1	121	74	122.32	76.7225	3.02551
1	121	74	125.725	78.0857	6.24655
1	121	74	138.847	85.1765	21.0576
1	121	74	107.212	97.4853	27.2334
1	121	74	121.422	77.1412	3.16933
1	121	74	126.409	80.3573	8.34717
1	121	74	125.982	78.4407	6.67421
1	121	74	123.523	75.31	2.84277
1	121	74	129.003	65.8938	11.3911
1	121	74	128.04	64.2056	12.0622
1	121	74	122.641	76.3468	2.86368
1	121	74	124.645	77.4408	5.01258
1	121	74	122.795	79.6047	5.88504
1	121	74	94.4877	86.9524	29.507
1	121	74	114.786	72.3487	6.42991
1	121	74	138.897	83.4306	20.2293
1	121	74	127.43	80.4949	9.1391
1	121	74	122.641	78.1049	4.42054
1	121	74	109.815	97.421	25.9546
1	121	74	121.822	74.1178	0.830094
1	121	74	120.886	74.8095	0.817485
1	121	74	120.358	74.4478	0.782408
1	121	74	124.585	78.8604	6.03977
1	121	74	139.234	84.825	21.2048
1	121	74	126.236	68.9297	7.28851
1	121	74	119.449	74.399	1.60124
1	121	74	120.766	72.8198	1.20327
1	121	74	120.749	76.161	2.1755
1	121	74	108.685	97.395	26.4382
1	121	74	120.824	75.6909	1.7
1	121	74	122.26	74.3398	1.30541
1	121	74	124.387	78.8166	5.88805
1	121	74	120.672	77.8502	3.8642
1	121	74	121.902	76.0901	2.27646
1	121	74	118.81	75.6276	2.72884
1	121	74	119.876	76.773	2.99206
1	121	74	128.637	65.0695	11.7504
1	121	74	119.391	75.0419	1.91717
1	121	74	99.561	80.1393	22.3007
1	121	74	120.062	71.9759	2.23065
1	121	74	119.319	76.0405	2.64377
1	121	74	122.095	74.305	1.13649
1	121	74	121.61	75.7663	1.86883
1	121	74	120.702	75.0736	1.11424
1	121	74	118.898	75.8975	2.83143
1	121	74	124.843	77.0819	4.92607
1	121	74	106.678	97.4463	27.4746
1	121	74	97.2842	59.6476	27.7206
1	121	74	119.215	75.0529	2.07273
1	121	74	134.052	85.6011	17.4627
1	121	74	128.611	82.2077	11.1932
1	121	74	120.399	75.3639	1.49038
1	121	74	99.9065	80.0788	21.952
1	121	74	108.587	92.6439	22.398
1	121	74	100.189	79.8847	21.6268
1	121	74	135.295	85.1786	18.1465
1	121	74	125.182	77.5594	5.49137
1	121	74	118.181	77.7702	4.70788
1	121	74	120.442	74.4976	0.747976
1	121	74	117.421	75.9461	4.07364
1	121	74	114.347	69.7008	7.92083
1	121	74	113.583	86.1337	14.2213
1	121	74	123.118	74.4042	2.1566
1	121	74	125.315	76.7614	5.1228
1	121	74	122.158	73.6226	1.21788
1	121	74	117.701	80.8801	7.63006
1	121	74	124.713	73.8581	3.71568
1	121	74	122.233	74.6149	1.37806
1	121	74	116.45	76.2142	5.05993
1	121	74	118.233	75.369	3.08684
1	121	74	107.978	81.2806	14.9194
1	121	74	137.77	87.5134	21.5373
1	121	74	101.698	97.4385	30.363
1	121	74	106.839	91.9383	22.8541
1	121	74	122.09	74.1445	1.09976
1	121	74	108.354	92.5342	22.4377
1	121	74	122.09	77.9062	4.05551
1	121	74	134.205	85.6343	17.5989
1	121	74	110.875	95.9312	24.1558
1	121	74	119.754	76.6504	2.92877
1	121	74	94.4305	97.437	35.4292
1	121	74	112.94	71.844	8.34344
1	121	74	109.864	96.0738	24.7237
1	121	74	119.484	76.0854	2.5781
1	121	74	115.832	73.7512	5.17349
1	121	74	119.689	73.6341	1.36071
1	121	74	125.731	76.9979	5.60121
1	121	74	121.838	76.5862	2.71857
1	121	74	121.123	75.6545	1.65905
1	121	74	134.139	80.4673	14.6441
1	121	74	113.925	79.0677	8.70261
1	121	74	122.18	78.25	4.41084
1	121	74	121.62	74.4836	0.786502
1	121	74	114.453	86.8097	14.386
1	121	74	121.164	74.1032	0.193445
1	121	74	122.847	73.8314	1.85429
1	121	74	124.904	75.8232	4.30828
1	121	74	118.884	75.0313	2.35383
1	121	74	107.823	97.3374	26.8004
1	121	74	140.847	86.1186	23.2539
1	121	74	138.915	84.7819	20.9094
1	121	74	128.53	65.0714	11.6799
1	121	74	105.921	80.1831	16.2976
1	121	74	121.674	77.7201	3.78065
1	121	74	140.594	84.0881	22.0387
1	121	74	75.8774	55.4462	48.7882
1	121	74	107.415	96.8965	26.6232
1	121	74	121.865	78.4501	4.53345
1	121	74	121.448	75.4723	1.53894
1	121	74	124.945	75.7432	4.3128
1	121	74	131.769	84.8603	15.2942
1	121	74	109.198	92.8909	22.2744
1	121	74	122.453	74.9844	1.75477
1	121	74	120.972	74.5304	0.531127
1	121	74	114.007	81.2619	10.0815
1	121	74	124.5	80.9091	7.74503
1	121	74	105.534	95.2182	26.2565
1	121	74	118.818	76.7469	3.50811
1	121	74	119.121	74.9077	2.08699
1	121	74	118.148	74.8858	2.98592
1	121	74	122.169	73.0997	1.47569
1	121	74	119.859	76.3062	2.57288
1	121	74	122.569	74.0721	1.57108
1	121	74	137.881	82.3634	18.8393
1	121	74	120.909	76.6707	2.67226
1	121	74	116.238	84.4555	11.4887
1	121	74	124.361	76.8868	4.43047
1	121	74	121.274	74.414	0.496327
1	121	74	121.319	75.3524	1.38949
1	121	74	124.435	76.6803	4.35704
1	121	74	120.158	76.3664	2.51187
1	121	74	118.548	76.7397	3.67637
1	121	74	121.063	75.1013	1.10311
1	121	74	119.925	73.1106	1.39516
1	121	74	122.193	75.939	2.27686
1	121	74	106.17	78.5793	15.5208
1	121	74	134.471	85.6096	17.7837
1	121	74	106.524	76.8876	14.7613
1	121	74	95.8186	97.4373	34.4007
1	121	74	124.165	75.8722	3.67762
1	121	74	122.421	74.0014	1.42077
1	121	74	119.629	74.4361	1.43834
1	121	74	120.792	77.2746	3.28118
1	121	74	123.52	74.1829	2.52687
1	121	74	122.316	76.557	2.87563
1	121	74	120.615	74.2475	0.457688
1	121	74	105.564	93.9808	25.2488
1	121	74	38.951	97.425	85.3274
1	121	74	122.535	74.1602	1.54311
1	121	74	115.715	87.7905	14.7684
1	121	74	122.361	73.7928	1.37678
1	121	74	122.23	73.7498	1.25479
1	121	74	105.483	95.3911	26.4262
1	121	74	121.164	74.5276	0.552423
1	121	74	121.092	75.1665	1.17013
1	121	74	120.759	75.4967	1.51596
1	121	74	121.967	77.1011	3.24852
1	121	74	120.776	77.0835	3.09158
1	121	74	108.967	97.4853	26.3884
1	121	74	119.251	75.2662	2.1592
1	121	74	119.441	75.2175	1.97785
1	121	74	107.131	96.2125	26.1868
1	121	74	124.561	77.4718	4.97321
1	121	74	121.55	77.4338	3.47762
1	121	74	122.42	75.307	1.92982
1	121	74	138.038	86.0488	20.8677
1	121	74	124.07	76.3909	3.89121
1	121	74	106.991	95.3843	25.5642
1	121	74	127.892	65.7196	10.7735
1	121	74	121.558	76.364	2.42897
1	121	74	118.399	75.333	2.9231
1	121	74	107.086	93.831	24.2253
1	121	74	142.146	85.5798	24.109
1	121	74	118.528	77.3064	4.12855
1	121	74	112.838	85.5553	14.1473
1	121	74	121.268	77.2067	3.21783
1	121	74	118.836	76.8321	3.56418
1	121	74	114.849	72.0494	6.45334
1	121	74	122.666	76.3636	2.89156
1	121	74	121.154	78.0704	4.07336
1	121	74	121.721	74.1219	0.730879
1	121	74	121.707	75.0987	1.30673
1	121	74	118.746	78.0059	4.59659
1	121	74	137.553	87.1039	21.1121
1	121	74	120.914	75.1825	1.18564
1	121	74	121.217	71.9384	2.07304
1	121	74	119.673	77.5401	3.78058
1	121	74	124.073	73.4632	3.11909
1	121	74	118.808	75.5857	2.70563
1	121	74	123.472	74.2832	2.48801
1	121	74	136.928	85.4652	19.6254
1	121	74	119.945	73.5075	1.16409
1	121	74	117.584	89.2413	15.6194
1	121	74	121.276	74.2025	0.342028
1	121	74	114.193	86.6083	14.3283
1	121	74	120.267	75.7383	1.88673
1	121	74	118.488	76.5303	3.56568
1	121	74	139.768	84.5718	21.5402
1	121	74	119.857	76.6346	2.87195
1	121	74	124.451	74.1151	3.45298
1	121	74	121.062	76.1647	2.16562
1	121	74	119.696	76.3699	2.70486
1	121	74	121.047	77.1581	3.15843
1	121	74	110.032	97.4365	25.8758
1	121	74	114.906	87.0471	14.4
1	121	74	121.63	74.6924	0.936421
1	121	74	122.162	72.6706	1.76566
1	121	74	118.148	74.1173	2.85403
1	121	74	110.183	97.4413	25.8167
1	121	74	110.036	93.2288	22.1349
1	121	74	115.31	87.4754	14.6275
1	121	74	119.837	75.1279	1.62042
1	121	74	101.699	97.4385	30.363
1	121	74	115.478	87.6057	14.6838
1	121	74	120.77	74.4592	0.513505
1	121	74	114.799	82.4224	10.4587
1	121	74	137.183	84.1261	19.0899
1	121	74	110.177	93.2855	22.115
1	121	74	124.125	73.7252	3.13695
1	121	74	128.772	80.9624	10.4342
1	121	74	120.718	74.927	0.968918
1	121	74	120.651	72.8254	1.22541
1	121	74	120.573	76.6297	2.6642
1	121	74	114.876	87.1387	14.4957
1	121	74	120.883	73.3503	0.660248
1	121	74	122.504	75.9342	2.45007
1	121	74	122.77	76.012	2.67991
1	121	74	122.037	74.0934	1.04161
1	121	74	119.852	75.4873	1.8789
1	121	74	111.587	83.8925	13.6554
1	121	74	134.092	85.7149	17.568
1	121	74	127.19	65.8992	10.1949
1	121	74	122.311	74.6479	1.46246
1	121	74	119.67	76.0011	2.40298
1	121	74	121.111	74.844	0.851195
1	121	74	105.616	79.9464	16.4932
1	121	74	120.253	74.0793	0.75149
1	121	74	120.259	72.9372	1.2956
1	121	74	121.145	74.0967	0.174342
1	121	74	122.012	74.417	1.0948
1	121	74	122.957	75.7549	2.62884
1	121	74	118.465	74.8826	2.68461
1	121	74	122.842	76.9419	3.47102
1	121	74	105.642	94.6741	25.7546
1	121	74	119.746	74.7414	1.45697
1	121	74	124.53	80.7936	7.6561
1	121	74	135.841	84.342	18.089
1	121	74	137.921	86.0883	20.7956
1	121	74	122.345	76.8828	3.18119
1	121	74	120.195	77.035	3.13994
1	121	74	120.7	73.5963	0.502777
1	121	74	120.345	74.3187	0.728159
1	121	74	121.025	81.8379	7.83795
1	121	74	115.077	87.2947	14.5544
1	121	74	124.887	76.7151	4.74098
1	121	74	121.299	74.9999	1.04363
1	121	74	117.634	75.4251	3.65526
1	121	74	123.194	76.1644	3.08192
1	121	74	125.608	80.1187	7.65952
1	121	74	120.77	75.6455	1.66145
1	121	74	140.936	85.9847	23.2607
1	121	74	109.316	68.5348	12.8989
1	121	74	126.402	78.27	6.88557
1	121	74	106.946	95.971	26.0812
1	121	74	121	73.2953	0.704707
1	121	74	123.446	78.583	5.19474
1	121	74	119.887	71.896	2.38027
1	121	74	116.476	79.508	7.128
1	121	74	118.423	75.0213	2.77233
1	121	74	121.567	74.5851	0.814892
1	121	74	120.4	74.2267	0.641286
1	121	74	121.297	72.1159	1.90735
1	121	74	137.688	87.2189	21.2889
1	121	74	107.998	97.2292	26.6206
1	121	74	119.073	75.7229	2.58492
1	121	74	120.809	76.3914	2.39901
1	121	74	119.966	74.564	1.17752
1	121	74	117.745	78.1485	5.27329
1	121	74	120.517	75.2459	1.33617
1	121	74	101.752	97.4385	30.3293
1	121	74	129.756	84.2342	13.4687
1	121	74	121.876	74.6184	1.07203
1	121	74	119.696	76.4777	2.79979
1	121	74	113.991	80.3537	9.46025
1	121	74	134.695	84.1181	17.027
1	121	74	124.162	76.0409	3.7633
1	121	74	119.812	74.0794	1.19032
1	121	74	120.614	76.7034	2.73084
1	121	74	123.767	71.5057	3.72497
1	121	74	116.141	88.1208	14.9335
1	121	74	120.846	73.512	0.511788
1	121	74	121.783	74.081	0.787058
1	121	74	119.789	74.2017	1.22745
1	121	74	106.501	97.1351	27.3032
1	121	74	108.169	69.4437	13.6163
1	121	74	126.739	79.3164	7.823
1	121	74	119.752	76.3891	2.6952
1	121	74	120.686	78.1408	4.15277
1	121	74	108.287	97.3891	26.621
1	121	74	122.581	77.2938	3.6534
1	121	74	121.131	75.8979	1.90235
1	121	74	102.413	63.0855	21.5542
1	121	74	123.129	75.7522	2.75763
1	121	74	108.064	97.4398	26.7723
1	121	74	116.907	84.3451	11.1255
1	121	74	122.498	73.7022	1.52743
1	121	74	128.152	94.4485	21.6632
1	121	74	122.317	75.503	1.99819
1	121	74	117.15	77.841	5.43835
1	121	74	119.104	74.301	1.91955
1	121	74	114.504	81.4578	9.89027
1	121	74	118.848	74.7164	2.26844
1	121	74	107.787	92.1464	22.4472
1	121	74	118.797	75.634	2.74307
1	121	74	106.941	96.4435	26.4835
1	121	74	118.268	73.0992	2.87666
1	121	74	122.854	76.1144	2.81214
1	121	74	110.326	69.2652	11.6769
1	121	74	123.653	77.228	4.17821
1	121	74	110.585	97.409	25.6214
1	121	74	108.465	97.4402	26.5816
1	121	74	119.783	75.4634	1.90322
1	121	74	123.194	75.035	2.42549
1	121	74	105.52	93.0885	24.5764
1	121	74	124.719	76.499	4.48031
1	121	74	129.189	84.321	13.1753
1	121	74	135.088	85.5697	18.2302
1	121	74	123.349	75.6606	2.87654
1	121	74	120.955	74.2279	0.232241
1	121	74	122.634	75.9066	2.51098
1	121	74	115.615	83.4582	10.8839
1	121	74	114.771	87.0564	14.4664
1	121	74	121.699	73.8657	0.711614
1	121	74	125.828	76.6543	5.50952
1	121	74	119.403	76.5363	2.99702
1	121	74	117.128	82.6916	9.51495
1	121	74	123.847	73.9912	2.84739
1	121	74	120.901	75.1439	1.14817
1	121	74	119.903	72.5068	1.85277
1	121	74	115.033	81.0509	9.23659
1	121	74	105.385	96.6851	27.5399
1	121	74	123.394	76.3875	3.38075
1	121	74	119.215	75.6231	2.41293
1	121	74	120.543	76.1778	2.22517
1	121	74	122.681	76.3424	2.88342
1	121	74	121.844	73.6106	0.92965
1	121	74	121.766	77.2163	3.30635
1	121	74	124.306	74.7235	3.38408
1	121	74	118.923	74.9572	2.28726
1	121	74	123.079	76.7677	3.46135
1	121	74	128.972	66.1118	11.2151
1	121	74	122.775	73.6561	1.80849
1	121	74	121.083	74.41	0.418328
1	121	74	108.625	97.4511	26.5159
1	121	74	121.35	74.635	0.725298
1	121	74	120.522	75.1697	1.26368
1	121	74	127.931	81.9509	10.5476
1	121	74	94.5729	62.3721	28.8721
1	121	74	122.728	73.2145	1.8977
1	121	74	124.927	81.7431	8.68184
1	121	74	118.008	76.3128	3.78207
1	121	74	123.987	73.478	3.03219
1	121	74	120.67	74.8516	0.913373
1	121	74	107.503	93.8254	23.9838
1	121	74	125.082	77.6428	5.47088
1	121	74	118.57	76.6681	3.60895
1	121	74	128.778	82.2548	11.3418
1	121	74	120.404	75.4538	1.57136
1	121	74	114.511	86.855	14.3999
1	121	74	136.243	83.6021	18.0155
1	121	74	136.391	88.0466	20.8371
1	121	74	121.316	74.7326	0.797923
1	121	74	125.731	75.9653	5.12271
1	121	74	120.084	74.3082	0.966159
1	121	74	108.538	97.4086	26.519
1	121	74	119.952	75.6154	1.92571
1	121	74	129.242	80.5897	10.5527
1	121	74	120.705	75.2319	1.26684
1	121	74	114.782	82.598	10.6108
1	121	74	106.633	92.8639	23.7122
1	121	74	120.813	75.8821	1.89138
1	121	74	118.703	75.0173	2.51189
1	121	74	119.97	76.9307	3.10632
1	121	74	113.728	85.9786	14.0133
1	121	74	113.458	94.6101	21.9468
1	121	74	94.9884	97.4371	35.0129
1	121	74	118.784	75.5892	2.72698
1	121	74	123.431	76.3605	3.38821
1	121	74	107.948	94.2099	24.0584
1	121	74	122.902	76.0931	2.82846
1	121	74	122.123	74.5382	1.24504
1	121	74	119.67	73.756	1.35262
1	121	74	109.965	85.0355	15.6059
1	121	74	123.576	79.062	5.67983
1	121	74	121.789	73.4321	0.972462
1	121	74	122.977	75.5328	2.50137
1	121	74	121.059	74.5477	0.550815
1	121	74	124.919	81.5501	8.5065
1	121	74	120.653	74.063	0.352332
1	121	74	123.211	75.0673	2.45529
1	121	74	123.016	74.6933	2.13169
1	121	74	120.064	72.7102	1.59371
1	121	74	104.068	90.4676	23.6197
1	121	74	95.8309	97.4373	34.3917
1	121	74	118.265	78.503	5.26874
1	121	74	121.487	75.9894	2.04826
1	121	74	125.874	75.8037	5.19665
1	121	74	117.283	75.29	3.93455
1	121	74	122.822	78.2811	4.65257
1	121	74	108.718	92.6966	22.37
1	121	74	101.508	97.4385	30.4842
1	121	74	123.523	76.4004	3.48275
1	121	74	123.744	74.0651	2.74497
1	121	74	141.824	85.0442	23.5717
1	121	74	118.252	75.4988	3.12983
1	121	74	126.814	68.9193	7.72138
1	121	74	109.237	97.2142	26.0244
1	121	74	116.037	88.0401	14.8916
1	121	74	115.794	71.5113	5.77072
1	121	74	118.263	73.587	2.7684
1	121	74	123.034	76.4302	3.16889
1	121	74	121.539	76.6629	2.71701
1	121	74	120.007	72.8374	1.52927
1	121	74	122.605	83.7404	9.87179
1	121	74	122.253	77.1237	3.36561
1	121	74	122.845	75.6911	2.50264
1	121	74	119.125	74.6029	1.96963
1	121	74	120.81	74.8193	0.841016
1	121	74	140.577	86.47	23.211
1	121	74	117.088	73.442	3.95129
1	121	74	106.651	97.3164	27.3778
1	121	74	119.341	75.8523	2.48684
1	121	74	87.1172	53.672	39.513
1	121	74	118.118	76.5099	3.82209
1	121	74	115.949	87.9716	14.8567
1	121	74	124.433	74.8819	3.54412
1	121	74	120.315	73.8554	0.700205
1	121	74	138.293	84.9519	20.4697
1	121	74	119.455	74.5639	1.64454
1	121	74	119.048	84.1502	10.3362
1	121	74	121.162	74.4597	0.487475
1	121	74	104.696	91.0732	23.6075
1	121	74	116.351	88.2841	15.0215
1	121	74	121.649	74.8333	1.05649
1	121	74	117.747	75.5529	3.6051
1	121	74	119.521	75.4047	2.03995
1	121	74	103.09	90.425	24.301
1	121	74	119.831	75.0154	1.54806
1	121	74	115.201	87.3906	14.5925
1	121	74	124.179	76.8333	4.25857
1	121	74	120.145	72.7023	1.55406
1	121	74	121.902	75.1294	1.44529
1	121	74	118.406	75.104	2.8195
1	121	74	120.323	75.0419	1.24258
1	121	74	120.826	75.6261	1.63535
1	121	74	108.243	96.1889	25.5949
1	121	74	122.074	75.0779	1.5217
1	121	74	126.725	78.7935	7.46677
1	121	74	119.368	74.5548	1.7242
1	121	74	121.191	74.6603	0.687436
1	121	74	119.273	75.0557	2.02374
1	121	74	122.454	76.4915	2.88488
1	121	74	140.455	84.6352	22.1725
1	121	74	137.439	86.8877	20.8886
1	121	74	126.222	66.6807	8.99111
1	121	74	116.005	75.4576	5.203
1	121	74	114.16	78.7106	8.30491
1	121	74	114.017	86.4714	14.2933
1	121	74	121.237	75.0931	1.11843
1	121	74	119.144	76.0926	2.79676
1	121	74	141.391	84.1728	22.7873
1	121	74	121.263	75.8239	1.84283
1	121	74	109.227	97.3711	26.1691
1	121	74	122.198	77.1496	3.36982
1	121	74	124.928	80.8007	7.85353
1	121	74	114.818	87.0926	14.4788
1	121	74	115.338	87.4968	14.6365
1	121	74	142.192	85.0606	23.9045
1	121	74	98.3068	97.4378	32.6238
1	121	74	120.102	74.4914	1.02324
1	121	74	108.229	96.6066	25.9643
1	121	74	107.919	96.204	25.7708
1	121	74	119.789	75.1206	1.64983
1	121	74	118.671	75.2124	2.62585
1	121	74	106.865	97.2548	27.2139
1	121	74	129.069	77.5194	8.80275
1	121	74	121.329	76.7237	2.74349
1	121	74	118.562	75.3768	2.79964
1	121	74	104.272	97.439	28.7963
1	121	74	107.393	97.2072	26.9022
1	121	74	122.719	78.9501	5.24001
1	121	74	121.131	75.9495	1.95388
1	121	74	98.094	80.8494	23.9081
1	121	74	118.573	76.7046	3.63362
1	121	74	137.51	83.9848	19.2948
1	121	74	111.499	93.8193	21.9789
1	121	74	121.441	76.981	3.01335
1	121	74	138.542	86.7897	21.7091
1	121	74	123.157	76.1174	3.02269
1	121	74	123.944	78.1074	5.05344
1	121	74	120.466	75.4029	1.5011
1	121	74	124.938	73.3179	3.99671
1	121	74	114.273	86.6702	14.3452
1	121	74	107.469	94.3812	24.4641
1	121	74	124.064	77.4046	4.58033
1	121	74	118.574	76.0817	3.19638
1	121	74	106.515	94.6488	25.2228
1	121	74	124.749	77.4365	5.08603
1	121	74	121.797	75.457	1.66059
1	121	74	121.403	75.2549	1.31811
1	121	74	121.856	75.4352	1.67094
1	121	74	119.989	75.8395	2.09908
1	121	74	107.454	91.9349	22.4759
1	121	74	116.507	72.4015	4.76908
1	121	74	107.795	93.8138	23.8109
1	121	74	121.238	75.6422	1.65936
1	121	74	120.778	74.6495	0.686408
1	121	74	125.898	83.0191	10.2633
1	121	74	102.437	97.4387	29.8993
1	121	74	121.352	76.5211	2.54549
1	121	74	124.342	75.4735	3.65273
1	121	74	120.177	74.7712	1.12782
1	121	74	116.984	75.3409	4.23382
1	121	74	121.8	73.279	1.07734
1	121	74	123.07	74.7645	2.20657
1	121	74	135.617	84.881	18.2227
1	121	74	119.635	76.7562	3.07578
1	121	74	122.483	74.9567	1.76457
1	121	74	120.291	76.1666	2.27959
1	121	74	124.232	77.5072	4.76959
1	121	74	120.925	78.0265	4.02723
1	121	74	118.767	74.5781	2.30708
1	121	74	121.952	74.1364	0.961687
1	121	74	121.665	76.4429	2.53189
1	121	74	121.845	74.4548	0.959326
1	121	74	119.748	76.1017	2.44648
1	121	74	94.223	97.4369	35.5851
1	121	74	123.041	77.1376	3.74295
1	121	74	110.484	79.9597	12.0869
1	121	74	124.638	74.6545	3.69618
1	121	74	123.722	76.6581	3.80443
1	121	74	113.148	85.7965	14.1707
1	121	74	120.313	85.8063	11.8263
1	121	74	134.381	85.112	17.393
1	121	74	109.636	95.4966	24.3157
1	121	74	120.85	73.9142	0.172487
1	121	74	119.55	76.3671	2.77586
1	121	74	136.974	87.617	20.9902
1	121	74	110.917	84.0638	14.2458
1	121	74	119.808	76.9298	3.16288
1	121	74	120.626	76.9328	2.95664
1	121	74	120.127	74.4967	1.00442
1	121	74	128.218	67.0199	10.0407
1	121	74	121.663	81.2412	7.2715
1	121	74	129.637	83.145	12.5792
1	121	74	118.637	74.9738	2.55613
1	121	74	121.426	75.2256	1.2974
1	121	74	121.077	75.761	1.76269
1	121	74	119.388	75.0662	1.9331
1	121	74	121.938	76.2293	2.41853
1	121	74	123.321	75.7115	2.88397
1	121	74	122.645	75.9515	2.5526
1	121	74	119.369	73.9827	1.63095
1	121	74	116.064	74.9751	5.0315
1	121	74	108.217	93.319	23.1652
1	121	74	115.077	70.1004	7.09121
1	121	74	138.728	83.5848	20.1529
1	121	74	112.964	85.2272	13.8066
1	121	74	128.327	64.7842	11.7733
1	121	74	122.007	74.1109	1.01307
1	121	74	104.219	96.7776	28.2917
1	121	74	124.719	76.3315	4.38916
1	121	74	121.62	78.0056	4.05334
1	121	74	120.655	74.0172	0.345894
1	121	74	119.313	74.4635	1.74996
1	121	74	128.911	66.5562	10.8625
1	121	74	121.318	74.2976	0.435791
1	121	74	123.102	77.3141	3.92448
1	121	74	97.0506	97.4375	33.5096
1	121	74	121.133	76.8033	2.80641
1	121	74	120.807	74.6575	0.685246
1	121	74	117.738	75.6705	3.66498
1	121	74	119.325	76.8348	3.29286
1	121	74	122.599	75.601	2.26265
1	121	74	130.385	83.2227	13.1583
1	121	74	128.047	65.0224	11.4132
1	121	74	122.374	74.9676	1.68088
1	121	74	123.594	78.4343	5.13712
1	121	74	128.322	81.7538	10.6642
1	121	74	126.747	78.3698	7.21946
1	121	74	121.693	76.9205	3.00144
1	121	74	117.789	75.0232	3.36978
1	121	74	119.294	75.1001	2.03025
1	121	74	108.565	95.1154	24.5049
1	121	74	126.577	80.974	8.92979
1	121	74	116.99	78.4955	6.02427
1	121	74	72.5081	87.7881	50.414
1	121	74	107.122	97.0656	26.9189
1	121	74	139.061	86.2076	21.7999
1	121	74	123.761	73.0438	2.92156
1	121	74	108.332	96.1528	25.5191
1	121	74	120.691	76.6847	2.70237
1	121	74	118.58	75.1865	2.69492
1	121	74	119.255	73.5981	1.79072
1	121	74	121.956	74.9167	1.32463
1	121	74	126.363	75.7346	5.63626
1	121	74	107.747	94.1028	24.0785
1	121	74	135.712	86.7449	19.4647
1	121	74	124.755	78.4149	5.79585
1	121	74	124.042	74.5111	3.08493
1	121	74	133.316	83.1482	15.342
1	121	74	126.168	79.3347	7.42742
1	121	74	122.621	75.2214	2.02942
1	121	74	119.781	72.4296	1.98772
1	121	74	119.137	76.8245	3.38359
1	121	74	122.019	77.559	3.70209
1	121	74	119.87	73.2547	1.35343
1	121	74	119.369	75.4316	2.16989
1	121	74	119.356	74.5135	1.72204
1	121	74	119.639	75.1973	1.81247
1	121	74	122.388	73.9119	1.39086
1	121	74	108.442	92.5852	22.4303
1	121	74	109.045	96.5077	25.4858
1	121	74	119.014	72.7736	2.33406
1	121	74	137.705	84.7914	19.8871
1	121	74	122.131	74.3874	1.19563
1	121	74	116.18	83.9732	11.0768
1	121	74	119.784	75.1083	1.6455
1	121	74	110.546	96.064	24.4151
1	121	74	122.274	75.2249	1.76736
1	121	74	122.661	77.6728	4.03088
1	121	74	122.962	76.9521	3.54466
1	121	74	123.212	74.5204	2.27213
1	121	74	121.325	77.56	3.57479
1	121	74	122.71	73.5517	1.7682
1	121	74	121.876	74.1644	0.891121
1	121	74	120.44	75.7535	1.8407
1	121	74	109.851	97.4516	25.9669
1	121	74	122.233	75.1835	1.7093
1	121	74	127.662	81.7602	10.2273
1	121	74	138.854	84.0271	20.477
1	121	74	116.799	88.6323	15.2233
1	121	74	135.138	85.4452	18.1898
1	121	74	122.917	75.5419	2.46047
1	121	74	116.566	70.5562	5.6144
1	121	74	133.206	83.4995	15.467
1	121	74	123.86	79.3476	6.06462
1	121	74	132.595	92.6552	21.9648
1	121	74	121.215	75.5848	1.59935
1	121	74	124.214	76.917	4.34008
1	121	74	131.493	83.9592	14.4665
1	121	74	121.237	72.3516	1.66542
1	121	74	121.14	76.9327	2.93605
1	121	74	119.204	73.337	1.91484
1	121	74	109.374	82.8655	14.6202
1	121	74	119.809	77.2106	3.42454
1	121	74	138.218	85.6785	20.8047
1	121	74	136.778	85.6254	19.5987
1	121	74	122.172	76.3315	2.6096
1	121	74	120.476	75.8526	1.92518
1	121	74	136.098	88.0878	20.6499
1	121	74	126.321	71.7644	5.77192
1	121	74	124.085	72.1963	3.57355
1	121	74	119.823	77.2075	3.41673
1	121	74	122.443	96.7532	22.7989
1	121	74	122.492	82.3196	8.45228
1	121	74	134.526	85.9055	18.019
1	121	74	115.683	82.8973	10.3649
1	121	74	117.968	75.9449	3.60192
1	121	74	121.966	74.3418	1.02433
1	121	74	132.043	84.7172	15.3884
1	121	74	105.008	97.4392	28.3747
1	121	74	121.227	73.5815	0.476093
1	121	74	119.102	75.0425	2.16504
1	121	74	119.523	75.7455	2.28684
1	121	74	127.856	69.8756	8.00125
1	121	74	114.87	79.9764	8.56122
1	121	74	128.61	75.4332	7.74332
1	121	74	120.598	75.7272	1.77337
1	121	74	139.215	86.1042	21.8701
1	121	74	122.271	76.3201	2.64542
1	121	74	105.917	97.4394	27.873
1	121	74	107.445	97.4853	27.1162
1	121	74	125.398	76.8227	5.22583
1	121	74	115.663	87.7496	14.7491
1	121	74	106.1	67.2428	16.3602
1	121	74	123.91	77.3491	4.4366
1	121	74	111.495	97.1667	25.0409
1	121	74	119.033	76.3492	3.06415
1	121	74	121.21	73.9928	0.210132
1	121	74	120.013	75.0219	1.42076
1	121	74	122.922	73.8102	1.9318
1	121	74	109.977	95.4892	24.1517
1	121	74	121.697	75.3822	1.54799
1	121	74	134.653	85.0642	17.5729
1	121	74	114.91	71.7292	6.49999
1	121	74	123.765	73.9348	2.76604
1	121	74	118.011	75.3635	3.2857
1	121	74	120.417	74.6324	0.860044
1	121	74	119.986	75.1378	1.52398
1	121	74	122.38	73.0188	1.69344
1	121	74	123.811	77.4191	4.42644
1	121	74	121.945	76.8854	3.03629
1	121	74	121.613	76.7374	2.80527
1	121	74	122.977	75.3222	2.37881
1	121	74	98.2151	97.4378	32.6876
1	121	74	112.684	85.4359	14.1399
1	121	74	123.907	74.8702	3.03454
1	121	74	118.247	75.9837	3.39329
1	121	74	121.158	74.8484	0.86303
1	121	74	121.989	74.4291	1.07809
1	121	74	120.785	75.0262	1.04845
1	121	74	122.107	76.3402	2.58881
1	121	74	119.835	74.087	1.16797
1	121	74	141.889	85.1796	23.6923
1	121	74	118.78	75.8497	2.88965
1	121	74	121.375	74.4439	0.581165
1	121	74	121.375	76.9906	3.01399
1	121	74	137.635	84.5804	19.7149
1	121	74	121.08	74.4736	0.480317
1	121	74	121.882	75.105	1.41408
1	121	74	122.476	74.4102	1.5321
1	121	74	119.703	74.7987	1.52291
1	121	74	124.632	74.2883	3.64319
1	121	74	123.763	75.8469	3.32306
1	121	74	119.136	75.2366	2.23674
1	121	74	122.182	76.6727	2.92253
1	121	74	124.519	76.661	4.4119
1	121	74	121.562	77.1114	3.16182
1	121	74	107.594	97.4397	27.0027
1	121	74	140.605	84.3316	22.1608
1	121	74	130.666	82.7598	13.0448
1	121	74	126.511	68.0054	8.14258
1	121	74	122.242	77.4589	3.67524
1	121	74	88.2317	64.32	34.1682
1	121	74	120.768	75.6533	1.66954
1	121	74	110.408	97.4518	25.7327
1	121	74	118.842	75.2876	2.51336
1	121	74	127.961	80.7242	9.6781
1	121	74	122.663	73.8071	1.67386
1	121	74	120.098	74.3944	0.984546
1	121	74	136.647	82.3913	17.7554
1	121	74	121.906	76.4384	2.60124
1	121	74	107.233	92.6478	23.1793
1	121	74	119.961	74.8959	1.37206
1	121	74	111.803	97.4229	25.1637
1	121	74	120.155	72.9341	1.36012
1	121	74	100.234	79.8958	21.5865
1	121	74	111.926	82.4132	12.3742
1	121	74	128.351	73.0551	7.41142
1	121	74	123.055	75.9969	2.86571
1	121	74	119.991	75.4834	1.79432
1	121	74	106.437	97.4395	27.5953
1	121	74	119.703	73.0746	1.59344
1	121	74	119.424	75.1721	1.96446
1	121	74	122.106	74.7144	1.31634
1	121	74	123.715	77.2631	4.24509
1	121	74	105.637	92.2021	23.8186
1	121	74	120.999	75.2343	1.23432
1	121	74	106.592	93.8353	24.5159
1	121	74	117.626	71.3863	4.26806
1	121	74	51.2076	97.4277	73.6195
1	121	74	135.41	86.0227	18.7666
1	121	74	115.097	87.3095	14.5597
1	121	74	121.354	76.6052	2.62912
1	121	74	124.364	74.269	3.37458
1	121	74	118.504	75.6288	2.98021
1	121	74	124.727	73.6885	3.74012
1	121	74	109.553	83.0039	14.5638
1	121	74	122.564	73.9079	1.56664
1	121	74	121.43	73.8365	0.45985
1	121	74	120.516	78.3977	4.42426
1	121	74	109.484	82.9505	14.5854
1	121	74	122.433	74.1736	1.44397
1	121	74	121.334	74.0163	0.334458
1	121	74	120.459	72.5085	1.5866
1	121	74	96.4838	97.4374	33.9169
1	121	74	127.755	79.3164	8.59622
1	121	74	118.496	76.1953	3.33037
1	121	74	128.983	80.6311	10.3778
1	121	74	105.128	96.8527	27.8241
1	121	74	123.504	75.4927	2.91533
1	121	74	122.332	73.8805	1.3373
1	121	74	124.327	74.1708	3.33138
1	121	74	123.852	76.1749	3.58634
1	121	74	111.702	97.4246	25.2026
1	121	74	123.219	76.3799	3.25362
1	121	74	124.952	77.5761	5.32965
1	121	74	125.589	79.9074	7.48036
1	121	74	115.468	90.8331	17.7189
1	121	74	121.864	74.0701	0.866358
1	121	74	107.77	97.4214	26.8995
1	121	74	122.262	75.8726	2.25801
1	121	74	121.963	72.6347	1.67059
1	121	74	120.208	77.0086	3.11108
1	121	74	135.414	84.2612	17.6931
1	121	74	102.073	97.1947	29.9368
1	121	74	113.667	70.7068	8.03885
1	121	74	122.544	73.4144	1.65177
1	121	74	119.706	76.0492	2.42336
1	121	74	138.929	87.0345	22.1663
1	121	74	119.843	76.3414	2.61185
1	121	74	124.088	74.3209	3.10428
1	121	74	121.332	75.919	1.94747
1	121	74	107.627	96.4772	26.1546
1	121	74	124.595	74.1966	3.60026
1	121	74	120.907	73.2457	0.760064
1	121	74	125.107	74.9065	4.20564
1	121	74	139.417	85.3841	21.6515
1	121	74	121.093	75.4666	1.46952
1	121	74	110.783	93.5305	22.0413
1	121	74	117.256	75.3788	3.98984
1	121	74	127.04	79.8596	8.41499
1	121	74	127.478	77.9354	7.58009
1	121	74	121.232	73.2262	0.80771
1	121	74	123.576	75.6989	3.08542
1	121	74	121.933	77.6449	3.76244
1	121	74	122.147	75.4623	1.85872
1	121	74	122.248	75.5179	1.96505
1	121	74	126.497	66.524	9.27921
1	121	74	122.922	74.3155	1.94807
1	121	74	120.644	75.1004	1.15641
1	121	74	122.405	78.3178	4.54057
1	121	74	136.843	85.268	19.4417
1	121	74	123.899	76.016	3.53078
1	121	74	122.267	75.4422	1.9198
1	121	74	120.979	75.781	1.78114
1	121	74	109.157	97.3598	26.1903
1	121	74	118.522	75.3251	2.81012
1	121	74	110.512	97.3478	25.5954
1	121	74	138.094	83.8064	19.707
1	121	74	119.486	75.584	2.19098
1	121	74	118.379	76.1847	3.41189
1	121	74	121.579	77.2953	3.34583
1	121	74	122.434	76.7656	3.11544
1	121	74	118.687	74.7367	2.42789
1	121	74	123.398	77.5936	4.32002
1	121	74	125.121	75.8874	4.53287
1	121	74	122.564	76.8772	3.27459
1	121	74	127.071	79.1094	7.93478
1	121	74	119.209	74.4748	1.85323
1	121	74	121.472	75.9136	1.97087
1	121	74	105.923	94.0007	25.047
1	121	74	123.98	79.8071	6.52683
1	121	74	114.425	86.7875	14.379
1	121	74	120.821	74.5155	0.545832
1	121	74	121.148	77.5542	3.55727
1	121	74	127.134	80.1986	8.72059
1	121	74	122.68	75.3784	2.17315
1	121	74	103.194	97.4388	29.4351
1	121	74	139.903	83.4069	21.1141
1	121	74	119.946	76.0957	2.34571
1	121	74	122.045	75.7011	1.99637
1	121	74	110.143	95.7264	24.2879
1	121	74	100.563	97.4383	31.097
1	121	74	126.666	80.4728	8.60213
1	121	74	113.384	85.9794	14.1956
1	121	74	101.557	79.7138	20.265
1	121	74	120.831	76.6798	2.68512
1	121	74	115.502	87.2863	14.3787
1	121	74	99.5258	80.1951	22.35
1	121	74	107.438	97.3368	26.9914
1	121	74	123.394	77.0848	3.90477
1	121	74	118.967	74.9112	2.22774
1	121	74	119.324	73.4936	1.75045
1	121	74	131.468	80.1209	12.1266
1	121	74	120.686	72.7028	1.33456
1	121	74	122.193	73.8152	1.20728
1	121	74	118.619	80.0196	6.47341
1	121	74	108.616	96.5099	25.6915
1	121	74	125.827	66.9694	8.52819
1	121	74	106.526	92.3122	23.3415
1	121	74	112.672	84.6429	13.5139
1	121	74	119.213	75.9661	2.65695
1	121	74	119.793	74.0014	1.2072
1	121	74	110.835	83.4995	13.9131
1	121	74	117.462	74.9304	3.65856
1	121	74	122.996	75.3899	2.43254
1	121	74	119.627	75.5366	2.06066
1	121	74	120.877	76.3294	2.33263
1	121	74	108.747	97.369	26.3864
1	121	74	109.154	92.8728	22.2823
1	121	74	121.245	76.3367	2.34954
1	121	74	123.609	76.3417	3.50544
1	121	74	119.22	73.6727	1.80965
1	121	74	123.908	74.8536	3.03109
1	121	74	120.244	75.4682	1.65157
1	121	74	119.504	77.274	3.59943
1	121	74	105.395	93.5227	24.9928
1	121	74	119.7	75.53	2.00803
1	121	74	137.906	84.9263	20.1293
1	121	74	137.248	86.147	20.2865
1	121	74	120.142	74.3918	0.94306
1	121	74	121.973	75.344	1.65925
1	121	74	122.2	74.1686	1.21173
1	121	74	124.042	74.8143	3.14868
1	121	74	80.0014	46.6546	49.2814
1	121	74	93.8708	97.4369	35.8508
1	121	74	121.352	75.5119	1.55244
1	121	74	122.326	73.979	1.3265
1	121	74	115.051	87.2746	14.5466
1	121	74	91.1356	89.7854	33.7796
1	121	74	123.831	75.3121	3.11996
